0.00027466,-0.0016785,-0.0016174,0.00085449,0.00033569,0.0011139
0.00022888,-0.0026703,-0.0015259,0.0007019,0.00050354,0.00059509
9.1553e-05,-0.0015259,-0.00053406,-0.00021362,0.00018311,0.00079346
0.00079346,0.0011597,-0.00036621,0.00032043,0.00093079,0.00012207
0.0013123,0.0017242,0.00079346,0.00064087,0.00057983,-0.00056458
-0.00018311,0.00090027,0.0013733,0.00082397,-0.00099182,-0.0013275
-0.0014648,0.00030518,-0.00074768,0.00027466,-0.0013123,-0.0023804
-0.00085449,-0.0011139,-0.0023499,-0.0017242,-0.0032959,-0.0032196
-0.0010681,-0.0022736,-0.0020294,-0.0036011,-0.0050659,-0.0025482
-0.0016327,-0.0023804,-0.00354,-0.0039978,-0.0038605,-0.0013123
-0.0014191,-0.0021362,-0.00383,-0.0022583,-0.0031281,-0.0027161
-0.0018768,-0.0020142,-0.0007782,-0.00065613,-0.0032043,-0.0033569
-0.0024567,-0.001297,0.00039673,-0.0010223,-0.0024872,-0.0028076
-0.0032959,-0.0007019,0.00076294,-0.00074768,-0.00177,-0.0044861
-0.004837,-0.0015259,0.00062561,0.00012207,-0.0036621,-0.0058136
-0.0050964,-0.0035095,-0.0024414,-0.00088501,-0.0068512,-0.0065308
-0.0052185,-0.0057831,-0.0054474,-0.0036011,-0.0066986,-0.0071411
-0.0065918,-0.0058746,-0.0068665,-0.0062408,-0.0059052,-0.0055084
-0.0062561,-0.0059662,-0.0080719,-0.0078125,-0.0069122,-0.0052032
-0.0061035,-0.0074768,-0.0090942,-0.0081177,-0.0085297,-0.0077209
-0.0086517,-0.0072632,-0.0094604,-0.0075073,-0.011047,-0.0092926
-0.0099792,-0.0081787,-0.0098572,-0.0078583,-0.0121,-0.010498
-0.010025,-0.010284,-0.01088,-0.0090942,-0.011353,-0.01091
-0.0094452,-0.0095062,-0.011215,-0.0094452,-0.010483,-0.0086823
-0.0071259,-0.0084076,-0.010284,-0.0080261,-0.0085449,-0.0062408
-0.0068359,-0.0077362,-0.0099487,-0.0066833,-0.0070496,-0.0068817
-0.0094147,-0.0069733,-0.0097656,-0.0062714,-0.0091095,-0.0091705
-0.010818,-0.0096741,-0.0087891,-0.0058746,-0.011627,-0.009079
-0.010574,-0.012924,-0.010742,-0.0071106,-0.01059,-0.0095062
-0.011902,-0.013214,-0.012878,-0.0069275,-0.0094299,-0.011337
-0.013611,-0.013275,-0.011536,-0.0047607,-0.010025,-0.010559
-0.01268,-0.014267,-0.012131,-0.0055084,-0.0096741,-0.0099335
-0.012817,-0.013977,-0.013336,-0.006424,-0.0086212,-0.010483
-0.014282,-0.012924,-0.011581,-0.005661,-0.0088806,-0.010315
-0.01265,-0.012741,-0.010925,-0.0058289,-0.0099182,-0.010651
-0.011093,-0.011185,-0.011093,-0.0062866,-0.011124,-0.011398
-0.011215,-0.010468,-0.010452,-0.0063934,-0.012741,-0.011475
-0.010956,-0.012009,-0.011795,-0.006424,-0.012787,-0.010849
-0.01178,-0.01358,-0.013718,-0.0062256,-0.011047,-0.011703
-0.013,-0.013702,-0.013382,-0.005722,-0.0096588,-0.012085
-0.012192,-0.011169,-0.011154,-0.0045471,-0.0085754,-0.0103
-0.010422,-0.0097656,-0.0094147,-0.0042267,-0.0078735,-0.0099487
-0.009613,-0.0091858,-0.0086517,-0.0037689,-0.0077209,-0.008316
-0.0085144,-0.0079346,-0.0066223,-0.0014801,-0.0074158,-0.0057983
-0.0077209,-0.007782,-0.006134,-0.0010376,-0.00737,-0.0067749
-0.0084991,-0.0080261,-0.0081177,-0.0014801,-0.0072174,-0.0071411
-0.008255,-0.009903,-0.0080566,-0.00088501,-0.0060272,-0.0057831
-0.0072327,-0.0097961,-0.0074158,-0.0016937,-0.0040894,-0.0060577
-0.0073242,-0.0048065,-0.0071411,-0.0017242,-0.0041351,-0.0059814
-0.0062866,-0.0023956,-0.0037079,-7.6294e-05,-0.0055084,-0.0042419
-0.00354,-0.0033569,-0.00016785,0.0020447,-0.0042725,-0.0030212
-0.0014496,-0.0018158,0.0013275,0.0051727,-0.0010376,-0.0014648
0.00024414,0.0019073,0.003006,0.0083923,0.0020447,0.00050354
0.003006,0.0044403,0.0045471,0.0098267,0.004837,0.0030212
0.0064545,0.0055237,0.006424,0.0092621,0.0073547,0.0061951
0.007782,0.0076141,0.0078583,0.010101,0.0074615,0.0067749
0.0080109,0.0094757,0.0089569,0.011871,0.0069885,0.006485
0.0094147,0.0099182,0.011032,0.011978,0.008606,0.0072327
0.0083466,0.010544,0.01181,0.011902,0.009201,0.0074921
0.0067749,0.010056,0.011215,0.012054,0.0085907,0.0071411
0.0076294,0.0087891,0.010635,0.01207,0.0081024,0.0074158
0.0085144,0.0077515,0.0088654,0.0099182,0.007782,0.008194
0.0078735,0.0070953,0.0062103,0.0069885,0.0081024,0.0075073
0.0056915,0.0054626,0.0056915,0.0067444,0.0078278,0.0074005
0.0040436,0.0030823,0.0054626,0.0062561,0.0062256,0.0066681
0.0027771,0.0037079,0.0045166,0.0047302,0.0046387,0.0040741
0.0030518,0.0036926,0.0047302,0.0032959,0.0037231,0.0032043
0.0036621,0.0025787,0.0024719,0.0017242,0.0015106,0.0026703
0.0029602,0.0032043,0.00080872,0.0010529,0.00032043,0.0022278
0.0029907,0.0027008,0.0018921,0.0016632,0.002243,0.0024719
0.0025177,0.002243,0.0018921,0.0027008,0.0026855,0.0025024
0.0017242,0.0023499,0.0021362,0.0028076,0.0027924,0.0017242
0.0011444,0.0026398,0.0020142,0.0028839,0.0025787,-3.0518e-05
0.0016785,0.0023193,0.0016785,0.0020905,-0.00032043,0.00086975
0.002533,0.00062561,7.6294e-05,-0.00045776,-0.0014343,0.0024109
0.0028229,0.00019836,-0.0013733,-0.00085449,-0.00094604,0.0022125
0.0041504,0.00085449,0.00099182,0.00041199,0.00036621,0.0035248
0.0039825,0.0028687,0.0018311,0.00088501,0.0028839,0.004715
0.003952,0.0050049,0.0014648,0.0018768,0.0042877,0.0049133
0.006485,0.0058746,0.0035095,0.003067,0.0050507,0.0054474
0.0082855,0.006958,0.0061493,0.0039978,0.0045929,0.0065613
0.0089874,0.0072937,0.0074158,0.0058899,0.0053101,0.0090179
0.009491,0.0077667,0.0065308,0.0071564,0.0090485,0.0095062
0.0088348,0.0092621,0.0069885,0.0072174,0.010086,0.0087891
0.0086212,0.0091553,0.0089722,0.0082245,0.0082703,0.0099945
0.010162,0.0083008,0.008667,0.008255,0.0086365,0.0098267
0.0096436,0.008316,0.0075531,0.0069733,0.0097961,0.0089111
0.0071716,0.0070648,0.0075836,0.0060883,0.008606,0.0077515
0.0058746,0.0055695,0.006424,0.0045471,0.0053253,0.0059814
0.0049744,0.0045776,0.0044403,0.0029297,0.0034027,0.0058746
0.0039978,0.002533,0.002594,0.0016479,0.0046997,0.0055847
0.0020447,0.00056458,0.00010681,0.0011444,0.0042572,0.0042267
0.00042725,-0.00094604,-0.0015106,0.00041199,0.0022125,0.0023804
0.00048828,-0.0015564,-0.0025787,-0.002121,0.0016479,0.0011597
0.00177,-0.0019379,-0.002533,-0.0032196,0.00036621,0.0016479
0.0017395,-0.001709,-0.0013275,-0.0028534,-0.00027466,0.0015411
-0.0011749,0.0011444,-0.00033569,-0.0021973,-1.5259e-05,-0.00013733
-0.0020752,0.0018463,0.001358,-0.00065613,-0.00079346,-0.00093079
-0.001236,0.0007782,0.0019531,-0.00036621,-0.0011902,-0.0014038
-0.0010376,0.0017395,0.0018616,-0.00079346,-0.0012512,-0.0030823
-0.00071716,0.0018311,0.0024872,-0.00019836,-0.0014954,-0.0023804
-0.00047302,0.001709,0.0023346,0.0013123,0.00019836,3.0518e-05
0.0010834,0.0027008,0.0035553,0.0037689,0.0024261,0.00057983
0.0025787,0.0040283,0.0075836,0.0061798,0.0027161,0.00091553
0.0040588,0.005188,0.010544,0.0067902,0.0041351,0.003006
0.0063782,0.0069275,0.010284,0.0057678,0.0065613,0.0063019
0.0072021,0.0099182,0.010101,0.0067902,0.008194,0.0080872
0.0091248,0.010742,0.011185,0.009903,0.010117,0.0086823
0.011368,0.010361,0.011444,0.010162,0.012192,0.0095978
0.010513,0.011368,0.011017,0.0088196,0.011795,0.010071
0.010178,0.01062,0.011261,0.0075226,0.0092316,0.010162
0.009552,0.008316,0.010315,0.0047302,0.0074158,0.0085144
0.0073853,0.0074005,0.0072937,0.0034027,0.0061646,0.0074463
0.0071106,0.0060425,0.0050964,0.0022888,0.0065765,0.0074463
0.0065155,0.0052795,0.0036469,0.00082397,0.0063324,0.0055389
0.0045471,0.0055389,0.0037842,0.0019379,0.0044708,0.0046234
0.0031128,0.0032196,0.0036011,0.0012817,0.0046082,0.003891
0.0027924,0.0013733,0.0007019,-0.00039673,0.0041656,0.0027313
0.0039978,0.0014954,0.00054932,-0.00073242,0.0031586,0.0041962
0.0044098,0.0015869,0.0017395,-0.00050354,0.0044403,0.0060272
0.0036011,0.0015411,0.002182,0.0019989,0.005661,0.0056305
0.0024719,0.0019379,0.0045929,0.0030518,0.0054169,0.0036621
0.0010681,0.0024719,0.0053711,0.0018005,0.004425,0.0014801
0.00053406,0.0009613,0.0024719,0.00038147,0.0022888,-0.00080872
-0.00080872,-1.5259e-05,-0.0011292,-0.0017548,0.00032043,-0.0018005
-0.0034485,-0.00054932,-0.0024719,-0.0038757,-0.0015411,-0.0030823
-0.0049133,-0.0035248,-0.0022583,-0.0059204,-0.0048676,-0.0071411
-0.0060883,-0.0055084,-0.0029449,-0.0069122,-0.0078888,-0.009079
-0.0083008,-0.0056152,-0.005127,-0.0078583,-0.0088196,-0.0094604
-0.0092621,-0.0061646,-0.0082245,-0.009613,-0.0090332,-0.010651
-0.0083923,-0.0072021,-0.0094757,-0.010025,-0.0093842,-0.0091705
-0.0081177,-0.0091705,-0.0092926,-0.00914,-0.0080566,-0.0069885
-0.0082703,-0.010559,-0.0098419,-0.0082245,-0.0067444,-0.0066528
-0.0088043,-0.0091553,-0.0093536,-0.0081329,-0.0077057,-0.0061188
-0.0083923,-0.0081329,-0.0079346,-0.0084991,-0.0082703,-0.0060577
-0.006958,-0.0076904,-0.0079346,-0.0083466,-0.0075378,-0.0075073
-0.0076904,-0.0065613,-0.0083466,-0.007431,-0.0068665,-0.0073547
-0.0079193,-0.0077972,-0.0080719,-0.0072479,-0.0066376,-0.0063324
-0.0081482,-0.0099335,-0.0093231,-0.0077057,-0.0069122,-0.0070038
-0.0092316,-0.010864,-0.010498,-0.006897,-0.0068054,-0.0076752
-0.0085907,-0.010071,-0.010086,-0.0067596,-0.0078888,-0.0074615
-0.0080414,-0.009201,-0.010712,-0.0080109,-0.0094604,-0.0075531
-0.0084991,-0.0094604,-0.010071,-0.0083313,-0.0083618,-0.0086365
-0.0098419,-0.0089111,-0.0083313,-0.0073242,-0.0082245,-0.00914
-0.009964,-0.0093689,-0.0087738,-0.006485,-0.0087738,-0.008667
-0.0089569,-0.0093384,-0.009491,-0.0067291,-0.0076752,-0.0083466
-0.0081329,-0.0079193,-0.0094147,-0.0068817,-0.007431,-0.0068817
-0.0063324,-0.0081177,-0.0089722,-0.0070801,-0.0071259,-0.0047607
-0.0051727,-0.0071411,-0.009201,-0.0069122,-0.0063629,-0.0039978
-0.0048065,-0.0055847,-0.0088806,-0.0049133,-0.0054626,-0.0035248
-0.0040283,-0.0062103,-0.0069275,-0.0031891,-0.0042877,-0.0030518
-0.003418,-0.0055847,-0.0057678,-0.0021515,-0.0031891,-0.0029602
-0.0028076,-0.0031738,-0.0036774,-9.1553e-05,-0.00076294,-0.0016327
-0.0020752,-0.0020447,-0.0013428,0.0016022,6.1035e-05,-0.0012512
-0.0029297,-0.0022278,-0.0012054,0.0024414,-0.0015411,-0.0018158
-0.0033417,-0.0032043,-0.0017242,0.0015869,-0.0012665,-0.00053406
-0.0028076,-0.0041809,-0.0036163,-0.00067139,-0.00033569,4.5776e-05
-0.0021973,-0.0034637,-0.0046387,-0.00059509,0.00083923,0.00033569
0.00012207,-0.0016937,-0.0028839,0.00071716,0.0014648,0.0015259
0.0011139,-0.00015259,-0.0013428,0.0010986,-0.00036621,0.0014496
0.0011139,0.0004425,-0.00079346,0.0014496,-0.00048828,0.00091553
0.0010986,0.0010071,4.5776e-05,0.0023651,0.00097656,0.0010986
0.0005188,0.0020447,0.0017548,0.0034637,0.0010071,0.001358
0.0012054,0.0017395,0.0028534,0.0037079,0.0015411,0.0018616
0.0016937,0.0012512,0.0028381,0.0037689,0.0020294,0.0019379
0.00099182,0.0026245,0.0035858,0.0045166,0.00036621,0.0013885
0.00024414,0.0036621,0.0053558,0.0050964,-0.00010681,0.00086975
0.00050354,0.0027161,0.0048981,0.0044861,0.00079346,-0.0013123
0.00086975,0.0017853,0.0021515,0.0032654,-0.00062561,-0.0025787
0.00050354,0.0011444,0.0010223,0.0015564,-0.0015106,-0.0010681
-6.1035e-05,0.0019226,0.00062561,0.00042725,9.1553e-05,-0.00038147
4.5776e-05,0.0029602,0.0017395,0.0019531,0.0011444,-0.00010681
0.0013885,0.0020905,0.0042267,0.0041962,0.00177,0.00036621
0.0021057,0.0030975,0.0038757,0.0052032,0.0024567,0.0015869
0.0033722,0.0039368,0.0039063,0.0048828,0.0030518,0.0036163
0.0061188,0.0036621,0.0047455,0.0035095,0.0049744,0.0047302
0.0071106,0.0062408,0.0029755,0.0022736,0.006073,0.007019
0.0078888,0.0072937,0.0022278,0.0018158,0.0049438,0.0082092
0.0079498,0.0055542,0.0037384,0.0018311,0.0022125,0.0049591
0.0041199,0.0036774,0.0043488,0.0022583,-0.00047302,0.0018463
0.001358,0.0018616,0.0024261,0.001358,-0.00074768,0.00099182
0.0018311,0.0012054,0.00024414,-0.00083923,-0.00028992,0.0012054
0.0017548,0.00097656,0.0007019,-0.00080872,1.5259e-05,0.00097656
0.00076294,0.001358,0.00091553,0.00010681,-0.00097656,-0.00090027
0.00035095,0.00082397,-0.00018311,-0.00083923,-0.0028229,-0.00082397
0.00033569,-0.0010681,-0.0010986,-0.0024414,-0.0026398,0.00057983
-0.00032043,4.5776e-05,-0.0012054,-0.0027008,-0.0017853,-0.00045776
-0.0010071,0.001358,-0.00062561,-0.0016022,-0.00080872,-0.0010986
-0.0012512,-0.00039673,-0.00083923,-0.0005188,0.00065613,0.00048828
-0.00053406,-0.001358,-0.00053406,0.00093079,0.0018463,0.0022736
0.0015106,0.00013733,0.00076294,0.0021973,0.0032654,0.0037689
0.0036926,0.002655,0.0025787,0.0032959,0.0045471,0.0048828
0.0048981,0.0041046,0.0051422,0.0052338,0.004776,0.0051575
0.0051117,0.0054016,0.0064545,0.0062866,0.0048828,0.0053558
0.0054321,0.0075378,0.0071716,0.0064697,0.0045319,0.0050049
0.0054626,0.0083008,0.0084229,0.006134,0.0036926,0.003479
0.0055695,0.0075836,0.008255,0.0050049,0.0045776,0.0030518
0.0058136,0.0067596,0.0074921,0.0048218,0.0050201,0.0044861
0.0046234,0.0063934,0.0066681,0.0052795,0.0045166,0.0059509
0.0041046,0.0063782,0.0053253,0.0051117,0.0064697,0.0060883
0.0056915,0.0057526,0.0053558,0.005249,0.007843,0.0054169
0.0062866,0.0049591,0.0052795,0.0050964,0.0061188,0.0059814
0.0061188,0.0057526,0.0048523,0.00354,0.0056915,0.007309
0.0071411,0.0059052,0.0058746,0.0027618,0.0063629,0.0068207
0.0063477,0.0040588,0.0057831,0.0028229,0.0039368,0.0051727
0.0037842,0.0039673,0.0050201,0.0025024,0.0019379,0.004364
0.0032196,0.004425,0.0056915,0.0024261,0.0030975,0.0035248
0.0042114,0.0039825,0.0053558,0.0024567,0.0034027,0.0030518
0.0055237,0.005722,0.0053406,0.0025482,0.0041504,0.0048218
0.0074615,0.0075073,0.0072784,0.002533,0.0066681,0.0069275
0.0089264,0.0083008,0.0074005,0.0037384,0.0075226,0.0082092
0.0093231,0.0092316,0.0066223,0.005188,0.0075531,0.0082703
0.0090179,0.0081329,0.0069122,0.005127,0.0073395,0.0065613
0.0074005,0.0060425,0.0061035,0.0046082,0.0063782,0.0061035
0.0054321,0.0037079,0.004837,0.0025024,0.0058289,0.0060883
0.0032349,0.0019531,0.0032501,0.0007019,0.0050964,0.0044861
0.00074768,0.0015106,0.0016327,0.0010223,0.0040131,0.0026703
-0.00045776,6.1035e-05,0.0014648,3.0518e-05,0.0019379,0.0011292
-0.0009613,-0.00074768,-0.00010681,-0.0021362,-0.00057983,-0.00047302
-0.0014343,-0.0014343,-0.0016022,-0.0026703,-0.002121,-0.0022888
-0.0021515,-0.0031891,-0.0014343,-0.0029602,-0.00177,-0.0023346
-0.0036774,-0.0029907,-0.0028229,-0.0041504,-0.00054932,-0.0017853
-0.0046692,-0.0029755,-0.0038605,-0.0043793,-0.0025177,-0.0028076
-0.0047913,-0.0047302,-0.0037231,-0.0050659,-0.00383,-0.0035706
-0.0048523,-0.0044098,-0.0041504,-0.0055237,-0.003067,-0.0039368
-0.0037994,-0.0030823,-0.0036011,-0.0040131,-0.003891,-0.004303
-0.0026398,-0.0039063,-0.0020447,-0.003418,-0.0037537,-0.0049896
-0.0031433,-0.0036011,-0.0020599,-0.0031891,-0.0038757,-0.0041962
-0.0039978,-0.0019531,-0.0027313,-0.0034943,-0.0041046,-0.0027771
-0.0036011,-0.0015717,-0.0023499,-0.0045929,-0.0034027,-0.0036316
-0.0020752,-0.0013123,-0.0015106,-0.0039215,-0.0047302,-0.0037537
-0.0013275,-0.0013428,-0.0010834,-0.0028839,-0.0053406,-0.003952
-0.0011902,-0.001358,-0.0010529,-0.0021515,-0.0040131,-0.0038757
-0.0004425,-0.00032043,-0.00065613,-0.001236,-0.0029602,-0.0014038
-0.00061035,0.00016785,-0.0016174,-0.0010071,-0.0018158,-0.0011444
-0.0010681,-0.00041199,-0.0025635,-0.0012665,-0.0013428,-0.0017853
7.6294e-05,-0.00093079,-0.00093079,-0.0014038,-0.00177,-0.00035095
0.00073242,-0.00048828,0,-0.00041199,-0.00091553,0.00080872
0.00035095,0.00064087,-0.00035095,0.00018311,0.00059509,0.0017853
0.0012512,0.00086975,-0.0002594,-0.0011444,0.0011292,0.002655
0.0026855,0.00064087,-0.0010223,-0.0018768,0.00071716,0.002594
0.0032654,0.0014648,-0.0018158,-0.0012054,3.0518e-05,0.0030823
0.00383,0.0017242,-0.0019989,-0.0016327,0,0.00383
0.0035706,-0.00035095,-0.0023956,-0.0022278,0.00035095,0.0032043
0.0016327,-0.0013428,-0.0010071,-0.00057983,0.00047302,0.0020447
-7.6294e-05,-0.00016785,0.00088501,0.00039673,0.00030518,0.00027466
-0.0012817,0.00013733,-0.00027466,-0.00035095,-6.1035e-05,-0.0016632
-0.0022888,-0.00068665,-0.002182,-0.0012207,-0.00073242,-0.002182
-0.002182,-0.0024872,-0.0030518,-0.0025482,-0.0016785,-0.0018158
-0.0018768,-0.0036926,-0.0036774,-0.0028839,-0.0015564,-0.00027466
-0.0012665,-0.0031128,-0.003418,-0.0024261,-0.00062561,0.00090027
1.5259e-05,-0.0012512,-0.002121,-0.0013885,-0.00088501,0.0014648
0.0015106,3.0518e-05,-0.00086975,0.0012512,-6.1035e-05,0.0023193
0.0025177,-0.00028992,-6.1035e-05,0.0028992,0.0026855,0.0020905
0.0016937,0.001236,0.0019684,0.0029144,0.0041199,0.0023499
0.001709,0.0041962,0.0049438,0.0035553,0.0039368,0.0025024
0.0029907,0.0052643,0.0059967,0.0042419,0.0034943,0.0020599
0.0031281,0.0048676,0.0058441,0.0041656,0.0027924,0.0033112
0.0046387,0.0049286,0.0058899,0.0040436,0.0031891,0.0043488
0.0057983,0.0061188,0.004776,0.0040131,0.004837,0.0033417
0.0046997,0.0063629,0.004776,0.0038147,0.0052643,0.0026703
0.0042114,0.0054016,0.0060272,0.0036621,0.0038605,0.0027313
0.0028381,0.004837,0.0055847,0.0023956,0.0014038,0.0012665
0.0014496,0.0033722,0.0034637,-0.00041199,3.0518e-05,6.1035e-05
0.00071716,0.00056458,-0.00093079,-0.0017548,0.00033569,0.00071716
-0.0015411,-0.0020905,-0.0031433,-0.0016174,0.00042725,0.00079346
-0.0026245,-0.0041351,-0.0028229,-0.0028687,4.5776e-05,-0.00047302
-0.0032043,-0.0057373,-0.0054016,-0.0044861,-0.0012817,-0.0019226
-0.0061035,-0.006958,-0.0072021,-0.0053711,-0.003418,-0.0042877
-0.0089417,-0.008667,-0.0076752,-0.006134,-0.0049896,-0.0067749
-0.0093384,-0.010468,-0.0098419,-0.0073395,-0.0070648,-0.0076294
-0.0091705,-0.010956,-0.011047,-0.0094604,-0.0092621,-0.0083008
-0.010544,-0.011215,-0.011154,-0.010971,-0.0093384,-0.0087128
-0.010788,-0.011414,-0.011993,-0.011826,-0.0091553,-0.0082703
-0.0099945,-0.011093,-0.013123,-0.011688,-0.010483,-0.0087585
-0.011017,-0.011322,-0.012711,-0.010086,-0.011459,-0.010376
-0.011841,-0.011719,-0.011444,-0.00914,-0.010483,-0.010971
-0.011612,-0.01152,-0.011475,-0.0085754,-0.0090179,-0.010101
-0.010284,-0.0099335,-0.010635,-0.0067139,-0.009079,-0.0090942
-0.0071869,-0.006958,-0.0081024,-0.0046844,-0.0087891,-0.0083008
-0.0052032,-0.0054474,-0.0059967,-0.0049744,-0.0074921,-0.0082855
-0.0047607,-0.0047302,-0.0045776,-0.0048828,-0.0076294,-0.0072784
-0.0037689,-0.0019989,-0.0033264,-0.0030365,-0.0075531,-0.0046997
-0.002182,-0.00080872,-0.0018921,-0.0025635,-0.0050049,-0.0026398
-0.0012054,-0.0018768,-0.0011292,-0.00053406,-0.002121,-0.0015717
-0.0018158,-0.0011749,-0.0011292,0.0026398,-0.0009613,-0.0020142
-0.0013885,0.00048828,-0.00039673,0.0029907,-0.00019836,-0.0020294
0.00068665,0.0016174,0.00079346,0.0027618,0.00079346,-0.00099182
0.00015259,0.0020905,0.0015411,0.002655,-4.5776e-05,-0.00016785
-0.00039673,0.00083923,0.0019684,0.0021057,-0.00061035,0.00030518
0.00032043,-0.0010529,0.0004425,0.00083923,-0.00047302,-0.00074768
-0.0015564,-0.0015869,-0.0022583,-0.0010376,-0.0018463,-0.0011749
-0.0028076,-0.0031738,-0.002594,-0.0017548,-0.0023499,-0.00090027
-0.0036316,-0.0053558,-0.0032349,-0.0012207,-0.0028076,-0.0029449
-0.0057983,-0.0045013,-0.0039673,-0.00061035,-0.0040283,-0.0052185
-0.0060272,-0.0032349,-0.002182,-0.0012512,-0.0042419,-0.0054169
-0.0050659,-0.0032196,-0.0020752,-0.0023346,-0.0038605,-0.0042114
-0.0039978,-0.0033264,-0.002655,-0.0020905,-0.0035706,-0.0032501
-0.0030365,-0.0025482,-0.00097656,-0.00047302,-0.0035248,-0.0037079
-0.0030212,0.00018311,0.00021362,0.00074768,-0.003067,-0.0040894
-0.0032043,0.0019073,0.00068665,0.0010986,-0.0025177,-0.0033112
-0.003006,0.0011444,0.0015869,0.0016785,-0.0015869,-0.0035706
-0.0021057,0.00022888,0.0021362,0.0025024,-0.0015106,-0.0042267
-0.00099182,0.00088501,0.0034637,0.0033112,-0.0020142,-0.0019379
0.00010681,0.0018616,0.0038757,0.0031433,-0.00033569,0.00073242
0.0013428,0.0021973,0.0028076,0.0040894,0.001236,0.00091553
0.00076294,0.0029144,0.0039215,0.0054779,0.0024109,0.00019836
-0.00022888,0.0024872,0.003891,0.0046844,0.0032501,0.00024414
0.0015869,0.0011902,0.0024872,0.0042114,0.0021362,0.0023651
0.0029755,0.0002594,0.0015564,0.00354,0.002594,0.0035095
0.0015411,-0.00074768,0.00019836,0.0027466,0.0036621,0.0026245
0.0010071,-0.00071716,0.0005188,0.0021973,0.0022583,0.0033722
0.0024261,0.00085449,-0.00091553,0.00050354,0.0014191,0.0039673
0.0040131,0.00048828,-0.0032959,-0.00030518,0.0014801,0.0037537
0.0042114,-0.001297,-0.0028839,-0.00050354,0.00083923,0.0038452
0.0017395,-0.00039673,-0.0024567,-0.00033569,0.00030518,0.0017853
-0.00027466,-0.00068665,-0.002533,-9.1553e-05,0.00018311,-0.00038147
-0.00033569,-0.0020599,-0.003006,-0.0016479,-0.0002594,1.5259e-05
-0.00054932,-0.0010834,-0.003418,-0.0033264,-0.0015564,3.0518e-05
-0.00093079,-0.0014496,-0.0032654,-0.0040588,-0.0029449,-0.0012207
-0.0027313,-0.002182,-0.0039368,-0.0037231,-0.003952,-0.003067
-0.0060272,-0.0037842,-0.0046844,-0.0022278,-0.0050354,-0.0059967
-0.008606,-0.0074768,-0.0056,-0.0020294,-0.0058899,-0.0071869
-0.0088501,-0.0083008,-0.0069275,-0.0037994,-0.0048218,-0.0059357
-0.0069885,-0.0072021,-0.006546,-0.0042419,-0.0033569,-0.0049744
-0.0068817,-0.0057526,-0.0053101,-0.0027771,-0.0045013,-0.0055695
-0.0079193,-0.0046234,-0.0037384,-0.0019684,-0.005661,-0.0063782
-0.0067902,-0.0050049,-0.0021362,-0.0017548,-0.0057831,-0.0062256
-0.0051422,-0.0044556,-0.0028839,-0.0014038,-0.0061646,-0.0064545
-0.0039215,-0.0037079,-0.0045319,-0.0014343,-0.0053101,-0.0055389
-0.0036163,-0.0042114,-0.0043488,-0.0020752,-0.0053558,-0.0036926
-0.0050201,-0.0050201,-0.0037537,-0.0027771,-0.0063019,-0.005249
-0.0076599,-0.0042725,-0.0048523,-0.0034027,-0.0068359,-0.0092621
-0.0091858,-0.0038757,-0.0059052,-0.0045319,-0.0090179,-0.010635
-0.0068512,-0.0062561,-0.0071869,-0.006424,-0.00914,-0.0083618
-0.0047913,-0.0076752,-0.010727,-0.0076599,-0.0078125,-0.0062103
-0.0055847,-0.0075836,-0.011902,-0.0074615,-0.0097198,-0.0050812
-0.0055084,-0.0078278,-0.010406,-0.0081177,-0.0093536,-0.0036774
-0.0039673,-0.0071411,-0.010971,-0.0083008,-0.0057678,-0.0026398
-0.0033112,-0.0053558,-0.010056,-0.0049286,-0.0042572,-0.0030823
-0.0034332,-0.0040588,-0.0060577,-0.00177,-0.0051727,-0.0046082
-0.0016785,-0.0036774,-0.0043335,-0.0024109,-0.0066528,-0.004837
-0.00083923,-0.0028534,-0.0047455,-0.0035095,-0.0066986,-0.0036774
-0.0024414,-0.0017242,-0.0037689,-0.0025177,-0.0054016,-0.0029144
-0.0024719,-0.00082397,-0.0029907,-0.0014954,-0.0037384,-0.0026245
-0.0015869,-0.0011597,-0.0029602,-0.0010986,-0.0028687,-0.0012512
-0.0010223,-0.0018921,-0.0032196,-0.00083923,-0.0031891,-0.00053406
-0.0016937,-0.0016937,-0.0031891,0.00012207,-0.0037384,-0.0031281
-0.0030518,-0.0025635,-0.0017853,0.0018158,-0.0040436,-0.0042877
-0.0026245,-0.0030518,-0.0018311,0.0010834,-0.0031128,-0.0028534
-0.0024414,-0.0023956,-0.0027161,-0.0009613,-0.0021057,-0.0022125
-0.0029602,-0.0024261,-0.0029144,-0.0009613,-0.0029297,-0.0014343
-0.0021515,-0.0022888,-0.0034485,-0.00024414,-0.0036774,-0.0014648
-0.0014038,-0.0019836,-0.0031281,0.0009613,-0.0025635,-0.002533
-0.0029602,-0.0012054,-0.0014038,0.0032959,-6.1035e-05,-0.0027313
-0.0042725,-0.00076294,0.00085449,0.0049133,0.0020905,-0.0023346
-0.0034027,-0.0012817,0.0017242,0.0055695,0.0018616,-0.0012817
-0.0007019,-0.0007019,0.0017853,0.0051727,0.0015564,0.0018005
0.0033112,0.00050354,0.0024567,0.0046234,0.0032196,0.0052032
0.0039673,0.0023804,0.0018768,0.0055237,0.0046997,0.0054932
0.0045471,0.003952,0.0019684,0.0061035,0.0050354,0.0055084
0.0066833,0.0037689,0.0033417,0.0058289,0.0059204,0.0067291
0.004837,0.0045166,0.0041046,0.0066528,0.0070801,0.0063171
0.004364,0.0052795,0.0073547,0.0085754,0.0068512,0.0054321
0.0061188,0.0057373,0.0090637,0.0093994,0.007309,0.0069275
0.0059662,0.0057831,0.0067139,0.0089111,0.0091705,0.0091095
0.0054321,0.0048523,0.00737,0.0093384,0.0098877,0.0088196
0.0056763,0.0065613,0.0087891,0.010132,0.0095062,0.0080719
0.0066833,0.0080414,0.0074921,0.0089417,0.0095825,0.0073242
0.00737,0.0077972,0.0067902,0.0064392,0.0091248,0.0068512
0.0081635,0.008194,0.0066681,0.0050201,0.0067444,0.0084839
0.0081787,0.007782,0.007019,0.0059204,0.0054016,0.0085754
0.0077209,0.0074615,0.0083923,0.0068207,0.0078278,0.0076294
0.0082703,0.0084076,0.0094604,0.0081177,0.010864,0.0097961
0.0092773,0.0093231,0.010269,0.011353,0.01123,0.011108
0.010132,0.0093689,0.011353,0.012115,0.011124,0.0094147
0.0090027,0.0097351,0.011398,0.0097656,0.011292,0.0087738
0.0079346,0.0094452,0.0096588,0.007019,0.0097504,0.0087891
0.0086517,0.0076447,0.0074768,0.0044861,0.0085907,0.0091095
0.0095673,0.0066071,0.0053253,0.0032501,0.0080719,0.010345
0.0098114,0.0063477,0.0044556,0.0034485,0.0072021,0.0094147
0.0080414,0.0058746,0.0052185,0.0040131,0.0076294,0.0074768
0.0053711,0.004837,0.0052338,0.0041351,0.0073395,0.0063782
0.0035706,0.0035706,0.0046692,0.0035248,0.0053711,0.0051727
0.0036774,0.0035858,0.0049744,0.0020752,0.0051422,0.0054626
0.0048523,0.0043182,0.0052948,0.0017242,0.0072021,0.0065308
0.0051727,0.0050049,0.0057373,0.0033722,0.0076294,0.006012
0.0056915,0.006897,0.0067749,0.0036316,0.0057373,0.0053406
0.0067291,0.0081177,0.0074005,0.0027466,0.004776,0.0049591
0.0066376,0.0070496,0.0079041,0.0040741,0.0034027,0.0035553
0.0056305,0.0064392,0.0076294,0.0043945,0.0027313,0.0024567
0.0056,0.0071411,0.0063171,0.0022736,0.0057831,0.0029907
0.0066223,0.007431,0.006073,0.0015259,0.0071564,0.0055237
0.007843,0.0074615,0.0062408,0.0019684,0.0057373,0.0079803
0.0085754,0.0076447,0.0068817,0.0034485,0.0065613,0.0074005
0.0076599,0.0072632,0.0088196,0.0052338,0.0085602,0.0066528
0.0061493,0.0074463,0.0090027,0.0052032,0.0090637,0.0074768
0.0063782,0.0078735,0.0075684,0.0050964,0.0091248,0.0077209
0.0079803,0.0069122,0.0071259,0.0046539,0.010086,0.0081482
0.0075226,0.0058594,0.0065155,0.0031738,0.0093079,0.0093536
0.0061493,0.0058136,0.0061493,0.00383,0.0072327,0.0088043
0.0057373,0.0050659,0.0067596,0.0038605,0.0070953,0.0061951
0.0041809,0.0043335,0.0057068,0.0009613,0.006424,0.0039978
0.0031891,0.0043182,0.0038605,-0.00067139,0.0036621,0.0023346
0.002121,0.0025024,0.0023804,-0.0022736,-0.00038147,0.00099182
-0.00038147,-0.00015259,-0.00090027,-0.0050812,-0.0037079,-0.0010986
-0.0024719,-0.0031281,-0.0043488,-0.0076904,-0.0050812,-0.003952
-0.0048981,-0.0066986,-0.0067139,-0.010422,-0.0062714,-0.005188
-0.0073853,-0.0077667,-0.0083771,-0.011353,-0.0071259,-0.0070343
-0.0081177,-0.0072937,-0.0079498,-0.010117,-0.0082703,-0.0089111
-0.0070038,-0.0068359,-0.0066071,-0.0088959,-0.0082703,-0.0078125
-0.0064392,-0.0046844,-0.0049438,-0.0067596,-0.0059052,-0.0061798
-0.005722,-0.0028381,-0.0023499,-0.003891,-0.0035248,-0.0037384
-0.0032501,-0.0017395,-0.0010071,-0.0027313,-0.00065613,-0.00054932
7.6294e-05,1.5259e-05,-7.6294e-05,-0.0013733,0.0014191,0.00088501
0.0032806,0.00177,0.0019073,0.00079346,0.0018768,0.0028534
0.0046692,0.0028687,0.0027466,0.0015106,0.003067,0.005127
0.004776,0.003418,0.0022888,0.0015259,0.0038605,0.0034332
0.0032806,0.005188,0.0024261,0.002243,0.0032501,0.00097656
0.0012207,0.0042877,0.0033722,0.002594,0.0023499,0.0014801
0.0002594,-0.00022888,0.0025024,0.00097656,0.0022583,0.0017242
-0.00099182,-0.002182,-0.00018311,-0.00047302,0.0019684,0.00057983
-0.0020294,-0.0023041,-0.001358,-0.00086975,0.00010681,-0.00093079
-0.0022888,-0.0024872,-0.0023193,-0.0034332,-0.0022736,-0.0017853
-0.002182,-0.002121,-0.0048981,-0.0074158,-0.0051575,-0.0025482
-0.0027008,-0.0019684,-0.0057831,-0.008255,-0.0068512,-0.0046082
-0.0039368,-0.0028687,-0.0052338,-0.0075226,-0.0069275,-0.0056152
-0.0042877,-0.0042114,-0.006134,-0.0078583,-0.0076447,-0.0061493
-0.00354,-0.004425,-0.0047455,-0.0066681,-0.0076294,-0.0062103
-0.003067,-0.0038605,-0.0029449,-0.0054169,-0.0066528,-0.0044403
-0.0036011,-0.0034943,-0.0049591,-0.0055695,-0.0059814,-0.0044098
-0.003891,-0.0033569,-0.0054932,-0.0055695,-0.004776,-0.0043335
-0.0028229,-0.0036163,-0.0053406,-0.0046692,-0.0040894,-0.0035248
-0.0027466,-0.0039825,-0.004837,-0.0031128,-0.0043335,-0.0041046
-0.0045929,-0.0036774,-0.0029449,-0.0029449,-0.0032806,-0.003952
-0.0049744,-0.0038605,-0.0036011,-0.0036621,-0.0032654,-0.0043488
-0.003479,-0.0034637,-0.0028229,-0.0045166,-0.0051117,-0.0047302
-0.0021515,-0.0012512,-0.00177,-0.0041962,-0.0051422,-0.0043488
-0.0019684,-0.00012207,-0.0032654,-0.0027618,-0.0045624,-0.004364
-0.0016022,6.1035e-05,-0.0022583,-0.0020447,-0.0036621,-0.0029755
0.00027466,0.00090027,-0.00015259,-0.00076294,-0.0019684,-0.001236
0.0012207,0.0022888,0.001358,0.00082397,-0.00094604,-0.0007782
0.0018005,0.0026245,0.002533,0.0027618,0.00080872,0.0007019
0.0040588,0.002121,0.0029755,0.0039825,0.0027008,0.0036316
0.0047607,0.0037842,0.0041809,0.0033722,0.0041199,0.0052185
0.0051422,0.0052643,0.0048676,0.0033264,0.0053711,0.0058594
0.0067902,0.0051575,0.0040283,0.0035858,0.0043793,0.0051727
0.0055084,0.0053558,0.0036011,0.0027161,0.0025787,0.0032806
0.0028381,0.0038147,0.0028687,0.00086975,0.0016937,0.0019836
0.00073242,0.0009613,0.0007019,-3.0518e-05,0.00010681,0.0011597
-0.00074768,-0.0014038,-0.001297,-0.00071716,-0.00021362,0.00071716
-0.0015411,-0.0035706,-0.0035706,-0.0020294,0.00079346,-0.0013428
-0.0033112,-0.0051727,-0.0042419,-0.0014191,-0.00076294,-0.0030365
-0.0044098,-0.005249,-0.0027313,-0.0014648,-0.0023499,-0.002243
-0.0038757,-0.0032959,-0.0017853,-0.0033112,-0.0021667,-0.0026703
-0.0037231,-0.0011749,-0.0019073,-0.0029449,-0.0022278,-0.0035248
-0.0033417,-0.00062561,-0.0035553,-0.0019531,-0.0023651,-0.0039368
-0.0032349,-0.0020142,-0.0032806,-0.0025787,-0.0028992,-0.0045166
-0.0052795,-0.0042877,-0.0018921,-0.0028839,-0.003952,-0.004303
-0.0061188,-0.0052643,-0.0028076,-0.0027771,-0.0057526,-0.006958
-0.006424,-0.0049896,-0.0037384,-0.0032043,-0.0080414,-0.0094147
-0.0061188,-0.003952,-0.0041351,-0.004715,-0.0084991,-0.0068207
-0.0022125,-0.0024567,-0.0040283,-0.0060577,-0.006134,-0.0038147
1.5259e-05,-0.00033569,-0.003418,-0.0037384,-0.0027618,-0.002182
0.0005188,0.0017853,-0.0028381,-0.00010681,-3.0518e-05,-0.00021362
0.0018311,0.0020294,-0.0011597,0.00090027,0.00177,0.0019379
0.0020752,0.0016632,0.0015869,0.00094604,0.0014343,0.0025024
0.0027771,0.0021362,0.0019226,0.00093079,0.00065613,0.0023804
0.0042419,0.0025635,4.5776e-05,0.0013428,0.0018768,0.0040283
0.0049438,0.0021362,-0.00048828,0.0014801,0.0035706,0.005722
0.0041962,0.0020905,-0.00015259,0.00062561,0.0038757,0.0056
0.0029907,0.0013428,-0.0007782,0.0014801,0.0033722,0.0044556
0.001236,-0.0014801,-0.00177,0.0032806,0.0040436,0.0030518
0.00035095,-0.0027618,-0.0012512,0.0036926,0.0046539,0.0023041
0.0015564,-0.0016785,-0.00074768,0.0025177,0.0044098,0.0023193
0.0014954,-0.00082397,-0.0014954,0.00068665,0.0034027,0.003006
0.00074768,-0.0011902,-0.0020447,-0.00064087,0.0015411,0.0031738
-0.00019836,-0.00094604,-0.0016327,-0.00067139,0.00036621,0.00056458
-0.0012207,-0.00061035,-0.0010223,0,-0.00035095,-0.0011902
-0.00097656,-0.0019836,-0.0010986,-0.00033569,-0.00056458,-0.00019836
-0.0009613,-0.0016785,-0.00094604,-0.00091553,-0.0004425,0.00038147
-0.0014038,-0.00028992,-0.0009613,-0.0012665,-0.0004425,0.00039673
-0.00083923,0.00050354,-0.00032043,-0.00021362,-0.00053406,-0.00065613
0.0011597,0.0018768,0.0018921,0.0014343,-0.0010223,-0.0014343
0.0019531,0.0033417,0.0033417,0.0018921,-0.00064087,-0.00032043
0.0018921,0.0042877,0.0033722,0.0024872,0.0007782,0.0016785
0.0033264,0.0039215,0.0029755,0.0026703,0.0029602,0.0033722
0.0047913,0.0031738,0.0027771,0.0030823,0.0049286,0.0036316
0.0047607,0.0035248,0.00354,0.0040131,0.0052338,0.0048218
0.0035706,0.0041351,0.0053101,0.0040588,0.0056305,0.0061493
0.0037079,0.0041809,0.0051422,0.0035553,0.0062103,0.0051727
0.0037537,0.0040741,0.0039673,0.0028992,0.0049591,0.0040131
0.0032501,0.0031891,0.0037537,0.0016022,0.002594,0.0037079
0.0033569,0.0014954,0.0021515,0.00068665,0.0012665,0.003418
0.0024872,0.001709,0.0018311,0.00091553,0.00080872,0.0023499
0.0025024,0.0028229,0.0023499,7.6294e-05,0.00085449,0.0017548
0.002655,0.0021057,-1.5259e-05,-0.00033569,0.0019989,0.0018005
0.0016022,0.00042725,-0.0016785,0.00082397,0.0018005,0.0016785
0.00074768,-0.0016632,-0.00079346,0.00064087,0.00042725,0.0021362
-0.00016785,-0.0028381,-0.00062561,-0.00048828,-4.5776e-05,0.0011597
-0.0021973,-0.0023499,-0.0016479,-0.0010071,0.00016785,-0.0012512
-0.0030518,-0.0021973,-0.0010376,-0.0010681,4.5776e-05,-0.0023651
-0.0012207,-0.0019989,-0.00013733,-0.00067139,-0.0011902,-0.0025177
-0.0010834,-0.00048828,0.0005188,-0.00054932,-0.0017395,-0.0019684
-0.0014191,-0.00012207,0.0015411,-0.00083923,-0.0015259,-0.0013885
-0.00076294,-0.00056458,0.00074768,-0.00064087,-0.0011749,-0.0014801
-0.0010376,0.00076294,0.00057983,-0.00012207,0.00033569,-0.0010681
-0.00027466,0.0016022,0.0020599,0.00076294,0.00053406,0.00028992
0.0014496,0.0018311,0.0027618,0.0011139,0.00099182,0.0011749
0.0017548,0.0033569,0.0039825,0.0023956,0.0037079,0.0009613
0.00036621,0.0045929,0.0053253,0.0052185,0.003891,0.0009613
0.00018311,0.0032349,0.0050354,0.0048218,0.0034332,0.00041199
0.00068665,0.0011902,0.0040283,0.0028534,0.0034485,-0.00059509
-0.00047302,0.00093079,0.0032043,0.0017242,-0.0002594,-0.0012054
-0.0017548,-0.00035095,0.0015717,-0.0011292,-0.003418,-0.0016785
-0.0020599,-0.0021973,-0.0011749,-0.0033264,-0.00177,-0.0022583
-0.0019226,-0.0020294,-0.0017242,-0.0023499,-0.00027466,-0.0028229
-0.0026398,-0.0011749,-0.00057983,-0.00076294,-0.00097656,-0.0012512
-0.0026093,-0.00067139,-0.00045776,-0.00057983,0.00039673,1.5259e-05
-0.00093079,6.1035e-05,-0.00019836,-0.0007782,0.0016022,-0.001236
-0.00064087,0.00028992,0.00041199,0.0002594,-0.00073242,-0.0014496
-0.0014038,-0.0024872,0.00012207,0.00042725,-0.0016937,0
-0.0015411,-0.0053711,-0.0026093,-0.0010223,0.00033569,0.00064087
-0.0024872,-0.0057831,-0.003479,-0.0010834,0.0009613,0.00038147
-0.0034027,-0.0055237,-0.0015869,-0.0007782,-0.00021362,-1.5259e-05
-0.001709,-0.0030518,-0.0020752,-0.00024414,-1.5259e-05,-0.00080872
0.00062561,0.00024414,-0.0007782,0.0013275,0.0014648,-0.00061035
0.0015411,0.0013428,0.002182,0.0018158,0.0016937,-0.00013733
0.00039673,0.0022125,0.0026245,0.0017395,0.00057983,-0.00094604
-0.0019684,0.0023193,0.0023499,0.00083923,-0.0007019,-0.0013885
-0.00177,-9.1553e-05,0.0012207,-0.0011902,-0.0019836,-0.0026245
-0.0014496,-0.0018768,-0.00036621,-0.0025787,-0.003067,-0.0037994
-0.0037231,-0.0024261,-0.0023041,-0.0036926,-0.0042267,-0.0026855
-0.0039673,-0.0036469,-0.004364,-0.0039368,-0.0044403,-0.0028687
-0.0027771,-0.0038452,-0.0042114,-0.0028687,-0.0027466,-0.0037079
-0.0024109,-0.0029755,-0.0025482,-0.0020142,-0.0019226,-0.0023804
-0.0011749,-0.0018921,-0.0024567,-0.0028687,-0.001709,-0.00080872
-0.00041199,-0.00030518,-0.0033112,-0.0038757,-0.0010529,-0.00032043
-0.0004425,-0.00039673,-0.002594,-0.0028229,-0.0020142,-0.00086975
-0.00071716,-0.0016479,-0.0026855,-0.0022888,-0.0035706,-0.0024109
-0.0014191,-0.0015411,-0.0027313,-0.0029602,-0.004364,-0.0032043
-0.0026398,-0.0015259,-0.0015564,-0.0030365,-0.0040283,-0.0034027
-0.0039368,-0.0023499,-0.0023651,-0.0023346,-0.0036621,-0.00354
-0.0029144,-0.0038147,-0.0037537,-0.0020142,-0.0033875,-0.0014191
-0.0030518,-0.0054474,-0.0045319,-0.003479,-0.0024414,-0.0010071
-0.0043488,-0.0056458,-0.005188,-0.0048523,-0.0038605,-0.003479
-0.0032043,-0.0051575,-0.0053406,-0.0052948,-0.0057373,-0.0037231
-0.0028687,-0.0042877,-0.005722,-0.0052338,-0.0045776,-0.00383
-0.0036621,-0.0034943,-0.0059204,-0.0042572,-0.0028839,-0.0039673
-0.0035553,-0.0027771,-0.0040588,-0.0022736,-0.0015717,-0.002594
-0.0024261,-0.0015869,-0.00047302,0.0005188,-0.0019226,-0.0020142
-0.0020294,-0.0012665,0.0019073,0.0011902,-0.0031891,-0.0021973
-0.0025024,-0.00036621,0.0011749,0.00024414,-0.0030975,-0.0033569
-0.0023346,3.0518e-05,-0.0014343,-0.00053406,-0.0034485,-0.0044556
-0.0026703,-0.0015564,-0.0027618,-0.0015869,-0.0029755,-0.0040741
-0.0032043,-0.003006,-0.0018311,-0.0020294,-0.0024567,-0.0028992
-0.0035095,-0.0035706,-0.0025787,-0.0027618,-0.003891,-0.0023956
-0.0028687,-0.0021973,-0.0045471,-0.0028992,-0.0045319,-0.0031433
-0.0014191,-0.0009613,-0.0030365,-0.0027466,-0.0045929,-0.0030823
-0.00097656,-0.0014343,-0.0016937,-0.0027161,-0.0047455,-0.0028534
-0.0010529,-0.0014191,-0.0022583,-0.00094604,-0.0032806,-0.0026398
-0.00015259,-0.00048828,-0.00082397,-9.1553e-05,-0.0007782,0
0.0021515,0.00073242,-0.00038147,-0.00074768,0.00090027,0.0024414
0.003479,0.0017548,-0.0016022,-0.00013733,0.0014954,0.0029602
0.0032959,0.0018921,-0.00074768,0.0011292,0.0015564,0.0033417
0.0028381,0.001236,-9.1553e-05,0.0013885,0.001709,0.0021667
0.0012665,0.00050354,0.0004425,0.0016785,0.0011749,0.0002594
-0.0002594,-3.0518e-05,0.0016174,0.0021057,0.00047302,0.00032043
-0.00027466,-0.00064087,0.00045776,0.0018616,0.0012512,0.00065613
0.00015259,-0.00076294,-0.00050354,0.0014954,0.00065613,0.00019836
-0.00091553,0.00021362,0.00090027,0.00073242,-0.0010986,-0.00097656
-0.0020599,0.0009613,0.0016632,0.00064087,-0.0014496,-0.0022125
-0.0011139,0.00047302,0.0012665,0.0016632,-0.0017548,-0.0020752
0,0.0011749,0.0019226,0.0025024,-0.0016327,-0.0020294
0.00082397,0.0028076,0.0041962,0.0029755,-0.00083923,-0.0021973
0.00097656,0.0031586,0.0047302,0.0029297,-0.00067139,-0.001709
0.00013733,0.0038757,0.0031586,0.0020599,0.00047302,-0.0011597
0.0009613,0.0043182,0.0025177,0.0013733,0.0023346,0.0002594
0.0029449,0.003067,0.0022125,0.0023346,0.0020905,0.0016022
0.0029449,0.0023041,0.0014648,0.0015564,0.00082397,0.002182
0.0017548,0.0016174,0.00047302,-0.00085449,-4.5776e-05,0.0025024
0.0016479,-0.00018311,-0.0011139,-0.00099182,-0.0010223,0.0012817
0,-0.0012817,-0.0026703,-0.0015717,-0.0010376,-0.00067139
-0.0023346,-0.0021057,-0.0032959,-0.0025024,-0.001236,-0.0011292
-0.0016022,-0.0043945,-0.0044098,-0.0029144,-0.0021667,0.0004425
-0.00099182,-0.0054779,-0.0069885,-0.004303,-0.0012817,0.00079346
-0.0015717,-0.0037231,-0.0070953,-0.0044098,-0.0015259,-0.00057983
-0.00038147,-0.0031586,-0.005127,-0.0040894,-0.0029449,-0.00010681
0.00065613,-0.00383,-0.0061035,-0.0052643,-0.0028076,9.1553e-05
-0.00085449,-0.0031281,-0.0069733,-0.005722,-0.0043793,-0.0020752
-0.0032501,-0.0039368,-0.0050964,-0.0050354,-0.0062866,-0.0044708
-0.0058289,-0.0064697,-0.0052032,-0.0045013,-0.0068054,-0.0058441
-0.007309,-0.0075226,-0.0056763,-0.0035858,-0.0075836,-0.0068054
-0.0067749,-0.0059967,-0.0037842,-0.0022278,-0.007019,-0.0073395
-0.006073,-0.0037384,-0.0031586,-0.0016632,-0.0053711,-0.0068665
-0.0049438,-0.0037842,-0.0033875,-0.001297,-0.0044708,-0.0051422
-0.0033569,-0.0041962,-0.0027466,-0.0014343,-0.0040588,-0.0030823
-0.0024719,-0.0024261,-0.0021515,-0.0018921,-0.0036469,-0.002594
-0.0021057,-0.00062561,-0.0011902,-0.0010986,-0.0032959,-0.0029144
-0.0016937,-0.00073242,-0.00054932,-0.00071716,-0.0029602,-0.0022125
0.00028992,-0.0007019,-0.00028992,-0.00042725,-0.0022125,-0.00015259
0.0026093,0.00094604,7.6294e-05,0.00022888,-0.00094604,0.00090027
0.002182,0.0022125,0.00047302,0.0011292,-4.5776e-05,0.0013428
0.0020294,0.0024872,0.0018158,0.0026703,0.00068665,0.0027771
0.0035553,0.0036163,0.0026245,0.0029755,0.0019226,0.0017853
0.0024414,0.0048828,0.003479,0.0038757,0.0018158,-0.00067139
-0.00015259,0.0034485,0.0055695,0.004715,0.00050354,-0.00085449
-0.00061035,0.0012817,0.0049133,0.0039063,-3.0518e-05,-0.00050354
-0.00093079,0.00027466,0.0016785,0.00354,-0.00093079,-0.0013733
-0.0023956,-0.0005188,0.00038147,0.0023499,-0.0012207,-0.0015259
-0.002182,-0.0017395,-0.00012207,0.00038147,-0.00028992,-0.00097656
-0.0015717,-0.0028534,-0.0018311,0.00021362,0.00054932,-0.00057983
-0.0013733,-0.0017395,-0.00054932,0.0014496,0.00088501,-0.00015259
-0.00036621,-0.00016785,0.0018463,0.001297,-0.00041199,-0.00053406
-0.00079346,0.00086975,0.00094604,0.0011902,-0.00088501,-0.0013428
-0.001709,0.00094604,0.0010529,0.0021973,-0.00048828,-0.0024414
-0.0032806,-0.0010071,0.0016632,0.0014038,-0.0011749,-0.0036621
-0.0050507,-0.0021973,0.00032043,0.00074768,-0.0015106,-0.0032959
-0.0037231,-0.0021667,9.1553e-05,0.0007019,-0.002121,-0.0014648
-0.0016785,-0.0018921,0.00045776,1.5259e-05,-0.0012054,-0.00093079
-0.00086975,-0.00064087,0.0002594,0.00054932,0.00065613,-0.00061035
-0.00033569,0.00074768,0.00022888,0.0021057,0.001297,0.0018768
0.0014648,0.0002594,0.00038147,0.0040283,0.0038605,0.0038605
0.0040588,0.0010376,0.0021515,0.0053406,0.0073853,0.0051575
0.0057373,0.0044556,0.005127,0.0059052,0.0087891,0.0071411
0.007309,0.0068207,0.007431,0.0070801,0.0073242,0.008606
0.0084076,0.0076447,0.0081482,0.0075073,0.0065002,0.0088348
0.0089417,0.0069122,0.0050201,0.0060425,0.0084534,0.0088196
0.0087585,0.0054321,0.0022888,0.0050964,0.0089722,0.0096283
0.0077057,0.0046539,0.0038757,0.0047913,0.0085144,0.0099487
0.0076904,0.0053558,0.0052795,0.0042572,0.0082703,0.0091553
0.0076599,0.0062103,0.0041809,0.0036469,0.0065155,0.0073395
0.0064697,0.004837,0.00090027,0.0012512,0.0041046,0.0053711
0.0050354,0.0030518,-0.00093079,-0.00038147,0.0028839,0.0045013
0.0036621,0.0020294,0.00050354,0.0002594,0.0024872,0.0036774
0.002655,0.0011749,0.00086975,-0.00030518,0.00064087,0.0026855
0.0016479,0.0010529,0.00036621,-0.00062561,-0.0013428,0.0022736
0.0018463,0.0013733,0.00013733,0.0004425,-0.0012665,0.0015869
0.0031738,0.0019379,-0.00027466,-0.00054932,0.00024414,0.0012512
0.0031281,0.0026703,0.00053406,-0.0015106,0.0019836,0.0027466
0.0028839,0.0018616,0.001236,0.00068665,0.0027924,0.0040283
0.0028992,0.00050354,0.00062561,0.0016632,0.0023956,0.0033417
0.0025482,0.00085449,0,0.00071716,0.0020752,0.0023193
0.002533,0.0020142,0.0011902,0.0012054,0.0030212,0.0020599
0.0021057,0.0028381,0.0032654,0.0020294,0.0031738,0.0027924
0.0029602,0.00354,0.0032349,0.0018616,0.0028381,0.0036926
0.0036163,0.0036621,0.0020905,0.0014954,0.0035706,0.0029602
0.0022583,0.002243,0.0014954,0.0014191,0.0035248,0.0018921
0.00094604,0.00071716,0.00099182,0.0011139,0.0027466,0.0010376
-0.0012817,-0.00038147,0.00027466,0.0012665,0.0013885,-0.00047302
-0.00177,-0.0018768,-0.00015259,0.00091553,0.00012207,-0.00024414
-0.00041199,-0.0020142,0.00015259,-0.00068665,0.00064087,0.0011597
9.1553e-05,-0.00047302,0.0011292,-0.00050354,0.0011139,0.0017242
0.0019531,0.00056458,0.00177,0.00036621,0.0012817,0.0028381
0.003479,0.0014954,0.0009613,0.00071716,0.0023804,0.0027771
0.0042114,0.0028229,0.0013885,0.0020752,0.0026703,0.0022125
0.0050049,0.0027618,0.0032196,0.0029297,0.0036316,0.0041351
0.0040283,0.0028229,0.003418,0.0029297,0.0059052,0.0052948
0.0042114,0.0045013,0.0049591,0.0043945,0.0067444,0.0050659
0.0058289,0.0063324,0.0070801,0.0054016,0.0074921,0.0052185
0.0073853,0.0078278,0.0063019,0.0047607,0.0077972,0.0065155
0.0093231,0.0081635,0.0066833,0.0054932,0.0071259,0.0087585
0.0090179,0.0071716,0.0080566,0.0063019,0.0077209,0.0083618
0.0080719,0.0068207,0.0080566,0.0066071,0.0085754,0.0065613
0.0070953,0.0068817,0.007843,0.0059357,0.0084381,0.0064087
0.0040131,0.0057983,0.0056152,0.0027466,0.0061798,0.0055237
0.0027771,0.0043335,0.0032806,0.00079346,0.0031433,0.0028534
0.0023804,0.0032959,0.0036774,0.00015259,0.0016785,-0.00019836
0.00024414,0.0021667,0.0027466,-0.0016022,-0.001358,-0.0020599
-0.00086975,-7.6294e-05,-0.00012207,-0.0039368,-0.0041351,-0.002655
-0.0024567,-0.0011902,-0.0022583,-0.0062256,-0.0035858,-0.0046387
-0.0058441,-0.0026398,-0.0035553,-0.0061951,-0.0045624,-0.0067139
-0.007782,-0.0059967,-0.0047302,-0.005661,-0.0064697,-0.0060425
-0.0078735,-0.0061798,-0.0059662,-0.0068054,-0.0057831,-0.0061188
-0.0078888,-0.0056458,-0.0056458,-0.0062103,-0.0058899,-0.0080872
-0.0074921,-0.0062103,-0.0050354,-0.0056305,-0.0076904,-0.0079803
-0.0062408,-0.0058594,-0.0060272,-0.0076599,-0.0077667,-0.0062256
-0.0056152,-0.0055084,-0.0071564,-0.008667,-0.0070038,-0.0059509
-0.0062408,-0.0047302,-0.0072784,-0.0083618,-0.00737,-0.0064087
-0.0062256,-0.0053101,-0.0055695,-0.0074158,-0.0075989,-0.006424
-0.0048065,-0.005722,-0.004715,-0.0046692,-0.0067902,-0.0058594
-0.0042877,-0.0036774,-0.0050354,-0.0024261,-0.0040436,-0.0045929
-0.005127,-0.0027161,-0.0030823,-0.0014801,-0.0016937,-0.0055542
-0.0055237,-0.002121,-0.0011292,-0.0005188,-0.0037231,-0.0071564
-0.0047455,-0.00068665,0.00027466,-0.00048828,-0.0048676,-0.0053101
-0.0032043,-0.00086975,0.00050354,-0.00177,-0.0031586,-0.0039825
-0.0025635,-0.00083923,-0.0011902,-0.0015869,-0.0029144,-0.0041351
-0.0027924,0.00076294,-9.1553e-05,0.00013733,-0.002533,-0.0035553
-0.0016785,0.00086975,0.0012817,0.00064087,-0.0025635,-0.0031738
-0.0010529,-0.0010986,-1.5259e-05,0.0005188,-0.0024872,-0.0018921
-0.0030212,-0.00080872,9.1553e-05,0.00073242,-0.00068665,-0.0020752
-0.0032196,0.0010376,0.0015259,0.0010986,-0.00079346,-0.0027924
-0.0007782,-0.00013733,0.00030518,-9.1553e-05,-0.0022583,-0.00082397
0.00053406,-0.00073242,-0.0018463,-0.0019226,-0.0019379,9.1553e-05
0.00094604,0.00022888,-1.5259e-05,-0.0010071,-0.00085449,0.00071716
0.00042725,0.00013733,0.0013123,0.00071716,-0.00019836,0.0011597
7.6294e-05,0.00099182,-6.1035e-05,0.0011902,0.0012512,0.00091553
0.0017548,0.0016022,-9.1553e-05,0.00074768,0.0028687,0.002594
0.0022583,0.0018616,-0.00039673,-0.00028992,0.0027161,0.0032959
0.0017242,0.0015411,-0.00079346,-0.0014648,0.00088501,0.003006
0.0023193,-0.00068665,-0.001236,-0.0018311,-0.00083923,0.0021362
0.0017548,-0.00062561,-0.00177,-0.0012817,-0.00097656,-0.00019836
0.00067139,-3.0518e-05,-0.00083923,-0.00073242,-0.00050354,0.0007019
0.0016174,-0.0011139,-0.00012207,0.00030518,0.00022888,0.0024567
0.0028534,0.00093079,0.00074768,0.001297,0.0011749,0.00054932
0.0021362,0.00354,0.002533,0.0014191,0.0012817,-0.00013733
0.0015717,0.0028076,0.0033417,0.00054932,0.0012054,0.00016785
0.0015717,0.0018158,0.0011597,-0.00035095,0.0010223,-0.00067139
0.00064087,0.0004425,-0.00053406,0.0010834,4.5776e-05,3.0518e-05
0.0011597,-0.0013733,0.00080872,0.001358,-0.00015259,0.00091553
0.0007782,-0.00035095,0.00093079,-0.00021362,0.00091553,0.0010681
-0.00036621,0.00086975,0.0011139,0.0014038,0.00177,0.0023041
0.0017548,0.0011292,0.0017242,0.0025635,0.0036316,0.0028992
0.0026093,0.0026245,0.0020447,0.0020905,0.0052338,0.0032196
0.0028381,0.0037384,0.0040283,0.0040283,0.0057373,0.0050964
0.0046539,0.0041656,0.004364,0.0050201,0.006546,0.0060577
0.0055389,0.0042725,0.0037842,0.0045624,0.005722,0.0063934
0.0055847,0.0041962,0.0046082,0.0046997,0.0050964,0.0059052
0.0043182,0.0041809,0.0046082,0.0044861,0.0063019,0.0039215
0.0029907,0.0028534,0.0033569,0.0046539,0.0067444,0.0039978
0.0016632,0.00082397,0.0022125,0.0041809,0.0066528,0.0052948
0.00042725,0.00059509,0.0027924,0.0024872,0.0064545,0.0040741
9.1553e-05,0.0015564,0.003952,0.0027466,0.0046234,0.0022736
9.1553e-05,0.00082397,0.0036469,0.0036621,0.0021667,0.002121
0.00054932,-0.00033569,0.0023804,0.0019989,0.0015106,0.00018311
0.00071716,-0.00032043,0.001358,0.00035095,0.00059509,-0.00074768
0.0014038,0.00041199,1.5259e-05,-0.00082397,0.0007019,0.0021667
0.0018311,0.001358,-0.0018158,-0.0022888,0.0033722,0.0036316
0.0022278,0.0017395,-0.00059509,-0.0013123,0.0037689,0.0042419
0.0041809,0.0022583,0.0024261,0.00088501,0.0037842,0.0055237
0.0053253,0.0030823,0.0031891,0.0027771,0.0045776,0.005127
0.0056305,0.0045929,0.0045471,0.004715,0.0044708,0.0043488
0.006424,0.0062714,0.0069427,0.0046997,0.0053864,0.0046234
0.0070801,0.007019,0.0071869,0.003418,0.0049438,0.0056152
0.0067139,0.0077057,0.0071869,0.0041656,0.0043182,0.0067291
0.0050354,0.0079346,0.0074615,0.0051575,0.0057831,0.0059967
0.0037842,0.0068207,0.0067596,0.0045166,0.0060577,0.0036926
0.0043335,0.004364,0.0057831,0.0039825,0.0055542,0.0037231
0.0048828,0.0031586,0.0041504,0.0031281,0.0052643,0.0057983
0.0049438,0.0039978,0.0035248,0.0018311,0.0050201,0.0061493
0.0059662,0.0044403,0.0046539,0.0011444,0.0049438,0.0060425
0.0063019,0.0050049,0.0048828,0.0016022,0.0047913,0.0061493
0.0043945,0.0049744,0.0041809,0.0020905,0.004776,0.0040436
0.0013275,0.0024109,0.0028076,0.00076294,0.0033417,0.0015564
-0.00086975,-0.00099182,1.5259e-05,-0.001709,0.00030518,0.00030518
-0.00080872,-0.0024414,-0.0023041,-0.0040741,-0.0016632,-0.00045776
-9.1553e-05,-0.0029602,-0.0027771,-0.0044403,-0.0021057,0.00028992
-0.00068665,-0.0024567,-0.0028687,-0.003952,-0.0014496,0.00015259
-0.00082397,3.0518e-05,-0.0021362,-0.0039978,-0.00064087,-0.00054932
0.00047302,0.0011292,-0.00019836,-0.0029755,-0.0016937,0.00059509
0.0016937,0.0009613,4.5776e-05,-0.0023041,-0.0014496,0.00032043
0.002121,0.0018921,-0.00027466,-0.0010681,0.00073242,6.1035e-05
0.0016022,0.0024872,0.0013885,0.00047302,0.0011292,0.0020752
0.0017548,0.0017853,0.0018158,-0.0007019,0.002182,0.0030975
0.0034637,0.0021362,0.00064087,-0.00090027,0.0033112,0.0023041
0.0046844,0.003418,0.00079346,0.00088501,0.002655,0.0023041
0.0043488,0.00383,0.0015564,0.00099182,0.0019073,0.0031586
0.0047607,0.0042877,0.0021515,0,0.0014648,0.0037842
0.0056305,0.0036926,0.0027313,0.00033569,0.002655,0.0039673
0.0042267,0.0020752,0.0018921,0.0010681,0.0030212,0.0026703
0.0020142,0.00088501,0.00054932,0.00039673,0.0014801,0.0012207
0.00038147,0.0012207,0.0010223,-6.1035e-05,0.00027466,-0.00019836
0.00038147,0.002655,0.0014343,-0.0010834,-0.00088501,-0.001297
0.0013733,0.0024719,0.00071716,-0.0027008,-0.00094604,-0.00038147
0.0021515,0.0014496,0.00033569,-0.0022736,-0.0010986,0.0011597
0.0025482,0.0010376,0.0012054,-0.0010681,-0.0020142,0.00083923
0.0016327,0.0014648,0.002182,-0.00039673,-0.001358,-0.00094604
0.00057983,0.0025787,0.0012665,-0.00057983,-0.0015106,-0.0010376
0.00042725,0.0024414,0.00093079,-0.0017853,-0.0030823,-0.001709
0.00074768,0.0019836,0.0021362,-0.0018768,-0.003479,-0.0033417
0.00035095,0.0019531,0.0027771,-0.00048828,-0.0027313,-0.003067
-0.0005188,0.0019073,0.0014191,-0.00032043,-0.0017242,-0.0022125
-0.00094604,0.0011597,-0.00053406,-0.0011139,-0.0018616,-0.0015869
-0.0016174,-0.0015411,0.00041199,-0.00082397,-0.0016022,-0.0024719
-0.0031281,-0.0027466,0.00086975,-0.00022888,-0.00035095,-0.0029755
-0.0043945,-0.00177,-0.00073242,-0.0009613,-0.00079346,-0.0017853
-0.0030518,-0.0017242,-0.0013733,-0.0018463,-0.0024261,-0.0019226
-0.0018311,-0.0018005,-0.0013885,-0.0027771,-0.0019989,-0.0023041
-0.0041046,-0.0015717,-0.00065613,-0.0023193,-0.00047302,-0.0028992
-0.0063324,-0.0028381,-0.00036621,0.00016785,-0.0016022,-0.0046692
-0.0070648,-0.0052185,-0.0023193,-0.0010681,-0.00354,-0.0066528
-0.0075378,-0.006073,-0.0048065,-0.0038605,-0.0046539,-0.0072632
-0.0071564,-0.0062103,-0.0056,-0.0057373,-0.0062408,-0.0055389
-0.0065918,-0.00737,-0.0063629,-0.0077362,-0.0063171,-0.0051575
-0.0071564,-0.0071106,-0.0080261,-0.0066681,-0.0046997,-0.0063019
-0.0080566,-0.0063324,-0.0068817,-0.0050201,-0.0041199,-0.0059662
-0.0067139,-0.0066833,-0.005188,-0.0041962,-0.0047302,-0.0053711
-0.0057068,-0.0062103,-0.0061188,-0.0036621,-0.0056305,-0.0059967
-0.0059814,-0.006485,-0.0067749,-0.0053253,-0.0058136,-0.0060577
-0.0050507,-0.0063477,-0.0067749,-0.006546,-0.0046234,-0.0041199
-0.0043335,-0.0041351,-0.0052338,-0.004776,-0.0032196,-0.0033875
-0.0025787,-0.0023804,-0.0030518,-0.0021057,-0.0021515,-0.0030365
-0.0014648,-0.0012054,-0.0016785,-0.00016785,-0.0020142,-0.0015869
-0.0011444,-0.0002594,0.00019836,-0.00012207,-0.0021362,-0.00083923
0.0005188,-0.00056458,-7.6294e-05,-0.0015411,-0.0011597,0.001358
0.00050354,-0.0022278,-0.0018616,-0.0010681,-0.00030518,0.0024719
0.00090027,-0.0020905,-0.0028687,-0.00022888,0.0007019,0.00177
0.0022125,1.5259e-05,-0.0032043,-0.00042725,0.0028687,0.0024567
0.0023804,0.00083923,-0.0018616,0.00073242,0.0039368,0.002655
0.0026703,0.0012817,-0.00036621,0.0024567,0.0034485,0.0029602
0.0028076,0.002121,0.00027466,0.002182,0.0034637,0.0035706
0.0030365,0.0024567,7.6294e-05,0.00013733,0.0023651,0.0037842
0.0019379,0.0022583,-0.00022888,-0.00083923,-4.5776e-05,0.002655
-0.00038147,0.00074768,0.00027466,-0.0011292,-0.0020447,-0.0005188
-0.00086975,-0.0017548,-0.00041199,-0.002243,-0.0027924,-0.0020294
-0.0014038,-0.0027618,-0.0027008,-0.0027313,-0.002655,-0.002182
-0.0026703,-0.0026093,-0.0031891,-0.0019684,-0.0030212,-0.0024109
-0.0032806,-0.0036163,-0.0023956,-0.0012054,-0.0018768,-0.0031891
-0.0046692,-0.0044861,-0.0037079,-0.0018158,-0.00067139,-0.0044708
-0.0060425,-0.0043793,-0.0042267,-0.0022736,-0.002121,-0.0044708
-0.006012,-0.0045013,-0.0028229,-0.0020752,-0.0043182,-0.0049286
-0.0054626,-0.0049591,-0.0028687,-0.0028992,-0.0051575,-0.0058136
-0.0044098,-0.0056152,-0.0040131,-0.0032654,-0.0043945,-0.0053406
-0.0033875,-0.004837,-0.0043335,-0.0033264,-0.0046539,-0.0039978
-0.0037537,-0.0032349,-0.0033875,-0.0031281,-0.0059967,-0.0030212
-0.0037689,-0.0030975,-0.002182,-0.0018921,-0.0051422,-0.0038757
-0.0032196,-0.0025024,-0.0019073,-0.0013275,-0.003006,-0.0050964
-0.0034637,-0.00097656,-0.0016785,-0.00067139,-0.0021667,-0.0045776
-0.0030365,-0.00062561,-0.0012817,-0.00041199,-0.0023499,-0.0033264
-0.0027008,-0.0011597,-0.002121,-0.0012512,-0.0028839,-0.0037079
-0.0033264,-0.0027313,-0.0026093,-0.00028992,-0.0030365,-0.0046692
-0.0037842,-0.0033722,-0.00053406,0.0018158,-0.0020599,-0.0035553
-0.0031281,-0.0010376,0.0023041,0.0033875,0.00018311,-0.0018311
-0.00088501,0.0019379,0.0039673,0.0054626,0.0024872,-0.0017548
0.0011749,0.0042725,0.0046844,0.0051727,0.0030365,-0.0015717
0.0016785,0.0046387,0.0045013,0.0024414,0.0019226,0.00074768
0.0021362,0.0028381,0.0030365,0.0019073,0.001358,0.0010071
0.0025482,0.00099182,0.0013428,0.0028992,0.00065613,-1.5259e-05
0.0014648,0.00015259,0.0012665,0.0020752,-0.00050354,0.0017548
0.00041199,0.00079346,0.00054932,-7.6294e-05,0.00080872,0.0010529
3.0518e-05,0.0015106,-0.00076294,-0.00027466,0.00090027,-0.0013428
-0.00074768,0.0002594,-9.1553e-05,-0.00033569,-0.002121,-0.0014038
-0.00059509,-0.0011292,-0.001297,-0.0029144,-0.0046082,-0.00177
0.00022888,-0.0010529,-0.0032196,-0.0046082,-0.005661,-0.0022736
0.00027466,-0.00073242,-0.0029602,-0.0038452,-0.0042572,-0.0014496
0.0017242,6.1035e-05,-0.0028076,-0.0019684,-0.0018158,0.00076294
0.004364,4.5776e-05,-0.0019226,-0.00082397,0.00048828,0.0035553
0.0059814,0.00074768,-0.00076294,0.00045776,0.0029602,0.0049286
0.0057526,0.0042419,0.0013428,0.003067,0.0036163,0.0045929
0.0041809,0.0057831,0.0041656,0.0039215,0.0028839,0.0034485
0.0036621,0.0047302,0.0045929,0.0033417,0.002243,0.0029755
0.0036011,0.0038757,0.0041504,0.0028229,0.002594,0.004303
0.0043182,0.0033569,0.0033417,0.0028534,0.0028839,0.0046844
0.0049591,0.003891,0.0029907,0.0040741,0.0027008,0.0035248
0.0032959,0.0040588,0.0039215,0.0042877,0.0041809,0.0030518
0.0015717,0.0027771,0.0035248,0.0038452,0.0045624,0.0023193
9.1553e-05,0.0014954,0.0028381,0.0039063,0.0027618,0.0017548
-0.00065613,0.00027466,0.0024567,0.0018616,0.0016022,0.0018158
0.00054932,-0.00045776,3.0518e-05,-0.0011902,0.00082397,0.0010986
0.0023651,0.00036621,-0.0021362,-0.0015259,-0.00057983,0.0010376
0.0023499,0.00062561,-0.0021362,-0.0015869,-0.0015869,0.0014954
0.0014343,-0.00086975,-0.0019073,-0.002533,-0.00015259,0.00045776
0.0014343,-0.00071716,-0.0018616,-0.0010834,0.0017853,7.6294e-05
0.00033569,6.1035e-05,-0.00090027,0.00053406,0.0015411,0.001709
0.00073242,-0.0017853,-0.00035095,0.00033569,0.0013275,0.0028992
0.0021515,-0.0015106,-0.0019836,0.00062561,0.0022736,0.0018005
0.0013733,0.00091553,-0.00090027,0.0016479,0.0024414,0.001297
0.0011749,0.00061035,0.0014343,0.0018768,0.0022278,0.0021362
0.0013885,-0.00032043,-0.00016785,0.00042725,0.0018616,0.0016937
0.0017548,0.00047302,0.00015259,-9.1553e-05,0.00050354,0.0013428
0.0028534,0.0020142,0.0011749,-0.00016785,-0.00038147,0.0015259
0.0029755,0.0027618,-0.00012207,-0.0017853,-0.0010529,0.0016022
0.0023346,0.0023804,0.00019836,-0.0016937,-0.0020142,0.00061035
0.0018158,0.0014343,0.00054932,-0.00071716,-0.0017242,-0.00062561
0.00050354,-0.00038147,0.00022888,-0.00071716,-0.0011902,-0.00022888
-0.0014191,-0.0020752,-0.00059509,-0.0011292,-0.0014954,-0.0010223
-0.0017395,-0.0021973,-0.0028687,-0.0022583,-0.0016327,-0.002182
-0.0011597,-0.0014496,-0.0031281,-0.0023041,-0.0016937,-0.0010681
-0.0016174,-0.0019379,-0.00088501,-0.0009613,-0.0014648,-0.001297
-0.0035858,-0.0027466,4.5776e-05,-0.00018311,-0.0018005,-0.0033875
-0.0048065,-0.0028687,-0.00024414,-0.00013733,-0.002594,-0.0036621
-0.0036774,-0.0038605,-0.0014496,-0.0009613,-0.0016785,-0.0032196
-0.0034943,-0.0044708,-0.004303,-0.0023041,-0.0013885,-0.0029449
-0.0041656,-0.005188,-0.0056,-0.003067,-0.0021515,-0.0021057
-0.0040741,-0.0062561,-0.0059509,-0.003952,-0.0030975,-0.0030365
-0.0058441,-0.006485,-0.0067902,-0.0046692,-0.0057373,-0.0063782
-0.0083771,-0.007782,-0.0061035,-0.0060883,-0.0081024,-0.0088501
-0.0088043,-0.0083466,-0.0067291,-0.0080414,-0.0092621,-0.009201
-0.0088654,-0.0084381,-0.0084381,-0.0074463,-0.0097198,-0.0087585
-0.0084991,-0.0097809,-0.0089874,-0.0072021,-0.0092316,-0.0081329
-0.0068665,-0.0087738,-0.0095062,-0.0085144,-0.0080566,-0.0071869
-0.006134,-0.0070648,-0.0087128,-0.0076447,-0.00737,-0.0064545
-0.0063782,-0.0072327,-0.0073242,-0.0057678,-0.0070496,-0.007431
-0.0069122,-0.0066376,-0.0066071,-0.0043335,-0.0067902,-0.0081177
-0.0074005,-0.0064392,-0.0060883,-0.0030975,-0.0070343,-0.0069427
-0.0071869,-0.0067596,-0.006134,-0.0035553,-0.0061646,-0.006485
-0.0073395,-0.0066833,-0.0061035,-0.0042419,-0.0062103,-0.0063019
-0.0068817,-0.0072174,-0.0040131,-0.002655,-0.0066376,-0.0063171
-0.0063629,-0.0058441,-0.0019226,7.6294e-05,-0.0042267,-0.0064392
-0.0067596,-0.0032196,-0.0019226,0.0016632,-0.0027618,-0.0049591
-0.004364,-0.0020752,-0.00030518,0.0017242,-0.0021667,-0.0037537
-0.0015411,-0.0013275,0.0012512,0.0013733,-0.0017242,-0.003006
-0.0020294,-0.00033569,0.001236,0.0010529,-0.0029297,-0.0023956
-0.0016785,7.6294e-05,0.0010223,0.001297,-0.002533,-0.0019073
0.00030518,1.5259e-05,-0.00033569,0.0016022,-0.0018921,-0.0010071
0.00053406,0.00028992,-1.5259e-05,0.00094604,-0.0027924,-0.00076294
-0.0002594,0.00030518,0.00042725,-1.5259e-05,-0.0022888,-0.00028992
0.0011444,-0.00032043,-0.0013428,-0.00033569,-0.0014191,0.00041199
0.0027771,-0.00012207,-0.0020599,0.00041199,-0.0016174,0.0010681
0.0020142,0.00067139,-0.0012207,0.0011444,-0.00012207,0.0023499
0.0015259,0.00057983,-0.0010834,0.0011444,0.002655,0.0028687
0.00059509,-0.0013123,-0.0018463,0.0018158,0.0030365,0.0020142
-0.002533,-0.0029755,-0.0015717,0.0032959,0.0018311,0.00016785
-0.0041962,-0.0033569,-0.00068665,0.0034637,0.00062561,-0.0019226
-0.004303,-0.0043488,-0.00038147,0.0024261,-3.0518e-05,-0.0028992
-0.0052032,-0.004715,-0.0013428,0.0014191,0.00033569,-0.002655
-0.0049438,-0.0050659,-0.0033875,-0.00099182,-0.00071716,-0.0018768
-0.004303,-0.0053558,-0.0044861,-0.0026398,-0.0032349,-0.0018616
-0.0046997,-0.0046997,-0.0043945,-0.002655,-0.0046082,-0.0031433
-0.004715,-0.0048828,-0.0044403,-0.0028687,-0.0042419,-0.004837
-0.0040436,-0.0043793,-0.003952,-0.0012817,-0.003479,-0.0048828
-0.0029755,-0.0029297,-0.0021057,0.00019836,-0.0033417,-0.0031891
-0.0022125,-0.0018311,-0.00085449,0.00080872,-0.002121,-0.002121
-0.0014038,-0.0012512,-0.00047302,0.0022125,-0.00061035,-0.001358
-0.00047302,-0.00064087,0.00064087,0.0022736,-9.1553e-05,-0.00085449
-0.00018311,0.00035095,0.0019531,0.0012512,0.00076294,-0.0014191
-0.00016785,0.0017548,0.002121,0.001236,-0.00067139,-0.0017242
-7.6294e-05,0.0020752,0.0016937,0.00083923,-0.0029907,-0.0007782
-0.00032043,0,0.00061035,-0.0007019,-0.0017242,0.00033569
-0.0010223,-0.0012512,-0.001709,-0.00062561,-0.0007019,-0.00027466
-0.0011597,-0.001297,-0.0014648,0.0007782,-0.0010681,-0.00099182
-0.0012512,-0.0012207,0.0005188,0.0010834,-0.0002594,-0.0010529
-0.0012512,-0.00035095,0.0010223,0.0014343,-0.00013733,-0.0017548
-1.5259e-05,0.00021362,0.0015717,0.0021362,-0.0010834,-7.6294e-05
0.0022278,-0.00013733,0.00030518,0.0016022,-0.00015259,0.0029755
0.0037537,1.5259e-05,-0.0014801,0.0016327,0.0019684,0.0040131
0.0031738,0.0014191,9.1553e-05,0.0026093,0.0030212,0.0035858
0.0019684,0.0028992,0.0014801,0.0019379,0.0025482,0.0014191
0.0009613,0.0031281,0.0018158,0.00038147,-0.00061035,-0.00027466
0.00054932,0.00097656,0.00177,-0.0012665,-0.0030212,-0.00090027
0.00016785,-0.00056458,-0.00085449,-0.0026855,-0.0030212,-0.0017548
0,-0.00019836,-0.0019073,-0.0021515,-0.002533,-0.00054932
0.00080872,-3.0518e-05,0.00019836,-0.00038147,-0.00094604,0.0010071
0.0010223,0.00054932,0.0011444,0.00088501,0.00030518,0.00088501
0.0022736,0.0011749,0.0017548,0.0019684,0.0016785,0.0015411
0.0032349,0.0015717,0.0024414,0.0033875,0.0036774,0.0033417
0.0024414,0.0024414,0.0030365,0.005249,0.0050354,0.0044861
0.0034332,0.003418,0.005249,0.0065765,0.0063629,0.0050964
0.0054932,0.004364,0.0057678,0.0053253,0.0074158,0.006546
0.0076141,0.0058746,0.0052032,0.0043793,0.0078735,0.0081787
0.00914,0.0066833,0.0058136,0.005188,0.0072937,0.0093689
0.0087433,0.0066986,0.0048218,0.0048065,0.0067596,0.0093079
0.008667,0.0073853,0.0051117,0.0050964,0.006897,0.0068207
0.0086365,0.007843,0.0075378,0.0059509,0.0061035,0.0055389
0.0079803,0.0082092,0.0087128,0.0063171,0.0066986,0.0072784
0.0088501,0.0083771,0.0090942,0.0076141,0.0085144,0.0086365
0.0095825,0.0075531,0.0080872,0.0063477,0.008728,0.0092163
0.0084839,0.0065155,0.0053406,0.00354,0.0074615,0.009491
0.0070496,0.0052032,0.0040741,0.0024261,0.0055695,0.0085754
0.0058136,0.003418,0.0036926,0.00073242,0.0040894,0.0053711
0.0041504,0.0033112,0.0016327,-0.00088501,0.0015411,0.0016174
0.0032196,0.0037079,0.00073242,-0.0013885,-0.00045776,0.00091553
0.0036011,0.0016937,0.00021362,-0.0015259,-0.00057983,0.001297
0.0031891,0.0011292,-0.0010223,-0.001358,-0.0007782,0.0011292
0.0020447,0.002243,-0.00018311,-0.0016632,0.00042725,0.0013123
0.00042725,0.0010071,-0.00041199,-0.0016785,3.0518e-05,0.00045776
-0.0015411,-0.00056458,-0.002243,-0.0015717,-0.0028992,-0.0015106
-0.0026398,-0.0016785,-0.0023041,-0.0031738,-0.0035858,-0.0027771
-0.0037384,-0.0026245,-0.0023041,-0.0043793,-0.0027313,-0.003418
-0.004425,-0.0023804,-0.0025024,-0.0031433,-0.0028229,-0.0042114
-0.0042877,-0.0017395,-0.0018005,-0.0019989,-0.0036163,-0.0042572
-0.0034485,-0.0019836,-0.0015869,-0.0015717,-0.0041046,-0.0031891
-0.0028687,-0.0031738,-0.0018921,-0.0019684,-0.003067,-0.002655
-0.0041809,-0.0026398,-0.0019531,-0.0028534,-0.00082397,-0.0026855
-0.0039215,-0.0012665,-0.0013428,-0.0015564,0.00050354,-0.002121
-0.0019836,-0.0013733,-0.00085449,-0.00027466,0.0010834,-0.00097656
-0.0020294,-0.0012512,-0.00083923,0.00015259,0.00085449,-0.0011902
-0.003418,-0.00099182,0.00041199,0.0013885,-0.00097656,-0.0033569
-0.00354,-0.0018616,0.0010529,0.0010529,-0.0027161,-0.0043488
-0.0024109,-0.0029755,-0.00050354,-0.00050354,-0.003067,-0.0037842
-0.0026398,-0.0020752,-0.00094604,-0.00036621,-0.0018768,-0.0030212
-0.0023956,-0.00056458,6.1035e-05,-0.00038147,-0.00090027,-0.002121
-0.00074768,-0.00054932,-0.00054932,-0.0018311,-0.0011902,-0.0019836
-0.0014191,6.1035e-05,-0.00083923,-0.0018463,-0.0016632,-0.0023956
-0.0029144,0.00018311,0.0010223,-0.00033569,-0.0018005,-0.0030823
-0.0027008,-0.0004425,0.001709,0.0010834,-0.0019684,-0.0031281
-0.0015259,0.00027466,0.0024261,0.0019073,-0.001236,-0.00083923
0.0004425,0.00091553,0.0031128,0.0023804,0.001358,0.0013428
0.0022583,0.0019379,0.0020599,0.0031586,0.0031128,0.0020752
0.003006,0.0031738,0.0028076,0.0033112,0.0040131,0.002243
0.0031281,0.0037231,0.0037231,0.0037537,0.0048065,0.0021057
0.0031128,0.0040283,0.0031738,0.0042114,0.0043793,0.0028992
0.0037079,0.0032196,0.0034637,0.0021973,0.0043182,0.0041199
0.0040131,0.0032959,0.0022583,0.00097656,0.0045471,0.0041351
0.0033264,0.0038757,0.0019684,0.0021515,0.0032349,0.0042572
0.0035553,0.002594,0.0049591,0.0018463,0.0020905,0.0045013
0.0034332,0.0018921,0.0033417,0.00099182,0.0026855,0.0018921
0.00086975,0.0015106,0.00019836,0.0016022,0.0019989,0.00050354
-0.00036621,-0.00032043,0.00059509,0.00016785,0.0015106,0.0023346
0.0005188,-0.0013885,-0.0012817,-0.0016022,0.0027618,0.0020752
0.00057983,-0.00073242,-0.0010071,-0.00053406,0.0019684,0.0016632
0.00039673,-0.00082397,0.0010223,-0.0015564,0.00028992,0.002182
-0.00033569,-0.0020905,-0.002594,-0.003067,-0.0013733,0.00028992
-0.0015259,-0.0021667,-0.0049286,-0.0028687,-0.0018311,-0.0022583
-0.0020142,-0.0022583,-0.0053101,-0.0051117,-0.0017242,-0.0037079
-0.0023956,-0.0041504,-0.0080109,-0.0072479,-0.0042114,-0.003479
-0.0029602,-0.0068207,-0.0087891,-0.0083618,-0.0058899,-0.0019684
-0.0044708,-0.0081329,-0.0083618,-0.009201,-0.0069885,-0.0032806
-0.0058289,-0.0080109,-0.0083466,-0.008667,-0.0084381,-0.0062256
-0.0053558,-0.0080261,-0.0095367,-0.0094147,-0.0077667,-0.005249
-0.0043488,-0.0074463,-0.011658,-0.0098267,-0.0068207,-0.0034027
-0.0034027,-0.0068359,-0.01033,-0.0079193,-0.006958,-0.0041046
-0.00354,-0.006546,-0.0074158,-0.0061035,-0.0068207,-0.0049591
-0.0048218,-0.0046539,-0.0055084,-0.0047302,-0.0055695,-0.0056763
-0.004776,-0.002594,-0.0027618,-0.0031738,-0.0046082,-0.0044861
-0.0032196,-0.0026855,-0.00083923,-0.0010376,-0.0036011,-0.0019379
-0.0017853,-0.0021667,-0.0010986,0.00085449,-0.002121,-0.00082397
-0.00083923,-0.00042725,-0.0016785,0.0012207,-0.00083923,0.00050354
0.00027466,-0.00032043,-0.0021362,0.00054932,0.0013733,0.0010834
0.00086975,-0.00067139,-0.0012512,0.0016327,0.0018158,7.6294e-05
-0.00059509,-0.00083923,0.00024414,0.0032501,0.00039673,-0.00073242
-0.0019836,-0.00010681,0.0007782,0.0028839,0.00030518,-0.0007782
-0.0015259,0.00097656,0.0016632,0.0032196,0.00053406,-0.00091553
-0.0013275,0.00065613,0.0025177,0.0032654,0.00041199,-0.0013428
-0.0012207,0.00076294,0.0031281,0.0025635,-9.1553e-05,-0.00091553
0.00016785,0.0011444,0.0018768,0.0023041,9.1553e-05,0.00016785
0.0015564,0.0016327,0.00030518,0.0011139,0.0013123,0.0020294
0.0024872,0.0018158,0.0011597,0.00056458,0.001297,0.0035095
0.0025787,0.001297,0.0010376,0.0016479,0.002121,0.002243
0.0018005,0.0018921,0.0015106,0.0028076,0.0024261,0.00027466
0.0018463,0.0030518,0.0037994,0.0028992,-0.0002594,0.00032043
0.0030212,0.0048065,0.0043335,0.0024261,-0.00054932,0.00074768
0.0036926,0.0059814,0.0033417,0.0024719,0.00097656,0.0011444
0.0027924,0.0043488,0.0029907,0.0033112,0.002182,0.0018158
0.0015411,0.0029907,0.00383,0.0045013,0.00383,0.0017853
0.0011292,0.0027618,0.0039825,0.0052032,0.0031128,0.0015717
0.001358,0.0025177,0.0043793,0.0043793,0.0012665,0.0016174
0.0021515,0.0033264,0.0040436,0.0021667,0.00097656,0.0018616
0.0024719,0.0032196,0.0019226,0.0011749,0.0010529,0.0014191
0.0022583,0.0021515,0.0020294,0.0017548,0.00016785,0.00059509
0.0019684,0.002533,0.0020905,0.0015869,-0.00010681,0.00027466
0.0011902,0.0023651,0.0012207,0.0015106,0.00068665,0.00067139
0.0018158,0.0018463,0.002121,0.0020142,0.00090027,0.0024719
0.0029297,0.0032196,0.0027313,0.0017548,0.0026398,0.0032806
0.0016632,0.0042419,0.0033417,0.0024414,0.0044403,0.0018616
0.0016022,0.0035858,0.0042572,0.0034332,0.0028229,0.00082397
0.0033417,0.0033264,0.0033417,0.0025024,0.00082397,0.00079346
0.0033722,0.0047455,0.0031128,0.0012512,-0.00022888,0.00056458
0.0033569,0.0053558,0.0049438,0.0007019,-0.00065613,0.0010529
0.0039063,0.0046387,0.0046234,0.0012665,0.0014496,0.0021057
0.0039215,0.0049438,0.0036774,0.0030975,0.0041351,0.0023041
0.0030518,0.0045776,0.0049744,0.0045319,0.0054779,0.0038605
0.0024872,0.00383,0.0052185,0.0050964,0.0061188,0.005127
0.0035553,0.0034332,0.0044708,0.0053406,0.0058594,0.0041351
0.0041199,0.003067,0.0046997,0.0044708,0.0063019,0.0050049
0.0049438,0.0042114,0.0050964,0.0038757,0.0065765,0.0069885
0.0068054,0.0055389,0.0050354,0.0052795,0.0064697,0.0080566
0.0081024,0.0066071,0.0052338,0.0056915,0.0081787,0.0085754
0.0088654,0.0073853,0.0062866,0.0044403,0.0092163,0.0087128
0.0086975,0.0075378,0.0058594,0.0045166,0.0087585,0.0090485
0.0080414,0.0076447,0.0057983,0.0053864,0.0075531,0.0083466
0.007782,0.0069122,0.007309,0.0049133,0.0066071,0.0070496
0.0065002,0.0059509,0.0058594,0.0032654,0.0063629,0.004425
0.0033875,0.0054474,0.0044403,0.0024567,0.0041199,0.00088501
0.0014801,0.0039368,0.0049133,0.0022278,0.0023041,0.00039673
0.0010834,0.0010834,0.0027161,0.0012054,0.0019379,0.0010376
-0.00033569,-0.00061035,0.00041199,0.00068665,0.00030518,0.00036621
-0.00073242,-0.00047302,0.0011749,-0.00010681,0.0007019,0.00033569
0.00093079,0.00022888,0.00091553,-0.0021973,0.0022888,0.0014191
0.0019684,0.00062561,-0.00050354,-0.0025482,0.0023804,0.0021362
0.0018616,-0.00027466,1.5259e-05,-0.0010681,0.0024872,0.0023041
0.00080872,-0.00088501,-0.00048828,-0.00094604,0.0021362,0.0010529
-0.0014648,-0.0018463,-0.0024414,-0.0019684,0.00091553,-0.00093079
-0.0033112,-0.0041351,-0.0035095,-0.0029449,-0.0009613,-0.0012512
-0.0032349,-0.0043182,-0.0039673,-0.0039063,-0.0021667,-0.002243
-0.0027008,-0.0030518,-0.0032959,-0.0047455,-0.0022278,-0.00383
-0.0028381,-0.002182,-0.0029297,-0.0045166,-0.0029449,-0.0040436
-0.0036926,-0.0019684,-0.0030518,-0.00383,-0.0036774,-0.0043945
-0.0049591,-0.0031738,-0.0028076,-0.0042267,-0.0032043,-0.0048218
-0.0052338,-0.0042572,-0.0031128,-0.0033722,-0.0037994,-0.0046539
-0.0050507,-0.0041656,-0.0025024,-0.0022583,-0.0046997,-0.0044098
-0.0054016,-0.0042725,-0.002533,-0.0040741,-0.0038757,-0.0049896
-0.0064697,-0.0047913,-0.0044098,-0.006012,-0.0051727,-0.0064087
-0.0076294,-0.0052948,-0.0059357,-0.0075226,-0.0076599,-0.0064545
-0.0059509,-0.0073395,-0.0084839,-0.009552,-0.0077362,-0.0058899
-0.0040741,-0.0090485,-0.011566,-0.01001,-0.0080109,-0.0065308
-0.0064697,-0.0082092,-0.010483,-0.0089722,-0.0087585,-0.0064087
-0.0084229,-0.0088501,-0.008606,-0.0078125,-0.0074768,-0.0063782
-0.0080719,-0.010422,-0.010773,-0.0061798,-0.0056458,-0.0068207
-0.0080719,-0.0089722,-0.0099182,-0.0048981,-0.0054779,-0.0062103
-0.0071564,-0.0069122,-0.0059814,-0.0046082,-0.0054016,-0.0067444
-0.0061798,-0.0050354,-0.0049286,-0.003067,-0.0044098,-0.0062103
-0.0050354,-0.0031128,-0.0034637,-0.0015717,-0.0040131,-0.0033112
-0.002594,-0.0029449,-0.0021057,-0.0012512,-0.0028229,-0.0023804
-0.00062561,-0.0020752,-0.002243,0.00042725,-0.00097656,-0.0017548
0.00032043,-0.00045776,-0.0009613,0.0015564,-0.00048828,0.00086975
0.0019226,0.00079346,0.00061035,0.0010834,0.00050354,0.0027466
0.003418,0.0025024,0.001297,0.0013428,0.0019836,0.0022736
0.0031586,0.0038757,0.0027161,0.0015869,0.0016785,0.0022736
0.0034637,0.005249,0.0035248,0.0015717,0.00038147,0.0026703
0.0035553,0.005188,0.0016937,0.0010834,-0.00067139,0.0010376
0.0019226,0.0026855,0.00048828,0.00021362,-0.0017242,0.00061035
-0.00016785,-0.00041199,0.00022888,-0.00021362,-0.0020447,-0.00065613
-0.0031586,-0.0036316,-0.0021973,-0.00094604,-0.0021057,-0.0041962
-0.0058441,-0.0050201,-0.0030823,-0.0013733,-0.0034637,-0.0047913
-0.0061951,-0.0042725,-0.00177,-0.00177,-0.0037231,-0.0052795
-0.0046997,-0.0036011,-0.0025787,-0.0017395,-0.0029449,-0.0060577
-0.0031586,-0.0022125,-0.0031891,-0.0012817,-0.0024414,-0.0033417
-0.00177,-0.00079346,-0.0020752,-0.00064087,-0.0016479,-0.0011292
-0.00010681,-0.0011139,-0.00086975,0.00030518,-0.0020294,-0.0014648
-0.00073242,-0.00061035,-0.00042725,-0.00067139,-0.0023346,-0.0021973
-0.0025635,-0.00019836,-0.001236,-0.0019379,-0.0025177,-0.0022583
-0.0022888,-0.0023956,-0.0017395,-0.0021973,-0.0033417,-0.0028687
-0.0031586,-0.0033875,-0.0029602,-0.001709,-0.0037994,-0.0043945
-0.0043182,-0.0039825,-0.0043945,-0.0011902,-0.0039673,-0.0034943
-0.0027924,-0.0057983,-0.0045624,-0.0023804,-0.0031891,-0.0018005
-0.0022888,-0.0045166,-0.0050049,-0.0027313,-0.0025482,-0.002533
-0.0026398,-0.0022888,-0.0038147,-0.0015106,-0.0025787,-0.0037079
-0.0025482,-0.0019226,-0.0018463,-1.5259e-05,-0.002121,-0.0026855
-0.0014954,-0.0018005,-0.0014648,-4.5776e-05,-0.0013123,0
0.00091553,-0.00073242,-0.0018768,-0.0010376,0.0007782,0.00080872
0.0031738,0.0018463,-0.00065613,0.00041199,0.0022736,0.0017395
0.0054932,0.0037384,0.002533,0.0017395,0.0017395,0.0049438
0.0065613,0.0053864,0.0031738,0.0023346,0.002533,0.0063477
0.007309,0.0061188,0.0035248,0.003067,0.0043488,0.0067749
0.0078583,0.0053406,0.0042419,0.0025787,0.0053558,0.0076904
0.0062714,0.0060272,0.0032654,0.0035553,0.0056763,0.0063324
0.005127,0.0054169,0.0046997,0.0052185,0.0052032,0.0043488
0.0050049,0.0043945,0.0056458,0.0040588,0.0042572,0.0037994
0.0044403,0.0050049,0.0035706,0.0021362,0.0026703,0.0043945
0.0043488,0.003952,0.0028687,0.0021362,0.0024261,0.0049286
0.0049744,0.0029144,0.0033722,0.0027161,0.0037079,0.0033722
0.0041351,0.0031586,0.0033722,0.0026855,0.0031738,0.0022736
0.0027313,0.0037537,0.0037689,0.0027008,0.0017242,0.0029907
0.0030212,0.003891,0.0036163,0.0021667,0.0014343,0.0023499
0.003418,0.003006,0.0027618,0.00090027,0.00094604,0.0020752
0.0040131,0.0023041,0.0023651,0.00036621,0.00097656,0.0027771
0.0041046,0.0020142,0.0014954,0.00059509,0.0021515,0.0015717
0.0014801,0.002121,0.0012054,0.0011139,0.0010223,0.00010681
-0.0010834,0.00041199,0.0011444,0.0009613,-0.0014191,-0.00085449
-0.0013123,-0.0019073,-0.00076294,-0.00048828,-0.0014648,-0.0021515
-0.002243,-0.0020599,-0.0019989,-0.0013885,-0.0011444,-0.0031281
-0.003952,-0.002655,-0.0012665,-0.0017395,-0.0025482,-0.0037231
-0.0040894,-0.0037079,-0.0019989,-0.0029297,-0.0036163,-0.0040894
-0.0043793,-0.0046539,-0.0045929,-0.0048218,-0.0044098,-0.0047607
-0.006073,-0.005722,-0.0050507,-0.0054932,-0.0063477,-0.0065155
-0.0076599,-0.0066376,-0.004425,-0.0041962,-0.0081177,-0.0090637
-0.0083618,-0.007782,-0.0050049,-0.0036926,-0.0078583,-0.010086
-0.008194,-0.0074005,-0.0051727,-0.0036926,-0.0055695,-0.0085907
-0.0067902,-0.0063324,-0.0056,-0.0029755,-0.0036469,-0.0065765
-0.0057678,-0.0061798,-0.0049896,-0.002182,-0.0033112,-0.0041809
-0.0050964,-0.0055847,-0.0036926,-0.0022278,-0.0029602,-0.0027008
-0.0033569,-0.0046082,-0.0037231,-0.0032501,-0.0032349,-0.0035095
-0.0036926,-0.0035248,-0.0023956,-0.0022888,-0.0043945,-0.004303
-0.0059509,-0.003006,-0.0018768,-0.00088501,-0.0029449,-0.0054932
-0.0060425,-0.0040436,-0.002655,-0.00082397,-0.0013885,-0.0059967
-0.0048676,-0.0048065,-0.0026245,-0.00019836,-0.0023499,-0.0040436
-0.0044098,-0.0048828,-0.0041199,-0.00097656,-0.0020294,-0.0025787
-0.0033112,-0.004776,-0.004776,-0.0017853,-0.001709,-0.0014191
-0.0027008,-0.0045013,-0.00354,-0.00065613,-0.0021362,-0.001297
-0.0040436,-0.0043945,-0.0040741,-0.0010834,-0.0012054,-0.0030365
-0.0056,-0.0045776,-0.0049438,-0.0023804,-0.0018616,-0.0045166
-0.0063324,-0.0057983,-0.0045624,-0.0028229,-0.004776,-0.0054932
-0.0057526,-0.0068512,-0.0059357,-0.0046234,-0.0067139,-0.0058136
-0.0052032,-0.0067444,-0.0081177,-0.0056915,-0.0071106,-0.0063782
-0.006546,-0.006485,-0.0078888,-0.004425,-0.0080872,-0.0079346
-0.0078125,-0.0074921,-0.0075531,-0.0052185,-0.0087585,-0.0085602
-0.006958,-0.0081177,-0.0088806,-0.0071564,-0.0074463,-0.0061493
-0.0055847,-0.0070801,-0.0092926,-0.0070801,-0.0061493,-0.0046997
-0.0056,-0.0071869,-0.0074768,-0.0058594,-0.0067749,-0.006134
-0.0061493,-0.006485,-0.0051727,-0.0039673,-0.0078888,-0.0051422
-0.0055084,-0.0049133,-0.0042572,-0.0023499,-0.0051575,-0.0031281
-0.0041046,-0.0047607,-0.0043335,-0.00079346,-0.0015564,-0.0024567
-0.0032654,-0.004303,-0.0035095,0.00067139,-0.00067139,-0.0023041
-0.0028534,-0.0036163,-0.0024109,0.00047302,-0.00057983,-0.0023956
-0.0025177,-0.002182,-0.0024872,-0.00074768,-0.0035706,-0.0028381
-0.0030518,-0.0018311,-0.0032959,-0.0021057,-0.005661,-0.0048065
-0.0049744,-0.0041046,-0.0044556,-0.0031433,-0.0046082,-0.0073242
-0.0078735,-0.0057678,-0.0046387,-0.0031586,-0.0062714,-0.008728
-0.0099945,-0.006958,-0.0054321,-0.0031738,-0.0080414,-0.0091553
-0.010406,-0.0085449,-0.0078125,-0.0041351,-0.0079803,-0.010269
-0.010834,-0.0087891,-0.0074158,-0.0050507,-0.0092468,-0.010895
-0.010498,-0.008316,-0.006073,-0.0053253,-0.010056,-0.0098572
-0.0079193,-0.0079041,-0.0067139,-0.0049744,-0.0090332,-0.0078735
-0.0050354,-0.0058899,-0.0066223,-0.0039368,-0.0066376,-0.0049896
-0.0022278,-0.0035553,-0.0056152,-0.0024414,-0.0036469,-0.0033569
0.00012207,-0.0018005,-0.0035095,0.00016785,-0.002121,-0.0029602
0.0014038,0.0011597,0.0010071,0.0033112,-0.00099182,-0.00054932
0.003006,0.0032043,0.0046997,0.0050354,0.0015869,0.0035858
0.0048981,0.0039673,0.0051575,0.0061798,0.0047607,0.0055542
0.0063629,0.0057983,0.0056763,0.007843,0.0066833,0.0066071
0.0071411,0.0072021,0.0077209,0.0089417,0.0071716,0.0082703
0.0084839,0.0075531,0.0083771,0.0087585,0.0077972,0.0084229
0.009903,0.0084229,0.0075989,0.0084686,0.0095367,0.0085144
0.010071,0.0095673,0.0081329,0.00914,0.010269,0.0097809
0.010635,0.010086,0.010101,0.0097809,0.0090485,0.010696
0.010971,0.010025,0.010071,0.0083008,0.0078888,0.0097656
0.0093536,0.0086823,0.0075073,0.0054626,0.0066833,0.0077362
0.0062408,0.0075378,0.006073,0.004776,0.0051422,0.0056152
0.0034943,0.0063477,0.005661,0.005127,0.0037842,0.0032501
0.0019379,0.0025177,0.0046387,0.0039978,0.0036926,0.0017548
0.0010986,0.00028992,0.0028381,0.0034943,0.0033264,0.0012512
0.0020142,0.0012665,0.0027161,0.0041504,0.0021515,0.0019226
0.0026398,0.0028229,0.0046692,0.00354,0.0026703,0.0033722
0.0037689,0.0048981,0.0047302,0.0023804,0.0032501,0.004425
0.0066528,0.0062103,0.0056458,0.0045166,0.0042877,0.0048981
0.0072784,0.008316,0.008255,0.0076599,0.0062714,0.0054016
0.0083923,0.0097656,0.0087433,0.0076599,0.0074615,0.0073395
0.010025,0.0083466,0.0086823,0.0075684,0.0089264,0.0094604
0.0097198,0.0092621,0.0096588,0.0080261,0.009079,0.010056
0.011337,0.011551,0.011398,0.0079803,0.0086975,0.010452
0.012634,0.012726,0.012772,0.0091248,0.011261,0.010269
0.011826,0.01358,0.013641,0.010742,0.01265,0.010422
0.011475,0.013412,0.014496,0.011292,0.01178,0.011398
0.012238,0.013306,0.015091,0.01062,0.012451,0.011581
0.013794,0.013123,0.014999,0.0094299,0.013519,0.012833
0.01506,0.013611,0.013779,0.0089111,0.01445,0.013977
0.01593,0.014297,0.013351,0.0095825,0.014954,0.01506
0.016266,0.014282,0.013443,0.008606,0.015289,0.017441
0.016663,0.014603,0.012863,0.0069885,0.016144,0.017502
0.016556,0.014679,0.01358,0.0081482,0.015228,0.016632
0.016052,0.014999,0.014633,0.0085449,0.013779,0.015793
0.016449,0.014969,0.013977,0.0076141,0.013611,0.013824
0.015076,0.014023,0.012222,0.0068665,0.01236,0.013397
0.012405,0.012222,0.010406,0.005127,0.010391,0.012451
0.010025,0.0093384,0.0084229,0.002533,0.0086365,0.0093079
0.0071106,0.006424,0.0057068,0.00019836,0.006424,0.0068512
0.0044098,0.0036469,0.0036926,-0.00071716,0.0046539,0.0048828
0.0027466,0.0024261,0.0028076,-0.0010986,0.0036469,0.003006
0.0023499,0.0023499,0.0017853,-0.0019989,0.0036621,0.0031281
0.0020142,0.00068665,0.00091553,-0.0024261,0.0036163,0.0034637
0.00053406,-0.00094604,0.00059509,-0.0022583,0.0028381,0.0010681
-0.0012054,-0.00090027,7.6294e-05,-0.0029449,0.0012817,-0.0014038
-0.0020599,-0.0010834,-0.00038147,-0.0039825,-0.0012207,-0.0016785
-0.0036316,-0.0026245,-0.00033569,-0.0044403,-0.0037689,-0.0029144
-0.0052795,-0.0037537,-0.0013123,-0.0059357,-0.0053253,-0.006073
-0.0049133,-0.0037689,-0.0036469,-0.0079956,-0.0048523,-0.0080719
-0.0048523,-0.0046082,-0.0065613,-0.0089417,-0.0055389,-0.0072479
-0.0050201,-0.0070953,-0.0089722,-0.010025,-0.0068054,-0.0054474
-0.0054169,-0.0092316,-0.010071,-0.010605,-0.006073,-0.0043793
-0.00737,-0.0096741,-0.0096436,-0.010361,-0.0071411,-0.004425
-0.0080566,-0.010223,-0.0082703,-0.010208,-0.0084381,-0.0058594
-0.0081787,-0.010925,-0.0082855,-0.0090942,-0.0076294,-0.0075378
-0.0093079,-0.0099792,-0.0088196,-0.0081329,-0.0076599,-0.0092773
-0.010269,-0.0090942,-0.0090332,-0.0079956,-0.0086975,-0.010696
-0.011383,-0.010468,-0.0103,-0.0094757,-0.0093994,-0.010818
-0.012222,-0.012177,-0.011353,-0.011139,-0.0097198,-0.010605
-0.012558,-0.011612,-0.010925,-0.010162,-0.0099945,-0.010483
-0.011841,-0.011078,-0.0093384,-0.0090332,-0.01062,-0.01033
-0.011047,-0.012177,-0.009491,-0.0097504,-0.011139,-0.010132
-0.011429,-0.011139,-0.011322,-0.011261,-0.011139,-0.010727
-0.010696,-0.0093842,-0.011597,-0.010773,-0.011414,-0.011505
-0.009903,-0.0099335,-0.011017,-0.0089111,-0.012375,-0.010971
-0.0096588,-0.0097809,-0.0099182,-0.0088806,-0.012985,-0.010193
-0.0085602,-0.0088654,-0.0088806,-0.0085907,-0.012039,-0.010147
-0.0093994,-0.0084381,-0.0083008,-0.0071716,-0.01062,-0.010406
-0.010803,-0.0079346,-0.0082092,-0.0072784,-0.0096283,-0.009552
-0.0094757,-0.0083923,-0.010086,-0.0073853,-0.0087128,-0.0085449
-0.0084991,-0.0088043,-0.009903,-0.0050659,-0.0083618,-0.0091248
-0.0092163,-0.0077667,-0.0070038,-0.0033264,-0.0084991,-0.0091248
-0.0090332,-0.006897,-0.0058441,-0.0031891,-0.0082397,-0.0086365
-0.0085754,-0.0067749,-0.0057068,-0.0022278,-0.006546,-0.0087585
-0.0092316,-0.0066681,-0.0057831,-0.0024414,-0.0049286,-0.0084686
-0.0086365,-0.0069275,-0.0061035,-0.0028076,-0.0058136,-0.0076447
-0.0070953,-0.0064697,-0.005661,-0.0024719,-0.006424,-0.0068817
-0.0075684,-0.0054169,-0.0051422,-0.003067,-0.0069122,-0.0079498
-0.0092316,-0.006546,-0.0065308,-0.0037994,-0.0086975,-0.0095825
-0.0097504,-0.0087738,-0.0092621,-0.0057068,-0.0092468,-0.0095215
-0.009491,-0.0095062,-0.010422,-0.0069122,-0.0096436,-0.0097351
-0.0098724,-0.0092773,-0.0094299,-0.0062408,-0.0098572,-0.0097961
-0.0088043,-0.008255,-0.0082245,-0.006012,-0.0085144,-0.0080566
-0.0066071,-0.0071869,-0.0080566,-0.004776,-0.0078735,-0.0065155
-0.0063324,-0.0071411,-0.0070496,-0.0021515,-0.0070343,-0.0058289
-0.0062256,-0.0069733,-0.0061798,-0.00067139,-0.0033569,-0.004776
-0.0054626,-0.0061646,-0.0057373,0.0015717,-0.00047302,-0.0036316
-0.0044708,-0.0042114,-0.0016937,0.0036926,-0.0002594,-0.002655
-0.0031586,-0.00086975,0.0016174,0.0034943,0.0007019,-0.0010834
-0.0019989,0.001236,0.0018463,0.0042419,0.0016479,-7.6294e-05
-3.0518e-05,0.00054932,0.0025482,0.0046082,0.0017395,9.1553e-05
0.0017853,1.5259e-05,0.0023346,0.0050201,0.0014038,0.0012817
0.0014343,0.0011444,0.0018005,0.0061951,0.0015411,0.0022888
0.0014343,0.0017548,0.0024261,0.0050049,0.0041046,0.0028229
0.0032196,0.0025024,0.0029297,0.0050964,0.0052948,0.0040894
0.0048065,0.0036926,0.003006,0.0055542,0.0045013,0.0052338
0.0061798,0.0042267,0.0024719,0.0039978,0.0050049,0.006134
0.0059509,0.0055847,0.0029755,0.0054321,0.0055847,0.0055695
0.0040741,0.0057373,0.0054016,0.0075989,0.0043488,0.0034332
0.0033417,0.0031128,0.0059357,0.0067596,0.0031891,0.0027771
0.0033569,0.0019379,0.0041046,0.0056,0.0040894,0.0035095
0.0024109,0.0034332,0.0035706,0.0045929,0.0040283,0.0033112
0.0022888,0.0042114,0.0042419,0.0037689,0.0036926,0.0031281
0.0036316,0.0033264,0.0035706,0.0037384,0.0042267,0.004364
0.0036163,0.0025635,0.0020142,0.003479,0.0039215,0.0052643
0.0037689,0.0022278,0.0018311,0.0038147,0.0044403,0.0047913
0.0047302,0.0023346,0.0011749,0.0033264,0.0045624,0.0037689
0.0042114,0.0024719,-6.1035e-05,0.0010834,0.002533,0.0034485
0.0033875,0.0020294,0.00035095,4.5776e-05,0.0010376,0.0028992
0.0034332,0.0019684,0.0002594,-0.0005188,0.0014496,0.0011139
0.0024567,0.0018005,0.00024414,-0.00062561,0.00054932,0.0011444
0.00059509,0.0014496,0.0013885,0.00050354,-0.0012512,0.0025177
0.0011139,0.0011902,0.00061035,0.00079346,0.00045776,0.0020294
0.0016022,-3.0518e-05,-0.00090027,0.0004425,0.0011749,0.00057983
-0.00041199,-0.00091553,-0.00064087,0.0002594,-0.00097656,-0.0014191
-0.0033417,-0.0014496,-0.00041199,-0.00030518,-0.0021057,-0.0037384
-0.0061035,-0.0030518,-0.0017242,-0.001236,-0.0043488,-0.0053406
-0.0064545,-0.0041809,-0.0037537,-0.0028076,-0.0057678,-0.0064392
-0.0055084,-0.0043488,-0.0043945,-0.0039215,-0.005188,-0.0066528
-0.0047913,-0.0041046,-0.003952,-0.0041809,-0.0059052,-0.0056
-0.003479,-0.0029755,-0.0035553,-0.0045013,-0.0058289,-0.0043182
-0.0024414,-0.0015717,-0.0025024,-0.0033112,-0.0042877,-0.0035248
-0.0019531,-0.00041199,-0.0018158,-0.0014801,-0.0023346,-0.0030212
-0.0020142,0.0002594,-0.002182,0.00012207,-0.0012512,-0.0036163
-0.0021057,-0.00076294,-0.0020447,0.0007019,-0.0028381,-0.0046997
-0.0026855,-0.0022888,-0.0021362,-0.0015259,-0.0036011,-0.0042267
-0.0040436,-0.0028992,-0.0037537,-0.0026398,-0.0037384,-0.0033569
-0.0037537,-0.0040436,-0.0041199,-0.002243,-0.0037689,-0.0024109
-0.0015411,-0.0042725,-0.0039673,-0.0027161,-0.001709,-0.0007782
-0.0002594,-0.0026093,-0.0050964,-0.0027161,-0.0020142,-0.00039673
-0.00018311,-0.002533,-0.004715,-0.0028839,-0.0032806,-0.0014343
-0.00082397,-0.0028381,-0.0047913,-0.0031891,-0.0032654,-0.0025024
-0.0034027,-0.0027771,-0.0054626,-0.0032806,-0.0041656,-0.0034485
-0.0044098,-0.0053101,-0.0052948,-0.0039368,-0.0042877,-0.0037842
-0.0039215,-0.0071869,-0.0074768,-0.004303,-0.004776,-0.0035553
-0.0054932,-0.007431,-0.0087738,-0.0042114,-0.0059814,-0.0041504
-0.0065155,-0.0082703,-0.0084229,-0.0046692,-0.0057526,-0.0053864
-0.0076904,-0.0085297,-0.0096741,-0.0055237,-0.0065918,-0.0072174
-0.0095062,-0.0087738,-0.0098419,-0.0062408,-0.0085449,-0.0090332
-0.0092926,-0.0093231,-0.0093536,-0.0070953,-0.0091858,-0.0088654
-0.008316,-0.0091858,-0.0099792,-0.0068207,-0.0095978,-0.008255
-0.0069122,-0.0083923,-0.0092468,-0.0058136,-0.0093384,-0.00737
-0.0051727,-0.0074005,-0.0080261,-0.0053864,-0.007782,-0.0061798
-0.0050964,-0.0061798,-0.0075226,-0.0040131,-0.0061035,-0.0059509
-0.0059509,-0.0050507,-0.0049286,-0.0028229,-0.0058746,-0.0049286
-0.0052338,-0.0045166,-0.0026245,-0.002243,-0.0063477,-0.0049591
-0.0036469,-0.003418,-0.0038757,-0.0018921,-0.0058594,-0.0058746
-0.0031433,-0.0034485,-0.0045776,-0.0019684,-0.0052185,-0.0046082
-0.0027618,-0.0040283,-0.0036621,-0.0007019,-0.0046692,-0.003006
-0.0014954,-0.0014801,-0.0023193,0.00082397,-0.003067,-0.0016632
-0.00042725,0.0013275,9.1553e-05,0.0025177,0.00024414,-0.0012512
0.0002594,0.0021515,0.0023651,0.005249,0.0033264,-0.0014801
0.0010376,0.0021515,0.004303,0.0073395,0.0039825,0.00056458
0.0011597,0.0023956,0.0054932,0.0080109,0.0032959,0.0022736
0.0016327,0.0035095,0.0055084,0.007309,0.0034485,0.0025635
0.0026855,0.0038757,0.005127,0.0063629,0.0041351,0.00354
0.002533,0.0033112,0.0043488,0.0051117,0.0037537,0.0030823
0.0027161,0.0027313,0.0033417,0.0046234,0.0026093,0.0022125
0.0029907,0.002182,0.0024719,0.0049286,0.0030212,0.0022278
0.00079346,0.0025482,0.0031738,0.0041656,0.0041809,0.00074768
-0.0010834,0.0039978,0.0049591,0.0052032,0.0032196,0.00012207
-0.00024414,0.0040436,0.0050964,0.0059052,0.0022125,0.0007019
0.0017395,0.002594,0.0039063,0.0039368,0.0019379,0.00083923
0.0029144,0.0024414,0.0037689,0.0023651,0.0014648,0.0024414
0.0020599,0.0027313,0.0039215,0.0023956,0.0016479,0.0023956
0.0012665,0.0022888,0.0029144,0.0047302,0.0025024,0.00091553
0.0014496,0.0011749,0.003006,0.0054474,0.0040741,0.0017853
0.00065613,-0.00021362,0.0025482,0.0034943,0.0048676,0.0027771
0.00042725,-0.00021362,0.0010376,0.0028687,0.003952,0.0034637
0.0013428,0.0009613,0.0007782,0.0023193,0.0024414,0.0036163
0.0027924,0.0017853,0.00065613,0.0017853,0.0024414,0.0032806
0.0042114,0.0022278,0.0019684,0.0027008,0.0044556,0.003418
0.0038605,0.0026398,0.0032196,0.0033875,0.0056763,0.0042725
0.003891,0.0032501,0.0035858,0.0044098,0.0059967,0.0056305
0.0052185,0.0048523,0.0052948,0.0057831,0.0060883,0.0050354
0.0057526,0.0063171,0.0063477,0.0057526,0.0056458,0.0046844
0.0057526,0.0065002,0.0070801,0.0055847,0.005188,0.0056763
0.0057526,0.0062408,0.0071106,0.0049744,0.0052795,0.0053406
0.0056152,0.0063934,0.005661,0.0043793,0.0073547,0.0054932
0.0063477,0.0066528,0.0067902,0.0062866,0.0089417,0.0070038
0.0069885,0.0070801,0.0092773,0.0082703,0.0087128,0.0075531
0.0067444,0.0085297,0.010437,0.0086212,0.008255,0.0072479
0.0081177,0.009201,0.011749,0.0090027,0.0075378,0.0075531
0.0095673,0.0095673,0.011642,0.0089111,0.0080872,0.0076599
0.0094604,0.0103,0.010864,0.0082703,0.0089722,0.0081177
0.010178,0.010315,0.011444,0.0074005,0.0098572,0.010468
0.010529,0.011337,0.010681,0.0065002,0.010681,0.010406
0.0095062,0.010849,0.00914,0.0059204,0.0083008,0.0081787
0.0091095,0.0083313,0.0087891,0.0044098,0.005722,0.008255
0.0086823,0.0079956,0.0077972,0.0026093,0.0054169,0.0079956
0.0083466,0.0089417,0.0072174,0.0017548,0.0049133,0.0079498
0.0089111,0.0097504,0.0070038,0.0013733,0.0049438,0.0080261
0.0086823,0.0097656,0.0056915,0.0014038,0.0050354,0.0060425
0.0079956,0.0080261,0.004837,0.0009613,0.0044556,0.0053864
0.0068665,0.0063477,0.0043945,-6.1035e-05,0.0038757,0.0050964
0.0053558,0.0041656,0.0038147,-0.00010681,0.0029144,0.0048676
0.0042419,0.0020447,0.0025177,-3.0518e-05,0.0023956,0.0046387
0.0022888,0.0016785,0.0012512,-0.00083923,0.0018005,0.0022278
0.00090027,0.0013428,0.0010986,-0.0022583,0.00083923,0.0012512
0.00076294,0.0014801,0.00093079,-0.0034027,-0.0013885,0.00030518
-0.00024414,0.0016022,0.00013733,-0.0037537,-0.0037842,-0.002533
-0.0010071,0.00080872,0.00028992,-0.0042267,-0.0039368,-0.0032806
-0.00056458,0,0.0010986,-0.0040131,-0.0033264,-0.0025482
-0.00067139,-0.0011444,-0.00024414,-0.0027313,-0.0014954,-0.0013428
-0.00085449,-0.0014191,-0.0010681,-0.0014191,0.0007019,4.5776e-05
-4.5776e-05,0.00022888,0.00074768,-0.00062561,0.0015717,0.00054932
0.0011902,0.0025787,0.0021667,-0.00024414,0.0028534,0.0014954
0.0025177,0.0040588,0.0029144,0.00065613,0.004776,0.0033569
0.003479,0.0039825,0.003952,0.0015564,0.0055389,0.004715
0.0046082,0.0038147,0.004303,0.0028534,0.0049286,0.0052948
0.0054169,0.0039368,0.004425,0.0034637,0.0049438,0.0055847
0.0051117,0.0033722,0.0046692,0.0029755,0.0056763,0.0050812
0.0040436,0.0030823,0.0039673,0.0038147,0.0069122,0.0046844
0.0027008,0.0026093,0.0022736,0.0033264,0.0076141,0.005249
0.0020142,0.00099182,0.00073242,0.00053406,0.0060425,0.0050812
0.0015869,-0.0012207,0.00061035,-0.0013275,0.0037689,0.0029297
7.6294e-05,-0.0025482,0.0007019,-0.0012817,0.00097656,0.0016937
-0.00082397,-0.0015259,0.00033569,-0.0010986,6.1035e-05,0.001297
1.5259e-05,-0.00015259,-0.0002594,-0.0019226,0.0018463,-0.00032043
0.00059509,-0.00024414,-0.0010529,-0.002182,0.00080872,0.00088501
0.0010986,-0.00064087,-0.0011444,-0.0028687,0.00045776,0.0031128
0.0010071,-0.00080872,-0.0018463,-0.0029907,0.0030212,0.0029755
0.00076294,-0.00068665,-0.0023956,-0.0012817,0.0029907,0.0026245
0.0017242,0.00048828,0.00013733,-0.0010529,0.0019836,0.0019073
0.0027618,0.0025024,0.0028381,-0.00041199,0.0021973,0.0027618
0.0044403,0.004425,0.0034027,0.00074768,0.0028534,0.00383
0.0061646,0.0061798,0.0041046,0.00080872,0.0032654,0.0040741
0.0075531,0.0069427,0.005127,0.0023041,0.0043182,0.0063782
0.0089264,0.0072632,0.0055389,0.0035095,0.0058136,0.0066681
0.0079498,0.0085602,0.0071564,0.0038452,0.0057678,0.0052338
0.0060425,0.0093231,0.0094757,0.0045166,0.0064392,0.0061493
0.0058441,0.0090179,0.0088348,0.003891,0.0065308,0.0063782
0.0062256,0.0075836,0.0071716,0.0023346,0.0045166,0.004303
0.0059357,0.0056,0.0058289,0.0022583,0.0030975,0.0031586
0.0036926,0.0038605,0.0035858,0.0021515,0.0026093,0.0028534
0.0012665,0.0018463,0.003006,0.00042725,0.0032806,0.002655
0.0013123,0.001297,0.0027313,-1.5259e-05,0.0040436,0.003891
0.0017548,0.0014954,0.0011749,0.00067139,0.0039978,0.0037079
0.0018158,0.00010681,0.00085449,0.0010529,0.0034332,0.0018158
0.00093079,-0.0002594,0.00073242,0.00057983,0.0023651,0.00047302
-0.0011444,0.00085449,0.00091553,-0.0013885,3.0518e-05,-0.00079346
-0.0022736,0.00016785,0.0019684,-0.0033264,-0.0031433,-0.002243
-0.0028534,-0.0011444,0.00045776,-0.0041351,-0.0040894,-0.0041656
-0.0042267,-0.002594,-0.0013733,-0.0038605,-0.0041656,-0.0045319
-0.0055237,-0.0041962,-0.0020905,-0.0040131,-0.0039063,-0.0039063
-0.0052948,-0.0034637,-0.0041199,-0.004425,-0.0023193,-0.0051117
-0.0040283,-0.0032043,-0.0039063,-0.003952,-0.0020447,-0.0047455
-0.0029144,-0.0030212,-0.0020752,-0.0040436,-0.0026093,-0.0033569
-0.0021057,-0.0010986,-0.0018311,-0.004425,-0.0026245,-0.0031586
-0.0010529,-0.0010529,-0.0010681,-0.0036926,-0.0027924,-0.0007782
0.00013733,-0.0016479,-0.0010529,-0.003067,-0.0022888,0.0019073
0.00047302,-0.0016632,-0.0023651,-0.0027161,-9.1553e-05,0.001297
0.00027466,-0.0018005,-0.0019073,-0.0017548,0.00080872,-0.00090027
-0.00010681,-4.5776e-05,-0.00086975,-0.0018463,-0.00027466,-0.00073242
-0.0005188,0.0018158,-0.0010529,-0.0029449,-0.0009613,-7.6294e-05
-7.6294e-05,0.0013428,-0.0013123,-0.0028839,-0.0018921,-0.0018311
-4.5776e-05,-0.00048828,-0.0011749,-0.0026093,-0.0027924,-0.0020142
-0.00099182,-0.0020905,-0.0011444,-0.0031891,-0.0027466,-0.00050354
-0.00083923,-0.0023956,-0.0022888,-0.0035095,-0.0015869,-0.00097656
-0.0010376,-0.0015717,-0.0036926,-0.0037079,-0.0014496,-0.0024567
-0.0019379,-0.0010681,-0.0023956,-0.0037231,-0.0029755,-0.0014191
-0.0011902,-0.0025482,-0.0015564,-0.0024109,-0.0023346,-7.6294e-05
-0.001297,-0.003891,-0.0034943,-0.0016632,-0.00082397,-0.00033569
-0.0020294,-0.0040131,-0.0044403,-0.0029907,-0.00035095,3.0518e-05
-0.0014954,-0.0036163,-0.0046997,-0.0035248,-0.00042725,-9.1553e-05
-0.0010681,-0.0020905,-0.0043335,-0.002243,-0.0012054,0.00028992
-0.00022888,-0.001709,-0.0021667,-0.0010529,-0.0012054,0.00086975
0.00064087,-0.0010529,-0.00045776,7.6294e-05,-0.00071716,0.00033569
0.00042725,0.00036621,0.00010681,0.00042725,-0.00012207,0.00054932
0.00061035,3.0518e-05,-0.00028992,-0.00094604,-7.6294e-05,0.00036621
0.00177,0.00062561,-0.0013885,-0.0014343,-0.0012665,6.1035e-05
0.0010529,0.0018768,-0.00027466,-0.00032043,-0.0018616,-0.0011139
-0.0014954,0.0028381,0.0028534,0.00067139,-0.0014648,-0.0030975
-0.0017548,0.0032654,0.0042572,0.0010529,-0.00097656,-0.0029449
0.00035095,0.0019226,0.0032806,0.0013428,-0.00016785,-0.0011749
0.0014343,0.00177,0.0022736,0.0014801,-0.00021362,0.00018311
0.00024414,0.0029144,0.0028229,0.00041199,-0.0012512,-0.00033569
1.5259e-05,0.0029297,0.0024567,0,-0.0011749,-0.00030518
0.0021667,0.0022278,0.00099182,0.00062561,0.00024414,0.0011292
0.0025024,0.0011444,0.00065613,0.00047302,0.0024109,0.0023956
0.0011444,0.00054932,0.00015259,0.0014801,0.0041046,0.0039825
0.00177,0.00099182,0.00045776,0.0025177,0.0046844,0.005249
0.004303,0.0022278,0.0021057,0.0019684,0.0045624,0.0062561
0.0061798,0.0036011,0.003067,0.0030823,0.0045929,0.0054779
0.0057526,0.0047455,0.0047607,0.0041199,0.004425,0.0037384
0.0048218,0.006012,0.0056458,0.002533,0.0032349,0.0041962
0.0040283,0.0057983,0.0031586,0.0016479,0.0029297,0.0033875
0.0026245,0.0039673,0.0016785,0.0018921,0.002594,0.0015717
0.0013275,0.0018005,0.0018158,0.00074768,0.00064087,0.0016785
0.00062561,0.0002594,0.00012207,-0.0010986,-0.00083923,1.5259e-05
0.00015259,0.00061035,-0.00091553,-0.0021362,-0.0015411,-0.0014191
4.5776e-05,0.00022888,-0.00076294,-0.0021667,-0.0016632,-0.00053406
0.00030518,-0.0010834,-0.0011597,-0.0019073,-0.002182,-0.00091553
-0.0010223,-0.00083923,-0.0007019,-0.0017242,-0.0024719,-6.1035e-05
-0.0018005,-0.00076294,-0.00088501,-0.00068665,0,0.0011292
-0.00067139,-0.0010834,-0.00059509,0.001358,0.0020905,0.00056458
6.1035e-05,-0.00013733,0.0025635,0.0023956,0.0032043,0.0015106
0.00042725,0.0019684,0.0043488,0.0022583,0.0041351,0.0016327
0.00062561,0.0032654,0.0039825,0.0032501,0.0028381,0.00071716
0.00071716,0.0025787,0.0043488,0.0037994,0.0028381,0.00024414
-0.00068665,0.0018311,0.0047607,0.0030212,0.0022125,-0.0010529
-0.0019073,0.0016479,0.0051575,0.0028992,-0.00041199,-0.00177
-0.00086975,0.0018005,0.0050659,0.0020447,0.00028992,-0.0016327
-0.00080872,0.0021973,0.0034332,0.001236,0.00082397,-0.0016632
-0.0013275,0.001297,0.0023804,0.00097656,0.00036621,-0.0016785
-0.00068665,6.1035e-05,0.0016937,-0.00094604,0.0011902,-6.1035e-05
0.00074768,0.00028992,0.00038147,-0.0020752,0.00030518,0.0013275
0.0015106,0.00056458,0.00018311,-0.001358,-0.00064087,0.00010681
0.00088501,0.00074768,0.0013885,4.5776e-05,0.00065613,0.00045776
0.0018005,0.0013275,0.0017853,0.00091553,0.0030975,0.0024261
0.003067,0.0019226,0.0019836,0.00090027,0.0037079,0.0022736
0.0022278,0.0037842,0.0041962,0.0018463,0.0026093,0.00177
0.0016327,0.0049286,0.0047607,0.0018463,0.0025787,0.0013275
0.0026855,0.0034943,0.0029297,1.5259e-05,0.0021515,0.00088501
0.0043488,0.0031586,0.0017853,-0.00071716,0.0014496,0.0028534
0.0057068,0.0043945,0.0016785,0.00038147,0.0029755,0.0052643
0.0062561,0.0044403,0.0034027,0.0023651,0.006073,0.0060577
0.0063171,0.0049286,0.0052948,0.004364,0.0074921,0.0068817
0.0077057,0.0067444,0.0068512,0.0054474,0.0072632,0.0078278
0.0083618,0.0073242,0.008194,0.0047455,0.0062256,0.0072479
0.0069885,0.0067139,0.0070801,0.0030975,0.0045013,0.0065308
0.006958,0.0059967,0.0052185,0.0028076,0.0041962,0.0053558
0.0062561,0.0050659,0.0048981,0.0035858,0.0033722,0.0032196
0.0042725,0.0038147,0.0047455,0.0026703,0.0027618,0.0037231
0.003952,0.0031128,0.0036163,0.00073242,0.0045929,0.0052185
0.004425,0.0048981,0.0037384,0.0010529,0.0059204,0.0053864
0.0052185,0.0065613,0.0060272,0.0030365,0.0062561,0.0059509
0.0058136,0.006134,0.007309,0.0047302,0.0063171,0.0068207
0.0063782,0.0062256,0.0077667,0.0055847,0.0072021,0.0076294
0.0066528,0.0061493,0.0081177,0.0053864,0.0079041,0.0079803
0.0055389,0.0056305,0.0066376,0.0043488,0.0072327,0.0076752
0.0048065,0.004715,0.0043793,0.0023193,0.0068817,0.0066376
0.0037537,0.0016937,0.0015564,4.5776e-05,0.0059967,0.0048828
0.0020752,-0.0007782,-0.001297,-0.0018158,0.0027008,0.0035706
0.0004425,-0.0019684,-0.0031738,-0.0037079,-0.00028992,0.0018311
-0.0017548,-0.0032654,-0.0043335,-0.0044861,-0.00042725,-0.00068665
-0.0026398,-0.0036621,-0.0044098,-0.0049591,-0.0005188,-0.0020599
-0.0033417,-0.0040131,-0.0054016,-0.0058746,-0.0015411,-0.0029755
-0.0047455,-0.0045929,-0.0062408,-0.0055542,-0.0028687,-0.0028992
-0.0045624,-0.0048828,-0.0050812,-0.0052185,-0.0040741,-0.0015411
-0.003418,-0.0049438,-0.0056763,-0.0058289,-0.0042267,-0.0018768
-0.0028076,-0.0049591,-0.0063477,-0.0067902,-0.0033875,-0.0034027
-0.0040741,-0.0045471,-0.0050507,-0.0064697,-0.00383,-0.0045013
-0.0056763,-0.0036621,-0.0052795,-0.004715,-0.0054169,-0.0050659
-0.0045013,-0.0036469,-0.0052948,-0.0046539,-0.0048828,-0.0050812
-0.0029755,-0.0029602,-0.0033875,-0.0048828,-0.0047607,-0.0048676
-0.0030823,-0.0019226,-0.0022125,-0.0053558,-0.0061493,-0.0036621
-0.0032806,-0.0037384,-0.0048065,-0.007431,-0.0062103,-0.0023499
-0.0036316,-0.006012,-0.0084839,-0.0077667,-0.0054779,-0.0023193
-0.0040436,-0.0067291,-0.0085602,-0.0068512,-0.0051727,-0.0018921
-0.0041809,-0.0069733,-0.0084534,-0.0066528,-0.0043335,-0.0023499
-0.0042725,-0.0062714,-0.0096436,-0.0061188,-0.0039673,-0.0042267
-0.003952,-0.0061798,-0.0093079,-0.0062256,-0.005722,-0.0036469
-0.0044708,-0.0067139,-0.0084381,-0.0078888,-0.0066223,-0.0036011
-0.0065918,-0.0062714,-0.0081024,-0.0074768,-0.0063171,-0.0060883
-0.0079193,-0.0072021,-0.0070648,-0.005188,-0.0066833,-0.0063324
-0.0079041,-0.0078888,-0.0072632,-0.0049286,-0.0072174,-0.0064697
-0.0082855,-0.0071411,-0.0083313,-0.0054169,-0.0080261,-0.0084839
-0.0085602,-0.0076904,-0.0079346,-0.0064392,-0.0089111,-0.0088806
-0.007782,-0.0081482,-0.0093231,-0.0073853,-0.008728,-0.0078735
-0.0076599,-0.0083008,-0.0092926,-0.0058441,-0.007782,-0.0079193
-0.0090637,-0.0085754,-0.0061493,-0.0033722,-0.0079651,-0.0081482
-0.0090027,-0.0084991,-0.0064697,-0.0033264,-0.0076904,-0.0072937
-0.0084076,-0.0080719,-0.0077972,-0.0043488,-0.0058899,-0.0079498
-0.0088806,-0.0068054,-0.0072021,-0.0037994,-0.0062408,-0.0084534
-0.007309,-0.0066376,-0.008255,-0.005188,-0.0082245,-0.006958
-0.0058899,-0.0072937,-0.009613,-0.0067139,-0.0083466,-0.006424
-0.0063629,-0.0067749,-0.0072327,-0.0046997,-0.0073395,-0.006134
-0.0056763,-0.005188,-0.0038452,-0.0020142,-0.0061951,-0.0050812
-0.0036774,-0.0022888,-0.0024719,0.00053406,-0.003891,-0.0036469
-0.00079346,0.0010681,0.00021362,0.0028534,-0.00088501,-0.0010071
0.0014343,0.0038452,0.0028076,0.0046539,0.0012817,0.00042725
0.0026093,0.0050964,0.0030975,0.0047302,0.0018768,0.00068665
0.003891,0.0047913,0.0028534,0.0027466,0.0013733,0.0021667
0.0034637,0.0034485,0.0010986,0.0016785,0.00090027,0.0022736
0.0029602,0.00094604,0.00028992,0.0019836,0.00094604,0.001709
0.0024109,0.0013885,0.0018311,0.002655,0.0011292,0.0018616
0.00059509,0.0025482,0.0022583,0.0037384,0.00047302,0.0016022
0.001358,0.00039673,0.0022888,0.0031891,0.00047302,0.0016937
0.0027008,0.00086975,0.0014954,0.0021667,0.0014648,0.00090027
0.0019989,0.0030212,0.00083923,0.0032501,0.0013123,0.00032043
0.0014038,0.0028076,0.0018463,0.0030518,0.00071716,-1.5259e-05
0.00024414,0.002121,0.001297,0.0028381,-0.0007782,-0.00093079
-0.00099182,0.0005188,0.0016785,0.0028381,-0.0027008,-0.0015411
-0.0021057,0.00012207,0.003891,0.00094604,-0.0023499,-0.00354
-0.0028534,0.0023804,0.0056763,0.0029297,-0.0011902,-0.0037842
-0.0013733,0.0029755,0.0059204,0.0052338,-0.00012207,-0.0019989
-0.00030518,0.0029907,0.0041351,0.0036316,0.0014191,-0.0020142
-0.00033569,0.0036469,0.0044403,0.0041656,0.0010681,-0.0010376
-0.00045776,0.0025787,0.0052795,0.004715,4.5776e-05,0.00041199
-0.00012207,0.0018463,0.003952,0.0036621,0.0016174,-0.00028992
0.00073242,0.0023193,0.0034943,0.0045471,0.0027466,0.0007019
0.00083923,0.0028534,0.0044708,0.0040894,0.0030212,0.002533
0.0017395,0.0034027,0.0041351,0.0025024,0.0046692,0.0018616
0.0030823,0.0038605,0.0035858,0.0034943,0.0042267,0.0018921
0.0036774,0.0039368,0.0054474,0.0044403,0.0016327,0.0022583
0.0038605,0.00383,0.0050201,0.0027313,0.00099182,0.0016022
0.0024567,0.0032196,0.0015411,0.00042725,0.0014343,0.00083923
-0.00041199,0.00090027,0.00013733,0.00013733,-9.1553e-05,-0.00083923
-0.0034027,-0.00177,-0.00012207,-0.00015259,-0.0018463,-0.0022583
-0.004837,-0.0033112,-0.0018311,-0.0018768,-0.0015869,-0.0031738
-0.0046387,-0.0041962,-0.0026855,-0.0022888,-0.0013123,-0.0036926
-0.0045319,-0.0036621,-0.0018921,-0.0019684,-0.0017242,-0.0034943
-0.0042114,-0.0011597,-0.0015564,-0.0015411,-0.0016174,-0.0035095
-0.0033875,-0.00042725,-0.0011597,-0.00080872,-0.0010529,-0.002533
-0.0018463,-0.0023346,-0.0016785,-0.0009613,-7.6294e-05,-0.0010834
-0.0013123,-0.0027161,-0.0029602,0.00012207,0.0014038,-0.00099182
-0.0026093,-0.0027161,-0.002533,0.0014191,0.0024261,-0.0002594
-0.0017395,-0.0031891,-0.0011749,0.00082397,0.0028534,0.0020599
0.00059509,-0.0016479,0.00042725,0.00094604,0.0034485,0.00354
0.0023041,0.001297,0.0025177,0.0028229,0.0040741,0.0036621
0.0048676,0.0047913,0.0048218,0.0052948,0.0052185,0.0048523
0.0078125,0.0080719,0.0062866,0.0063477,0.0070038,0.0073242
0.0092468,0.0095673,0.0077057,0.0061798,0.0088501,0.0083618
0.0085602,0.0090332,0.0091248,0.0065765,0.0098724,0.0083313
0.0069275,0.0082703,0.0085297,0.0069885,0.0096893,0.0089264
0.0061951,0.0067139,0.0071259,0.0061493,0.0094604,0.0083008
0.0067444,0.0046692,0.0056152,0.0049744,0.0072784,0.0068665
0.0066528,0.0045929,0.0040131,0.0036621,0.0049133,0.0054169
0.0044861,0.0041962,0.0030823,0.00093079,0.0035248,0.0029755
0.0013428,0.0015717,0.0015717,-0.0011749,0.0010071,0.0019226
-0.00048828,-0.0015259,-0.0018158,-0.0018921,0.0012665,0.002121
0.00064087,-0.0025177,-0.0056152,-0.0027161,0.0020752,0.0022736
0.0032043,-0.0018616,-0.0054932,-0.0042267,0.0011292,0.0036774
0.0034332,-0.0009613,-0.003006,-0.0044708,0.0014343,0.0037231
0.0023193,0.00067139,-0.0018768,-0.0011597,0.0018158,0.0025635
0.002121,0.0010834,0.00039673,0.0013428,0.0024567,0.0037384
0.0021057,0.00080872,0.0021973,0.0010986,0.0040436,0.003891
0.0024109,0.0022888,0.00091553,0.0010071,0.0036316,0.0021362
0.0013428,0.0027008,-0.00038147,-0.00022888,-0.00024414,0.00028992
0.0005188,0.0011597,-0.00022888,-0.0026093,-0.0042572,-0.0021667
0.00024414,0.00048828,0.00016785,-0.004364,-0.0061493,-0.0036316
-0.0024567,1.5259e-05,-0.0018311,-0.004837,-0.0066986,-0.0054779
-0.0043945,-0.00097656,-0.0041656,-0.0045319,-0.0069427,-0.0070801
-0.0045471,-0.0020294,-0.0039368,-0.005722,-0.0063629,-0.0062256
-0.0052338,-0.0036774,-0.0050049,-0.007019,-0.0064392,-0.0057068
-0.0062256,-0.006012,-0.0062561,-0.0061798,-0.0088348,-0.0063629
-0.0076599,-0.0080719,-0.0071869,-0.0065765,-0.009491,-0.007431
-0.0098724,-0.0095062,-0.010315,-0.008728,-0.0096741,-0.010635
-0.012115,-0.0112,-0.01152,-0.0096588,-0.012222,-0.013916
-0.013931,-0.01236,-0.011536,-0.010422,-0.014328,-0.013702
-0.013428,-0.012375,-0.012665,-0.011688,-0.014908,-0.012833
-0.011932,-0.010818,-0.012863,-0.012192,-0.014389,-0.012314
-0.012283,-0.0097198,-0.012283,-0.011002,-0.014008,-0.012085
-0.011887,-0.011276,-0.012802,-0.009613,-0.014084,-0.013733
-0.010971,-0.012405,-0.013824,-0.010422,-0.014297,-0.013916
-0.010422,-0.0121,-0.013535,-0.011734,-0.014313,-0.011383
-0.0091553,-0.010178,-0.013809,-0.010895,-0.012695,-0.0091095
-0.0081635,-0.0081482,-0.012268,-0.0076447,-0.010254,-0.0078125
-0.0070953,-0.0080261,-0.0083771,-0.0042725,-0.0079498,-0.0067444
-0.0061188,-0.0069427,-0.0060883,-0.0018158,-0.0055389,-0.0063782
-0.0061188,-0.0051727,-0.00383,0.00036621,-0.0042572,-0.0061951
-0.0050507,-0.0038605,-0.0029297,0.00067139,-0.0037537,-0.0047913
-0.0036316,-0.0029144,-0.0044098,-0.00059509,-0.0031738,-0.0045929
-0.0043793,-0.003418,-0.0046844,-0.0017395,-0.0049591,-0.0048676
-0.0041199,-0.0054779,-0.0039978,-0.0019226,-0.0065002,-0.0031891
-0.0035095,-0.0057526,-0.0045471,-0.00062561,-0.003891,-0.0031128
-0.0043182,-0.0030518,-0.0036774,0.0011292,-0.0018616,-0.003891
-0.0027313,-0.0023041,-0.0012512,0.0023956,-0.0015717,-0.002121
-0.00018311,-0.0015106,-0.0019836,0.0016785,4.5776e-05,0.00039673
0.0010223,-4.5776e-05,-0.0032349,0.00018311,0.0011139,0.0025635
0.0022583,-0.00086975,-0.0023804,0.00097656,0.00094604,0.003891
0.0029297,-0.0007019,-0.0016937,0.0026245,0.0012512,0.00354
0.0019989,-0.00030518,-0.00079346,0.003418,0.0020142,0.0030823
0.0011444,-0.00056458,0.00027466,0.0041199,0.002655,0.0035706
0.0013885,7.6294e-05,0.00071716,0.0041504,0.0037537,0.0043793
0.0016327,0.0016327,0.0019226,0.0046387,0.0055084,0.0042877
0.0025787,0.0034943,0.0042725,0.0071411,0.0069733,0.0046234
0.0042877,0.0046082,0.0048981,0.0085907,0.0074615,0.0059509
0.0052185,0.0049591,0.0047607,0.0084076,0.0070038,0.0051117
0.005127,0.0045471,0.0052643,0.0074005,0.0056763,0.0048676
0.0049591,0.0045166,0.0046844,0.0061951,0.0049286,0.0055542
0.0041962,0.0042572,0.0050507,0.0068817,0.0056,0.0038605
0.002655,0.0031586,0.0068665,0.0079651,0.0068054,0.0041046
0.0033569,0.0041504,0.0077515,0.0083313,0.0092621,0.0064545
0.0056152,0.0072021,0.0084229,0.0097961,0.010269,0.007431
0.0080109,0.0089417,0.01091,0.011337,0.0092468,0.0079346
0.009491,0.0096893,0.012009,0.010986,0.010345,0.0087433
0.0088043,0.011078,0.010391,0.010727,0.011642,0.0098114
0.0096588,0.011307,0.011215,0.010986,0.011993,0.010376
0.010803,0.010696,0.013351,0.0112,0.012222,0.009964
0.01004,0.010757,0.013565,0.011581,0.01149,0.0093689
0.009613,0.010574,0.012161,0.010269,0.0099792,0.0087128
0.0091248,0.010834,0.010864,0.008255,0.0091553,0.0085754
0.0089569,0.010818,0.011337,0.0070801,0.0092621,0.0085449
0.008667,0.0094299,0.011673,0.0066986,0.0085907,0.0076904
0.0073547,0.0085754,0.01088,0.0068512,0.0079803,0.0070343
0.0064545,0.0078125,0.0092163,0.0055847,0.0072479,0.0060577
0.0056458,0.0074768,0.0072479,0.0035553,0.0058899,0.0045166
0.0050507,0.0072327,0.0060272,0.0015106,0.0045319,0.0033722
0.0045471,0.0048981,0.0041656,-0.00099182,0.0031586,0.0032654
0.0030212,0.002594,0.0012817,-0.0018616,0.0026398,0.0037079
0.0019379,0.00076294,-0.00010681,-0.0017395,0.0022125,0.0033112
0.0017548,-0.00080872,-0.00042725,-0.0020599,0.0013123,0.0027313
0.00088501,-0.00097656,-0.0012817,-0.0019989,0.00079346,0.0019226
0.00086975,0.00018311,-0.00083923,-0.0017548,0.00082397,0.0014954
0.0036469,0.0021362,0.00097656,-0.0013733,0.00076294,0.0028076
0.0056,0.0032806,0.0025024,-0.00080872,0.0010681,0.0039368
0.0050964,0.0042572,0.0037231,-9.1553e-05,0.0029602,0.0050507
0.0052795,0.0053864,0.0053253,0.0018768,0.0052338,0.0064545
0.0068665,0.0061188,0.006485,0.0036774,0.0071564,0.0064392
0.008606,0.0069733,0.0059509,0.0037689,0.0082855,0.0070801
0.0095978,0.0076904,0.006485,0.0041046,0.0068512,0.008667
0.0095673,0.0083313,0.0081482,0.0037537,0.0060272,0.0081024
0.0077057,0.0084229,0.0079651,0.0035858,0.0061798,0.0063324
0.0063171,0.0074768,0.0076141,0.0043793,0.0054779,0.0059509
0.0071259,0.0063019,0.0053558,0.0023193,0.0059357,0.005661
0.0067749,0.0050201,0.0005188,-0.00047302,0.0047302,0.0059509
0.0048981,0.0022583,-0.0010986,-0.0022736,0.0032349,0.0062408
0.0025024,-0.00094604,-0.0019379,-0.003952,0.0024109,0.0041199
0.00019836,-0.0028229,-0.0037537,-0.00354,-9.1553e-05,0.0020905
-0.0019379,-0.0037537,-0.0024261,-0.0026093,7.6294e-05,-0.00079346
-0.0045013,-0.0030365,-0.0011444,-0.0025177,-0.00056458,-0.0035553
-0.0049438,-0.0025024,-0.0019836,-0.0030975,-0.0043945,-0.0036469
-0.0036926,-0.0031281,-0.0029449,-0.0053558,-0.0053406,-0.0049133
-0.0047455,-0.0026703,-0.003067,-0.0061951,-0.0052643,-0.0063782
-0.0058289,-0.0029907,-0.0026398,-0.0050659,-0.0060425,-0.0055542
-0.004364,-0.0040741,-0.0040131,-0.0054779,-0.005127,-0.0050812
-0.0034485,-0.0027771,-0.0037537,-0.0060272,-0.0043793,-0.0056152
-0.0032806,-0.00094604,-0.00085449,-0.0044403,-0.0057068,-0.0052032
-0.003067,-0.00088501,-0.00061035,-0.0036621,-0.0057373,-0.0054932
-0.0041809,-0.001358,-0.00083923,-0.0033722,-0.0046234,-0.0071869
-0.0058594,-0.0015717,0.00082397,-0.0015564,-0.0058594,-0.0068817
-0.0047913,-0.001709,0.00091553,-0.0022583,-0.0053406,-0.0062866
-0.0025635,-0.0010529,-0.0010834,-0.0040283,-0.0031586,-0.0060577
-0.0028992,0,-0.0009613,-0.0034332,-0.0043488,-0.0047302
-0.0032654,0.00042725,0.00048828,-0.0025024,-0.0050964,-0.0049438
-0.0025635,0.00053406,0.00022888,-0.0019836,-0.0039063,-0.005127
-0.0027008,-0.00073242,-0.00059509,-0.0020142,-0.0031586,-0.0035706
-0.0036469,-0.0028229,-0.0021515,-0.0024719,-0.0029602,-0.003479
-0.0045319,-0.0041351,-0.0033264,-0.0037689,-0.0021973,-0.0037537
-0.0049133,-0.0048218,-0.0049286,-0.0042572,-0.0018463,-0.0026093
-0.0045624,-0.0046997,-0.0062103,-0.0029449,-0.0031738,-0.0022278
-0.0031586,-0.0049896,-0.0040588,-0.0028534,-0.0026855,-0.0021057
-0.0023956,-0.0047302,-0.0036621,-0.0034485,-0.0015259,-0.0020599
-0.0030823,-0.0029755,-0.0044861,-0.0033112,-0.0016479,-0.0032959
-0.0037079,-0.0024414,-0.0031586,-0.0028229,-0.0028229,-0.003952
-0.0046692,-0.0031281,-0.0036926,-0.0024109,-0.00383,-0.0041962
-0.0059814,-0.0055542,-0.0053406,-0.0036469,-0.0029755,-0.004715
-0.0058441,-0.0082092,-0.006424,-0.005188,-0.0034943,-0.0040131
-0.005249,-0.0073853,-0.0073242,-0.0050507,-0.0052185,-0.0035706
-0.005249,-0.0050049,-0.0063782,-0.0054169,-0.005661,-0.0036163
-0.0050659,-0.0036316,-0.0054016,-0.0058746,-0.0048981,-0.0039215
-0.0049744,-0.0034332,-0.0062103,-0.0044098,-0.0043488,-0.0054016
-0.0043182,-0.0041962,-0.0050964,-0.0031586,-0.005127,-0.0048523
-0.0035553,-0.0052948,-0.0029297,-0.0031891,-0.0047302,-0.0034485
-0.004425,-0.0044098,-0.0037537,-0.0020447,-0.0027771,-0.0045776
-0.005249,-0.0028992,-0.0036011,-9.1553e-05,-0.0016174,-0.0036011
-0.0036926,-0.0041809,-0.0023804,0.00045776,0,0.00012207
-0.0012817,-0.0041046,-0.0033417,0.0010529,0.0023041,0.0016937
0.00042725,-0.0015106,-0.0025635,0.0018005,0.0034637,0.0032349
0.0021515,-0.0004425,-0.00028992,0.0023804,0.0042877,0.0044708
0.002243,0.00010681,0.00082397,0.0033417,0.0042877,0.0022736
0.00085449,0.0015717,0.0025635,0.0036316,0.0032654,0.0010529
0.00016785,0.0022278,0.0038452,0.0041351,0.0026398,0.0013885
0.00021362,0.0014191,0.0030823,0.0039368,0.001709,0.0014801
0.0013275,0.00047302,0.00099182,0.0021667,0.0018921,0.0023499
0.0016327,-6.1035e-05,-0.00064087,0.00068665,0.002243,0.00177
-0.00038147,-0.0010834,-0.0013733,-0.00027466,-0.00035095,0.00086975
-0.0019531,-0.0019684,-0.0029297,-0.0014648,-0.0020142,0.00012207
-0.0017395,-0.0014954,-0.0032043,-0.0024872,-0.0015869,-0.0016327
-0.0016937,-0.0010223,-0.0016632,-0.0017395,-0.0017242,-0.0023193
-0.0024719,-0.0009613,-0.0012817,-0.00085449,-0.002243,-0.0032043
-0.0026398,-0.0010529,-0.00091553,-0.00028992,-0.0030823,-0.0037384
-0.0024414,-0.0013275,9.1553e-05,0.00057983,-0.0030975,-0.0028076
-0.003067,-0.0004425,-0.00033569,-0.00024414,-0.0015259,-0.0028229
-0.0041504,-0.00054932,-0.0010834,-0.001297,-0.0012054,-0.0039368
-0.0045929,-0.0028076,-0.0014496,-0.0018158,-0.0032196,-0.0037689
-0.0036163,-0.004364,-0.0024261,-0.0018768,-0.0045471,-0.0024109
-0.0031281,-0.0042114,-0.0023499,-0.00177,-0.0044403,-0.0030823
-0.0043488,-0.0024261,-0.0011902,-0.0018616,-0.0042419,-0.0045166
-0.0037689,-0.00065613,-0.0010223,-0.0010986,-0.0032959,-0.0040283
-0.0014954,6.1035e-05,-0.0010529,-0.0011139,-0.0022278,-0.0023499
0.00050354,0.00068665,-0.0013733,-0.0021515,-0.0019379,0.0002594
0.0020447,0.00041199,-0.0022583,-0.00177,-0.00065613,0.0015869
0.0012817,-0.00050354,-0.00097656,0.0010986,0.00039673,0.00027466
-0.00082397,-0.00074768,0.00099182,0.0028839,-0.00064087,-3.0518e-05
-0.0020294,-0.0005188,0.00019836,0.0014191,-0.00080872,-1.5259e-05
-0.0016479,-0.00067139,-0.0013733,-0.00016785,0.00022888,-0.00059509
-0.00076294,-0.0020142,-0.0013885,-0.00033569,4.5776e-05,0.00074768
-0.00030518,-0.0020905,-0.00074768,0.0010529,0.00071716,0.0014648
0.00061035,-4.5776e-05,-0.0005188,0.0023193,0.0019989,0.0014801
0.0014954,0.0007019,0.00024414,0.0020447,0.001709,0.0028687
0.0019226,0.0012207,0.0011749,0.0018463,0.0016785,0.0028534
0.0018005,0.0022278,0.0015869,0.002121,0.00048828,0.00099182
0.00067139,0.0017395,0.0032043,0.0025177,-0.0018158,-0.00054932
0.0002594,0.0018616,0.0040131,0.0031281,-3.0518e-05,-0.00036621
0.00083923,0.002121,0.0033569,0.0036774,0.0031433,0.0007019
0.00050354,0.0020905,0.0032349,0.0035706,0.0028229,0.0010376
7.6294e-05,0.0033112,0.003006,0.0030212,0.0020294,0.0010071
1.5259e-05,0.002533,0.0028381,0.0017548,0.00091553,3.0518e-05
-0.00067139,-4.5776e-05,0.002121,0.00041199,-0.001236,-0.0009613
-0.0013885,-0.00076294,0.00099182,0.00012207,-0.0017242,-0.00050354
-0.0014801,-0.00035095,0.0012512,6.1035e-05,-0.00071716,0.00048828
-0.0011139,7.6294e-05,0.0018616,0.00079346,0.0014343,0.0011139
0.00022888,0.0007782,0.0014954,0.0025482,0.0035858,0.00093079
0.00053406,0.0015564,0.0016632,0.0036163,0.0033722,0.00068665
-0.0004425,0.0022278,0.0025635,0.0033875,0.0027924,0.0014496
0.0016174,0.0018921,0.0025024,0.0031281,0.0037079,0.0029297
0.0037079,0.00099182,0.0016937,0.0025177,0.0032196,0.0040283
0.003067,0.00097656,0.0013123,0.0016785,0.0020142,0.00354
0.0024872,0.0014801,0.0010376,0.0015411,0.0016327,0.002655
0.0022583,0.0016937,-0.00015259,0.00027466,0.00099182,0.0027008
0.0033569,0.001709,-0.0015106,-0.0021057,0.0011444,0.0028076
0.0054626,0.0027466,-0.0018768,-0.002243,0.0014954,0.0033875
0.006073,0.0039825,-9.1553e-05,0.0012512,0.0018768,0.0032501
0.0040283,0.003891,0.0030823,0.0033112,0.0023651,0.0024414
0.0021057,0.003479,0.0041962,0.0020905,0.0029297,0.0032501
0.0034637,0.0037231,0.0036011,0.0028992,0.0046539,0.0045624
0.0046082,0.0042572,0.0040436,0.004303,0.0058441,0.0052948
0.0043182,0.0042419,0.0048065,0.0041046,0.0056763,0.005188
0.0050964,0.0036011,0.005127,0.004715,0.0055542,0.0049591
0.0057983,0.0041351,0.0057678,0.0055389,0.0050812,0.0048523
0.0056763,0.0067596,0.0069733,0.0053101,0.0053558,0.0052948
0.0058136,0.0086823,0.0087738,0.0055084,0.0080261,0.0072937
0.0075684,0.0096893,0.0095978,0.0075989,0.010712,0.0094452
0.010559,0.010773,0.010193,0.0092621,0.011963,0.010574
0.011642,0.010437,0.011169,0.0091095,0.011444,0.01149
0.011261,0.010696,0.011307,0.0078125,0.010513,0.012085
0.011673,0.011505,0.011139,0.0070343,0.011551,0.011856
0.011276,0.011841,0.010513,0.0083008,0.01207,0.011475
0.010437,0.011353,0.010315,0.0080872,0.010605,0.010101
0.010956,0.009201,0.0090942,0.0057983,0.0081787,0.0089111
0.0099182,0.0084991,0.0077209,0.0030823,0.0060577,0.0085297
0.0071564,0.0085449,0.0080414,0.0012512,0.0052032,0.0067749
0.0055695,0.0077209,0.0066681,0.0023041,0.004837,0.0047455
0.0043945,0.0063629,0.0055695,0.0018463,0.0046387,0.0035248
0.0033112,0.0038605,0.003952,-0.00028992,0.0034485,0.0029449
0.002594,0.0018158,0.00048828,-0.00065613,0.0015869,0.0023499
0.00099182,0.00030518,-0.00010681,-0.0016937,0.00090027,0.0015106
-0.0004425,-3.0518e-05,0.00068665,-0.0024567,-0.00056458,0.00061035
-0.00018311,0.00082397,0.0012512,-0.0022125,-0.0016479,-0.00086975
0.00045776,0.00083923,0.001297,-0.0022278,-0.00099182,-0.001297
0.00099182,0.00013733,0.00064087,-0.0023956,-0.0013275,-4.5776e-05
0.0011597,-0.00030518,0,-0.0036469,-0.0013123,0.00024414
-0.00033569,0.00010681,-0.0014648,-0.0038452,-0.00099182,-0.0011444
-0.0019531,-0.00079346,-0.00097656,-0.0027771,-0.0014801,-0.0026093
-0.0032501,-0.0027924,-0.00086975,-0.0032654,-0.0015869,-0.0036469
-0.0044098,-0.0030212,-0.0025787,-0.0031891,-0.0025024,-0.004425
-0.0047913,-0.0031281,-0.0020142,-0.0027771,-0.004303,-0.0048523
-0.0054626,-0.0050354,-0.0032501,-0.004776,-0.0053253,-0.0045929
-0.0054321,-0.0064697,-0.0056458,-0.0068817,-0.0052948,-0.0044861
-0.0053864,-0.0060425,-0.0049133,-0.0066986,-0.0059204,-0.0055847
-0.0059509,-0.0043793,-0.0039825,-0.0058899,-0.0066833,-0.0062256
-0.0043488,-0.0032501,-0.0039825,-0.0053864,-0.0055542,-0.0050964
-0.0031128,-0.0040283,-0.005127,-0.0048676,-0.0046692,-0.0038147
-0.0045471,-0.0046082,-0.0070648,-0.0064545,-0.0049438,-0.0046387
-0.0054016,-0.0060577,-0.008255,-0.0079193,-0.0056,-0.0056
-0.0051727,-0.0080414,-0.0088043,-0.0077209,-0.0065918,-0.0053101
-0.0065613,-0.0077362,-0.0085297,-0.0082703,-0.0082703,-0.0064545
-0.0078583,-0.0081787,-0.0077362,-0.0079193,-0.0092773,-0.007431
-0.0075378,-0.0095215,-0.0083923,-0.0075531,-0.0081787,-0.0067139
-0.0075226,-0.0096283,-0.010147,-0.0077362,-0.0082855,-0.0065765
-0.007843,-0.0093689,-0.010239,-0.00737,-0.0078735,-0.0071564
-0.0084991,-0.0090332,-0.0093994,-0.0072174,-0.0058441,-0.0074005
-0.0081635,-0.0083008,-0.0088806,-0.0061951,-0.0056458,-0.0065002
-0.0061493,-0.0079956,-0.0074463,-0.0048828,-0.0050964,-0.0055847
-0.0065765,-0.0079041,-0.0068512,-0.003952,-0.0056152,-0.0057068
-0.0079498,-0.0077057,-0.0072479,-0.0036163,-0.0076752,-0.006546
-0.0067291,-0.0072784,-0.0065002,-0.0036469,-0.0072327,-0.0080566
-0.0059967,-0.0054779,-0.0056,-0.0041962,-0.0065308,-0.0080719
-0.0067291,-0.0050049,-0.0053711,-0.0049591,-0.006546,-0.0079803
-0.0079651,-0.0062103,-0.0062408,-0.0040283,-0.0070953,-0.008255
-0.0087128,-0.0078735,-0.0075684,-0.0040741,-0.0083313,-0.0081329
-0.0094299,-0.010498,-0.0074921,-0.0055847,-0.0091248,-0.01004
-0.01123,-0.010254,-0.006546,-0.006012,-0.011215,-0.011063
-0.011795,-0.009079,-0.0077209,-0.007309,-0.012863,-0.011398
-0.011459,-0.0099487,-0.010651,-0.0090485,-0.012421,-0.012283
-0.010468,-0.010452,-0.011353,-0.0082703,-0.011505,-0.011169
-0.0095062,-0.0095673,-0.0096741,-0.006073,-0.010117,-0.010147
-0.0098572,-0.0076599,-0.0074768,-0.0044556,-0.0096741,-0.010376
-0.0089569,-0.0071259,-0.0061188,-0.0032043,-0.0098114,-0.010345
-0.0069275,-0.0064697,-0.0051727,-0.0028381,-0.0087433,-0.008606
-0.0052032,-0.0045166,-0.0044861,-0.0028992,-0.0059052,-0.005722
-0.0038757,-0.0033417,-0.0045166,-0.00076294,-0.0029449,-0.0033569
-0.0021973,-0.0031586,-0.0027313,0.0017242,-0.0016479,-0.0012054
-0.00061035,-0.003067,-0.0015106,0.0016327,0.00013733,7.6294e-05
-0.0005188,-0.0010071,-0.0021973,0.0023041,0.001358,0.00028992
0.00093079,0.00085449,3.0518e-05,0.0046234,0.0012665,0.0013885
0.0034943,0.0015106,0.0031586,0.0054626,0.0022888,0.0029907
0.0046997,0.0035706,0.0045776,0.0059662,0.0033569,0.0043182
0.0050201,0.0054016,0.0060425,0.0072937,0.003891,0.0047302
0.0041504,0.0053101,0.006897,0.0076447,0.0036469,0.0033569
0.0038452,0.0043488,0.0060272,0.005722,0.0031586,0.0027161
0.0045471,0.0039978,0.0033722,0.0042419,0.0032654,0.0030212
0.0041962,0.0035095,0.0016022,0.004303,0.0030365,0.0033417
0.0045166,0.0028076,0.0016327,0.003479,0.0034485,0.0048523
0.0060577,0.0023956,0.0012817,0.0038147,0.0045166,0.006012
0.007019,0.0022583,0.0010071,0.0045929,0.0056,0.0074768
0.0073853,0.0041809,0.002243,0.0049438,0.0075073,0.0092468
0.0078583,0.0059509,0.0050049,0.0066223,0.0086212,0.0083771
0.0075226,0.0055695,0.006546,0.00737,0.0080261,0.0072784
0.0063171,0.0049438,0.0061646,0.0080109,0.0076904,0.0075226
0.0069275,0.0039063,0.0058136,0.0079498,0.0084229,0.0081177
0.0072632,0.0035248,0.0044556,0.0059967,0.0084991,0.0085907
0.0054321,0.0040588,0.0035095,0.0052643,0.0078125,0.0079193
0.0054016,0.0034332,0.0038452,0.0057373,0.0080261,0.0078583
0.0068817,0.0036163,0.0039063,0.0062866,0.0087433,0.0089264
0.0075531,0.0066071,0.006424,0.0072021,0.0093842,0.0091095
0.0083466,0.0088501,0.010437,0.0086517,0.0098419,0.0089111
0.010345,0.0095215,0.011734,0.010559,0.0099792,0.010117
0.012024,0.011627,0.013123,0.012207,0.0099182,0.010925
0.011963,0.01329,0.015991,0.012772,0.010223,0.0093079
0.011383,0.014374,0.015884,0.013351,0.012268,0.0082245
0.011139,0.015411,0.014328,0.013275,0.014603,0.0095673
0.011734,0.013474,0.014969,0.011749,0.014572,0.012344
0.011826,0.012054,0.015594,0.010971,0.013779,0.013626
0.011749,0.013321,0.015045,0.010361,0.013885,0.012222
0.013504,0.013687,0.014465,0.010101,0.013794,0.012604
0.014526,0.013229,0.013535,0.010818,0.013733,0.013474
0.013641,0.012833,0.01236,0.0098267,0.014709,0.012985
0.012619,0.011368,0.011292,0.0076294,0.015274,0.013718
0.01265,0.0095062,0.0098572,0.0064545,0.012955,0.013504
0.012192,0.0086365,0.0089722,0.0055542,0.010406,0.012299
0.01033,0.0088196,0.0088043,0.004303,0.010712,0.011108
0.0098267,0.0092926,0.0089569,0.0037231,0.010574,0.0098114
0.011108,0.009552,0.0087891,0.0033569,0.0089874,0.010681
0.012741,0.0095367,0.0075684,0.0024109,0.0085144,0.011505
0.011993,0.0084381,0.0070038,0.002121,0.0084076,0.0103
0.0089722,0.0076447,0.0080414,0.002533,0.0078583,0.007843
0.0066528,0.0098572,0.0089569,0.0023651,0.0068665,0.0045013
0.0053864,0.010437,0.0088196,0.001236,0.0046387,0.0023804
0.0040588,0.0061493,0.0075531,-0.00094604,0.0018158,0.0018311
0.001236,0.0027466,0.0049591,-0.0030975,3.0518e-05,0.001709
-0.00013733,0.0010986,0.0022736,-0.0038757,0.00018311,0.00094604
0.00061035,-9.1553e-05,0.0007019,-0.0035553,0.0013123,0.00030518
0.0014801,0.00079346,0.00050354,-0.0025787,0.0019989,0.0015717
0.0032349,0.0017548,0.0018616,-0.0018005,0.0023041,0.0035553
0.004364,0.0031128,0.0039215,-0.0015564,0.0036926,0.0041351
0.0042877,0.0052643,0.0059052,3.0518e-05,0.0057983,0.0037384
0.0043335,0.0063782,0.0075226,0.0024261,0.0060883,0.0042114
0.005249,0.0067596,0.0077515,0.0030365,0.0052185,0.0051422
0.0068054,0.0059052,0.0067139,0.0019379,0.005127,0.0057678
0.0077057,0.0062561,0.005722,0.00045776,0.0051117,0.005722
0.0071716,0.0078125,0.0056305,0.0005188,0.0050812,0.0051575
0.0055695,0.0066528,0.0062408,0.0017242,0.0047913,0.0046539
0.0040283,0.0036163,0.0054169,0.00085449,0.0023956,0.0031891
0.002121,0.00059509,0.0021973,-0.002182,0.00067139,0.0018768
0.00042725,0.00021362,-0.0005188,-0.0048065,0.00024414,0.00091553
-1.5259e-05,0.00057983,-0.0013733,-0.0056152,-0.0019073,-0.00073242
0.00048828,-0.00073242,-0.0034637,-0.0067444,-0.002655,0.00027466
0.0016632,-0.001297,-0.0054474,-0.0084076,-0.00080872,0.001709
0.0018311,-0.0011597,-0.0041504,-0.0069885,-0.00013733,0.001358
0.0011749,-0.00035095,-0.0025635,-0.0043182,-0.00041199,0.0020142
0.0016327,0.00088501,-0.0023041,-0.0040588,0.00071716,0.0017395
0.002182,0.0014038,-0.0012054,-0.0044403,0.001236,0.0019073
0.00177,0.0017853,0.0014954,-0.0030365,0.00032043,0.00177
0.0019836,0.0028687,0.0028839,-0.0014343,-0.00062561,-0.00021362
0.0020905,0.0036011,0.0022888,-0.0020599,-0.00074768,-9.1553e-05
0.0018005,0.0029297,0.0016022,-0.0030823,-0.00048828,-0.00039673
0.0013123,0.0012207,0.00094604,-0.0031433,-0.0022888,-0.002182
-0.0016937,0.00016785,0.00057983,-0.0045776,-0.0041046,-0.0039368
-0.0048523,0.00041199,-0.0014038,-0.0064392,-0.004837,-0.0050354
-0.0050049,-0.0024261,-0.0036926,-0.006546,-0.0057983,-0.0049591
-0.0049896,-0.0070801,-0.0050659,-0.0066376,-0.0058746,-0.0064392
-0.0070953,-0.0087891,-0.0080566,-0.0070038,-0.0070496,-0.0074158
-0.0097809,-0.01033,-0.010254,-0.0085449,-0.008728,-0.0081024
-0.011703,-0.011383,-0.011612,-0.011322,-0.0091858,-0.010925
-0.012802,-0.010681,-0.01268,-0.012344,-0.011276,-0.013474
-0.014069,-0.011566,-0.01152,-0.013031,-0.013901,-0.014648
-0.015213,-0.013565,-0.012268,-0.013504,-0.015167,-0.013519
-0.015244,-0.014801,-0.013901,-0.012161,-0.014191,-0.013031
-0.016113,-0.014511,-0.012161,-0.01091,-0.012253,-0.015305
-0.018341,-0.01416,-0.011826,-0.009964,-0.013626,-0.016418
-0.018936,-0.015915,-0.013138,-0.0093994,-0.014023,-0.016632
-0.017731,-0.016159,-0.012756,-0.0099792,-0.013565,-0.017197
-0.017548,-0.01506,-0.012924,-0.010956,-0.0159,-0.016571
-0.016968,-0.016144,-0.014938,-0.012253,-0.016174,-0.015656
-0.015625,-0.015488,-0.017044,-0.013092,-0.01503,-0.015854
-0.016769,-0.014786,-0.01619,-0.012451,-0.015945,-0.016388
-0.018173,-0.016418,-0.014084,-0.011993,-0.017731,-0.017365
-0.018524,-0.016113,-0.014374,-0.011658,-0.017181,-0.018799
-0.018738,-0.015991,-0.013962,-0.0097046,-0.015717,-0.017319
-0.016174,-0.016312,-0.012634,-0.0085754,-0.015076,-0.014359
-0.013565,-0.014099,-0.01358,-0.0087585,-0.013153,-0.013885
-0.012741,-0.011475,-0.013092,-0.0077209,-0.010986,-0.012161
-0.010849,-0.010742,-0.01059,-0.0063629,-0.0088501,-0.010239
-0.010315,-0.010147,-0.009903,-0.0048218,-0.0090179,-0.010529
-0.010086,-0.009201,-0.0085907,-0.0045166,-0.010559,-0.0081482
-0.0077667,-0.0097351,-0.0097961,-0.0068359,-0.0092926,-0.0059204
-0.0059662,-0.0099335,-0.014252,-0.0074921,-0.0076904,-0.0058441
-0.0057831,-0.0091705,-0.013214,-0.0064087,-0.0068207,-0.0044556
-0.0060577,-0.0090637,-0.011124,-0.0057373,-0.0061493,-0.0035553
-0.0054932,-0.0083313,-0.010727,-0.0034485,-0.0049133,-0.0031128
-0.0043488,-0.0073395,-0.0081635,-0.0009613,-0.0037994,-0.0015564
-0.0025787,-0.0069733,-0.0071869,0.00064087,-0.0028992,-0.0017395
-0.0018768,-0.0043793,-0.0057831,0.0019531,-0.0024261,-0.0031891
-0.0030518,-0.0019989,-0.0025635,0.0019226,-0.0033112,-0.0022583
-0.0028229,-0.0025635,-0.0014343,0.0019989,-0.0017548,-0.001236
-0.0018005,-0.0021667,-0.001358,0.0024719,-0.0015717,-0.0011902
-0.0011292,-0.00082397,-0.00090027,0.0027313,-0.0023956,0.00012207
0.00016785,-0.00038147,-0.00099182,0.0046234,0.0014648,0.0010681
0.00056458,0.00045776,-0.00019836,0.0069275,0.0039063,0.0012207
0.00065613,0.0018463,0.0027161,0.0075836,0.0038147,0.0015259
0.00090027,0.0023651,0.0039978,0.0074158,0.0029297,0.002182
0.0016632,0.00177,0.003067,0.0065155,0.0021057,0.0037537
0.0039368,0.0029602,0.0037079,0.0057678,0.004776,0.0050812
0.0049438,0.0066986,0.0052795,0.0066681,0.0063934,0.0053864
0.0062408,0.007843,0.0053711,0.0072327,0.0049133,0.006485
0.0085907,0.0066376,0.0039673,0.0068054,0.0049286,0.0070801
0.0066986,0.0060883,0.0029602,0.006134,0.004303,0.004303
0.0033417,0.0040741,0.0036774,0.0049438,0.0010986,0.0022125
0.0026245,0.0027771,0.0038757,0.0043335,0.00071716,0.0023346
0.0021515,0.003479,0.0031433,0.0043335,0.0030365,0.0019684
0.0011597,0.0038147,0.003479,0.0044403,0.00383,0.0018463
0.00082397,0.0028076,0.0031281,0.0045013,0.003418,0.0018005
0.0010071,0.00080872,0.0015259,0.003891,0.0022278,0.0015869
0.00093079,0.00094604,0.00086975,0.0028992,0.00057983,0.0017242
0.0016174,0.0016785,0.0012665,0.0020599,0.0004425,0.0027008
0.0024719,0.0010986,0.0015564,0.0023956,0.0019379,0.0028381
0.0026245,0.0025177,0.0020752,0.0031281,0.0016937,0.0011749
0.0032959,0.0040741,0.0037079,0.0032196,0.0002594,0.001297
0.0043335,0.0043182,0.0044403,0.0036316,0.0019226,0.003479
0.0065613,0.0064392,0.0042877,0.0042877,0.004715,0.0054626
0.008606,0.0088043,0.0063629,0.006073,0.0057068,0.0064697
0.0091553,0.0092926,0.0092773,0.0087585,0.0056915,0.0070801
0.010071,0.0092773,0.0098572,0.0085144,0.0065308,0.0075684
0.00914,0.0097504,0.0090332,0.0063171,0.0074463,0.0070953
0.0070038,0.0098724,0.00914,0.0064087,0.0070038,0.0071106
0.006424,0.0076447,0.0085907,0.0071106,0.006958,0.006424
0.006424,0.004715,0.0061493,0.0059052,0.0062103,0.0049133
0.0071411,0.0043945,0.0053558,0.0053253,0.0057678,0.0063019
0.0072784,0.0048981,0.0063782,0.0063324,0.0071106,0.0072021
0.0056152,0.0046082,0.0059357,0.0057068,0.006958,0.005249
0.0025024,0.0035248,0.0045471,0.0032349,0.0049744,0.0038757
0.00068665,0.0011139,0.0020752,0.0017242,0.002533,0.0013885
0.00032043,-0.00076294,-0.00013733,0.0013123,0.0011749,-0.0015259
-0.0016785,-0.0021515,-0.00039673,-0.00024414,0.00057983,-0.0016785
-0.0015869,-0.0016174,-0.0020599,-0.0026093,-0.00086975,-0.0010223
0.00068665,0.00010681,-0.0025024,-0.0026093,-0.0018463,-0.00059509
0.0018616,-0.00028992,-0.00016785,-0.0014343,-0.0017242,-0.00045776
0.0019379,0.001236,-3.0518e-05,-0.00083923,-0.00068665,0.00013733
0.0011749,0.0026245,0.00088501,0.00047302,0.0010223,0.0007782
0.001236,0.0015106,0.0026093,0.00074768,0.0014343,0
0.00099182,0.0023804,0.002243,0.00039673,0.00028992,0.00039673
0.0010681,0.0026398,0.0034332,0.0009613,7.6294e-05,0.00094604
0.0028381,0.0023346,0.0031281,0.0012207,0.0022736,0.0014191
0.0049438,0.0035858,0.0020142,0.0024109,0.0045624,0.0048218
0.0081482,0.0046844,0.0038757,0.0034943,0.0058441,0.0078735
0.0098877,0.0067444,0.0050964,0.0041809,0.0077972,0.0092621
0.0089111,0.0080872,0.0072784,0.0059662,0.0092926,0.0095978
0.0084381,0.0089569,0.01001,0.0068207,0.0098572,0.0083313
0.0080719,0.010544,0.01062,0.0083008,0.0098419,0.0074463
0.007431,0.00914,0.010925,0.0091858,0.0085297,0.0067291
0.0066681,0.0065613,0.0092163,0.0057678,0.0057526,0.0053711
0.0047913,0.0050659,0.0053253,0.0018005,0.003418,0.0037842
0.0031586,0.0031891,0.0029297,-0.00016785,0.0026245,0.0024872
0.0024261,0.0018463,0.0012207,-0.0016327,0.00177,0.0016479
0.0017242,0.00056458,-0.0010529,-0.0022736,0.0011597,0.0002594
0.00083923,-0.0004425,-0.00177,-0.0023651,-0.00028992,0.00035095
0.00035095,-0.00041199,-0.0014191,-0.0036621,-0.00061035,0.0015259
0.00050354,-0.0009613,-0.001236,-0.0038452,0.00097656,0.001358
-1.5259e-05,-0.001236,-0.00022888,-0.001236,0.00061035,0.00091553
-0.00073242,-0.00050354,0.0010223,0.00018311,0.0002594,-0.0014648
-0.0023804,-0.00071716,0.0007782,-0.0014648,-0.00097656,-0.0042267
-0.0051727,-0.0020142,-0.0020447,-0.005127,-0.0042267,-0.005188
-0.0063019,-0.004364,-0.0052338,-0.0080109,-0.006546,-0.0076752
-0.007843,-0.0074921,-0.0065613,-0.0083313,-0.0090027,-0.010483
-0.011078,-0.00914,-0.0088196,-0.009491,-0.011887,-0.01207
-0.012863,-0.010712,-0.011826,-0.011505,-0.012909,-0.013107
-0.013657,-0.012848,-0.012909,-0.012268,-0.012833,-0.014313
-0.014084,-0.013428,-0.013,-0.012756,-0.014023,-0.015015
-0.012482,-0.013535,-0.012924,-0.0121,-0.014664,-0.012283
-0.010666,-0.012024,-0.011978,-0.010315,-0.012329,-0.010284
-0.010742,-0.0098877,-0.0096741,-0.008728,-0.010269,-0.010391
-0.0096283,-0.010269,-0.0090027,-0.0083771,-0.009552,-0.0081329
-0.0061798,-0.01004,-0.011826,-0.0099945,-0.0086823,-0.0069275
-0.0059967,-0.0088348,-0.01268,-0.01059,-0.009964,-0.0076752
-0.0085907,-0.0096588,-0.011093,-0.009552,-0.011292,-0.0077209
-0.00914,-0.011734,-0.012329,-0.0096283,-0.010178,-0.0084076
-0.010193,-0.013245,-0.014603,-0.0096283,-0.010284,-0.010208
-0.013,-0.013489,-0.014267,-0.0089264,-0.012787,-0.012192
-0.014359,-0.014053,-0.013077,-0.01001,-0.014954,-0.013428
-0.013687,-0.014786,-0.01445,-0.01207,-0.015259,-0.01442
-0.013367,-0.014359,-0.016296,-0.012207,-0.015915,-0.013336
-0.012985,-0.014694,-0.015976,-0.010529,-0.014267,-0.0098267
-0.010803,-0.014084,-0.015167,-0.0079193,-0.0094452,-0.0088348
-0.0095673,-0.0112,-0.01152,-0.0050354,-0.0083618,-0.0085907
-0.0081635,-0.008194,-0.0063629,-0.0024567,-0.0080109,-0.0064087
-0.004776,-0.0052795,-0.0046997,-0.00012207,-0.0054626,-0.0055847
-0.0028992,-0.0030365,-0.0037231,0.0014954,-0.0045166,-0.004776
-0.0025482,-0.0020447,-0.0013275,0.0024567,-0.0035858,-0.0025787
-0.0028839,-0.0016785,-0.00024414,0.0029449,-0.0021057,-0.0016479
-0.003418,-0.0016785,-0.00079346,0.0029755,-0.0015564,-0.0022278
-0.00383,-0.0021362,-0.0011139,0.0029755,-0.0017548,-0.0036011
-0.0044861,-0.0021515,-0.0023041,0.0026245,-0.0026093,-0.0041046
-0.0040131,-0.002243,-0.00354,0.0015717,-0.003952,-0.0033875
-0.0033875,-0.003006,-0.0020447,0.0002594,-0.0044556,-0.0031433
-0.0033264,-0.0027161,-0.0011292,0.00042725,-0.0039368,-0.0028992
-0.0014191,-0.0016937,-0.0014496,0.0023804,-0.003479,-0.0014954
0.0010681,-0.00062561,-0.00054932,0.0022736,-0.001358,0.00039673
0.0014801,0.001236,-0.00041199,0.0013123,0.00083923,0.00093079
0.0018005,0.0030365,0.0010376,0.0035858,0.00083923,0.0014801
0.0029755,0.0032043,0.00383,0.0055084,0.0022125,0.0041962
0.0041351,0.0030823,0.0037842,0.0066833,0.0052643,0.0069733
0.0060272,0.0036163,0.0041046,0.008606,0.00737,0.007843
0.0063324,0.0048218,0.0056458,0.0088348,0.0077667,0.0072327
0.0052643,0.0058746,0.006424,0.0086365,0.0066071,0.0063629
0.0049133,0.0057373,0.0068054,0.0083618,0.006073,0.0046692
0.0034943,0.0056,0.0064697,0.0081177,0.006012,0.0028992
0.0029602,0.0047913,0.0066376,0.0078735,0.0054779,0.0030212
0.0036163,0.0041351,0.0055389,0.0066223,0.0049744,0.0033112
0.0031128,0.0048523,0.0043488,0.0053253,0.0037689,0.0039673
0.0031128,0.0038452,0.0052338,0.0041351,0.0030518,0.0041046
0.0034027,0.0018463,0.0041656,0.0041199,0.0032043,0.0031281
0.0020905,0.002121,0.0037842,0.0049744,0.0037384,0.0031433
0.0018311,0.0036926,0.0058289,0.0060272,0.0047455,0.0031281
0.0041504,0.0054016,0.006546,0.0068817,0.0057831,0.0035706
0.0055389,0.0069122,0.0075531,0.0069733,0.0066528,0.0041504
0.0046692,0.0077057,0.0085907,0.0076141,0.0057831,0.0045929
0.0049896,0.0072784,0.0083313,0.0071106,0.0056915,0.0068207
0.0082245,0.0062103,0.0078583,0.0054321,0.0084229,0.0078888
0.0083008,0.0068359,0.0072937,0.0063477,0.0090332,0.0065308
0.0056458,0.0074921,0.0077057,0.0071411,0.0070343,0.0055389
0.0050507,0.0053558,0.00737,0.0050964,0.0047913,0.0039978
0.0028229,0.0026245,0.0042725,0.0031891,0.0026855,0.0019836
0.00065613,0.00038147,0.00079346,0.00057983,0.0018158,0.0020447
0.00056458,-0.0017853,-0.0025787,-0.0018768,0.0012512,0.0025177
-1.5259e-05,-0.0026855,-0.0039063,-0.0022125,0.0013275,0.0023804
-0.0007019,-0.0027161,-0.0024414,-0.0023804,0.00099182,0.00085449
-0.0029449,-0.0026855,-0.0016937,-0.0014038,-0.0015259,-0.0030823
-0.0059204,-0.0030212,-0.00086975,-0.0013428,-0.0042877,-0.0055237
-0.0058594,-0.0044403,-0.0020599,-0.0040588,-0.0057678,-0.0053864
-0.0047302,-0.0053864,-0.0055389,-0.005249,-0.0061951,-0.0054169
-0.0051727,-0.0052338,-0.0052643,-0.0055847,-0.0070343,-0.0055084
-0.0054626,-0.0045166,-0.0044098,-0.0070343,-0.007309,-0.0047455
-0.0045624,-0.0035095,-0.005249,-0.0064392,-0.005661,-0.0043335
-0.0034027,-0.0037079,-0.004776,-0.0040741,-0.0044861,-0.0052643
-0.0032959,-0.0041809,-0.0042419,-0.0026093,-0.0054779,-0.0046844
-0.0027618,-0.0038605,-0.003891,-0.0029907,-0.0050354,-0.0024872
-0.0019684,-0.0026245,-0.0032959,-0.0037079,-0.0033264,-0.0024109
-0.0024567,-0.0011902,-0.0010834,-0.0025482,-0.0037079,-0.0026855
-0.0020752,-0.00076294,0.00085449,-0.00071716,-0.0028076,-0.0020294
-0.00097656,-0.00045776,0.00039673,0.00068665,-0.00054932,-0.0011597
0.00042725,0.00018311,0.00038147,0.001236,0.00024414,0.00062561
0.0019836,0.0016327,-9.1553e-05,0.0011292,0.00090027,0.0013275
0.0028992,0.0023499,0.00024414,0.0011444,0.0016327,0.0011292
0.0030823,0.0020599,0.002121,0.00068665,0.00047302,0.0017242
0.0012207,0.0020599,0.0015259,-0.00030518,-0.0015717,0.0014648
-0.0004425,0.00039673,-0.00042725,-0.0010834,-0.0021973,-0.00073242
-0.00047302,-0.0018921,-0.0018463,-0.0013275,-0.0032654,-0.0023956
-0.0007782,-0.0029755,-0.0033569,-0.0015717,-0.003952,-0.0023499
-0.0011139,-0.0029297,-0.0028076,-0.0012512,-0.0018616,-0.0018311
-0.0011749,-0.0018005,-0.00038147,0.00019836,0.00071716,-0.00068665
-0.00074768,-0.00022888,0.00064087,0.0023499,0.0016022,0.00088501
0.0016937,0.001709,0.0016174,0.0035858,0.0027008,0.0019836
0.0041046,0.0022736,0.0026398,0.0025024,0.0046539,0.003067
0.0037994,0.0022583,0.0033569,0.0032654,0.0047455,0.0048218
0.0042725,0.0031738,0.0045776,0.0055847,0.0042877,0.0055542
0.0063171,0.0033417,0.0042114,0.0048676,0.0047607,0.0050201
0.0068359,0.0049896,0.0040588,0.0034943,0.0053558,0.0050354
0.0057373,0.0072784,0.005127,0.0034332,0.0055695,0.0053406
0.0050049,0.0054932,0.005127,0.0041809,0.0051422,0.0051575
0.0049286,0.003479,0.0040894,0.0040131,0.0051727,0.0048828
0.0039215,0.0043335,0.0029907,0.0029602,0.0041046,0.0037384
0.0027161,0.0033417,0.0027008,0.0023499,0.0018921,0.0018616
0.0011444,0.0015106,0.002594,0.00065613,0.0011139,0.00099182
-0.0002594,0.00080872,0.0019226,-0.00047302,0.00086975,-0.00074768
-0.00091553,-9.1553e-05,0.0016022,-0.00019836,-0.00024414,-0.0028229
-0.0027618,0.0004425,0.0021515,9.1553e-05,-0.0011902,-0.0027313
-0.0031738,-0.00022888,0.0016632,0.00010681,-0.0011444,-0.0024414
-0.002243,-0.00177,-0.00018311,-9.1553e-05,-0.0014343,-0.0027618
-0.0029297,-0.0019531,-0.00045776,-0.00027466,-0.0013428,-0.0019226
-0.0018005,-0.0029449,-0.00088501,-0.0014343,0.00093079,0.00047302
0.00079346,-0.0020599,-0.0019531,-0.0011902,0.0033722,0.0027313
0.0022583,0.00079346,7.6294e-05,0.0019379,0.0040588,0.0041809
0.0040894,0.0032349,0.0030518,0.0044861,0.0050812,0.0050201
0.0067291,0.0055847,0.0047607,0.0053101,0.0072021,0.0064697
0.0092163,0.0069885,0.0064545,0.005188,0.0080719,0.0082855
0.0093994,0.007309,0.0071869,0.0054779,0.0075989,0.0083313
0.0087128,0.0072632,0.0065613,0.006012,0.0068359,0.0080414
0.0082855,0.0072174,0.0059357,0.0045776,0.0068207,0.0078735
0.0069733,0.0066376,0.0061035,0.0035858,0.0071716,0.0068359
0.0062866,0.0055542,0.0066986,0.0043488,0.0059357,0.005722
0.0053864,0.0052185,0.0066071,0.0041199,0.0044403,0.0050354
0.0043945,0.0047913,0.0054016,0.0032043,0.004715,0.0045319
0.0045929,0.0050049,0.0047913,0.0028534,0.0058594,0.0049133
0.0053253,0.0055695,0.0043945,0.0018616,0.0059967,0.0061798
0.005722,0.0041656,0.0021515,0.00071716,0.0048676,0.0054169
0.0041046,0.0020905,0.00033569,0.00080872,0.0032806,0.0027924
0.0011902,-0.00042725,-0.00038147,-0.0002594,0.00035095,0.00094604
-0.00056458,-0.002655,-0.0016174,-0.0023804,-0.0015869,0.00042725
-0.00036621,-0.0029755,-0.0025787,-0.0027313,-9.1553e-05,0.00045776
-0.00022888,-0.0020142,-0.0016937,-0.0012665,0.0011902,-0.00013733
-0.00024414,-0.0011902,-6.1035e-05,0.00013733,0.0016022,-0.00013733
0.0011597,-0.00083923,-0.00090027,-0.00059509,0.0019073,0.00094604
0.0011139,0.00090027,-0.00059509,-0.00042725,0.00099182,0.001358
-0.00013733,0.002121,0.0038605,0.0017853,0.00038147,0.00059509
0.00054932,0.0015564,0.0054321,0.0020447,0.00073242,6.1035e-05
0.0019836,0.0023041,0.003067,0.00045776,0.0015869,0.0005188
0.0026093,0.0030212,0.0018005,-0.00053406,0.0025482,0.00045776
0.002655,0.0026245,0.0013885,0.00032043,0.0011597,0.00021362
0.0016022,0.0025177,0.0024719,0.00047302,-0.001236,0.00019836
0.0011597,0.0017395,0.0036011,-0.0013733,-0.00050354,0.00028992
0.0028839,0.0024414,0.0021667,-0.0012207,0.0010681,0.001297
0.0036926,0.0039215,0.0025177,0.00094604,0.0020142,0.0020447
0.003067,0.0037079,0.0037537,0.0015106,0.0022888,0.0018768
0.0031433,0.0043488,0.0030823,0.00086975,0.0011749,0.0020905
0.003952,0.0042267,0.0041199,0.0011292,0.0017548,0.0029602
0.0047913,0.0030823,0.0033264,0.0017395,0.0028534,0.0038147
0.0055695,0.0025482,0.00054932,0.0016327,0.0033264,0.0041046
0.0052643,0.0019226,0.0012054,0.00074768,0.0045624,0.0051117
0.0041199,0.003067,0.0018921,9.1553e-05,0.0049438,0.0061493
0.0039978,0.0040588,0.00079346,-1.5259e-05,0.0047455,0.0046997
0.0031586,0.0022736,7.6294e-05,-0.00056458,0.0028076,0.001709
0.00083923,-0.00030518,-0.00068665,-0.0023499,-0.00048828,0
-0.0013428,-0.0032959,-0.0020752,-0.0045471,-0.0018616,0.00057983
-0.0026093,-0.0055237,-0.0046997,-0.0054474,-0.0029907,-0.00038147
-0.0037231,-0.0052338,-0.0063782,-0.0053101,-0.0035858,-0.0034637
-0.0046082,-0.0049286,-0.0047302,-0.0044098,-0.0027313,-0.0041351
-0.0052032,-0.0050049,-0.0045013,-0.0046539,-0.0038605,-0.004364
-0.0061035,-0.005188,-0.0056763,-0.0060272,-0.0058441,-0.0059814
-0.006012,-0.0069885,-0.0061035,-0.0067139,-0.006958,-0.006073
-0.0066681,-0.0078735,-0.0081024,-0.0073242,-0.0068817,-0.0058289
-0.0081177,-0.0082245,-0.0081329,-0.0061798,-0.0053253,-0.0057373
-0.0073853,-0.0085907,-0.0066376,-0.0038452,-0.0044708,-0.0049591
-0.0059357,-0.0063019,-0.0050354,-0.0030975,-0.0044556,-0.0049591
-0.0051422,-0.00383,-0.0024109,-0.0028992,-0.0041199,-0.0041656
-0.0041504,-0.0027161,-0.0016174,-0.00177,-0.0026398,-0.0032043
-0.002594,-0.0014954,-0.0009613,-0.00076294,-0.0014038,-0.0036774
-0.0016327,-0.00035095,-0.00035095,-0.00059509,-0.0027618,-0.0032806
-0.0021057,-0.00018311,-0.00085449,-0.00086975,-0.0037842,-0.0038605
-0.0028229,-0.0009613,-0.0010376,-0.0018921,-0.0037842,-0.0047455
-0.0031586,-0.0015259,-0.0018311,-0.0028076,-0.0045471,-0.0043335
-0.0038605,-0.0010986,-0.0023804,-0.0037231,-0.0050964,-0.0056915
-0.0049744,-0.0016937,-0.0020294,-0.0042419,-0.0056763,-0.0058899
-0.0055084,-0.0051117,-0.0034027,-0.0030975,-0.0059967,-0.0054779
-0.0054932,-0.0062103,-0.0055237,-0.0027924,-0.0055084,-0.0058289
-0.0048828,-0.0046692,-0.0045929,-0.0040588,-0.0044708,-0.0045013
-0.0037842,-0.0044098,-0.0040436,-0.0041962,-0.0049896,-0.0046997
-0.0037842,-0.0031586,-0.0048218,-0.0034943,-0.0061188,-0.0050507
-0.0041199,-0.003891,-0.0041962,-0.0033417,-0.0049438,-0.0037231
-0.0048676,-0.0061035,-0.0047913,-0.0026703,-0.0041351,-0.0042877
-0.0067749,-0.0049133,-0.0041809,-0.001358,-0.0037842,-0.0055389
-0.0058746,-0.0042572,-0.0026855,-0.0020142,-0.0042877,-0.0049438
-0.0031281,-0.0049744,-0.0043182,-0.0036163,-0.0049591,-0.0029297
-0.0030365,-0.0039215,-0.0057373,-0.0036011,-0.0034485,-0.0015869
-0.0034027,-0.0029755,-0.0055084,-0.0028076,-0.0036011,-0.0026093
-0.0023499,-0.0035858,-0.0045929,-0.0020752,-0.0036621,-0.003479
-0.0022278,-0.0034943,-0.0042267,-0.0019531,-0.002182,-0.002182
-0.0016022,-0.0023346,-0.0032196,-0.0021667,-0.0025177,-0.00010681
0.00090027,-0.0011292,-0.001236,-0.0020905,-0.0023193,0.00097656
0.00074768,0.00033569,-0.0017548,-0.0015717,-0.0011139,1.5259e-05
-0.0011597,0.00047302,-0.0016632,-0.00013733,-0.00071716,-0.00041199
-0.00088501,-0.00082397,-0.00061035,0.0009613,0.00032043,0.00054932
0,-0.0020447,-0.0020447,0.00061035,0.0019531,0.0013123
0.00090027,-0.0021362,-0.0033875,0.00041199,0.0023499,0.0024261
0.0020752,-0.00042725,-0.0027771,0.0011597,0.0019531,0.0033417
0.0018768,0.00010681,-0.0016327,0.0016479,0.002243,0.0033264
0.0012512,-0.0016022,-0.0010529,0.0020142,0.0019989,0.0030212
0.0013885,-0.0019226,-0.00041199,0.0023651,0.0010529,0.0014343
-0.00076294,-0.00050354,0.0010681,0.0028381,0.00065613,-0.0009613
-0.0032196,0.00042725,0.0027924,0.0030365,0.00045776,-0.0016632
-0.0023193,0.00068665,0.0029602,0.002182,0.00064087,-0.0019989
-0.0016327,0.00041199,0.0019073,0.0019073,0.00024414,-0.0022888
-0.0014954,-0.00056458,0.0011292,0.0019684,-0.00036621,-0.00065613
-0.0004425,-0.00057983,0.0010681,0.002121,0.0014343,0.00074768
0.00056458,0.001709,0.0032959,0.0040894,0.0024261,0.0012207
0.0022736,0.0042419,0.006134,0.0056763,0.0011139,0.0017548
0.004303,0.0054626,0.0066223,0.005249,0.0022583,0.00177
0.0052795,0.0068359,0.0066376,0.0053253,0.0045929,0.0030823
0.0059509,0.0084839,0.0075073,0.0058746,0.0056305,0.0054474
0.0085144,0.0098114,0.0083618,0.0059204,0.0067902,0.0070648
0.010757,0.010666,0.0098572,0.0064087,0.0078125,0.0091248
0.010849,0.010117,0.011063,0.0070801,0.0088959,0.01091
0.011887,0.0097656,0.0095978,0.007309,0.010437,0.011597
0.012085,0.010818,0.0086212,0.0073853,0.011017,0.011841
0.011917,0.010742,0.0096741,0.0070343,0.010803,0.013062
0.013687,0.010284,0.0093384,0.0072174,0.011566,0.01416
0.012833,0.011566,0.010376,0.0088501,0.0121,0.012878
0.01091,0.011932,0.012436,0.0092621,0.013031,0.011719
0.010513,0.010406,0.010574,0.0086823,0.01413,0.011124
0.0092163,0.0088196,0.0088806,0.0080109,0.012268,0.010452
0.0084839,0.0077057,0.0093079,0.0057373,0.01001,0.010117
0.0081635,0.0075073,0.0093842,0.0048828,0.0090942,0.00914
0.0077515,0.0075073,0.0090637,0.0056763,0.0083008,0.0081635
0.0075378,0.007019,0.0080719,0.0051117,0.0092926,0.0074158
0.0058136,0.0070038,0.0074768,0.0050049,0.01004,0.0074158
0.0057831,0.006134,0.0070648,0.0046387,0.0081329,0.0086975
0.0075531,0.0051727,0.006485,0.003006,0.0071259,0.0081177
0.0071259,0.0069885,0.0071564,0.003006,0.006546,0.0059204
0.0064697,0.007782,0.0086823,0.0034637,0.0055695,0.005188
0.0064087,0.0068207,0.0084229,0.0029755,0.005722,0.0049744
0.0062561,0.0068054,0.0072327,0.0031281,0.0051422,0.0050354
0.0058746,0.0059967,0.0072021,0.0031738,0.0047913,0.0055389
0.0051727,0.0054016,0.005661,0.0017395,0.0059662,0.0055847
0.0056915,0.0054474,0.0041351,0.00071716,0.006958,0.005127
0.0047455,0.0043335,0.0043335,0.0014648,0.0063324,0.0047607
0.0021667,0.0027161,0.0032654,0.0020447,0.0049896,0.0037079
0.0011902,0.0018768,0.0018311,0.0012512,0.0029755,0.00024414
0.00065613,0.0014191,0.0013885,-0.0014191,-0.00061035,-0.0022125
-0.00079346,-9.1553e-05,0.00015259,-0.0050964,-0.0040283,-0.0025482
-0.0032806,-0.0014954,-0.0024719,-0.0078278,-0.0052185,-0.0042572
-0.0039673,-0.0028534,-0.0041962,-0.0087891,-0.0060425,-0.0052338
-0.0031433,-0.004303,-0.0053558,-0.0089111,-0.0077515,-0.0042725
-0.0033112,-0.0049438,-0.0085602,-0.010025,-0.0071106,-0.0050354
-0.0041351,-0.0063629,-0.010834,-0.010681,-0.0064087,-0.0069885
-0.006424,-0.0072327,-0.0089264,-0.01001,-0.0075226,-0.0075378
-0.0075226,-0.0073547,-0.0073547,-0.0093079,-0.0076599,-0.0074158
-0.0073547,-0.0080872,-0.0087891,-0.0086975,-0.0076599,-0.0068054
-0.0069885,-0.0078278,-0.0088043,-0.0078735,-0.0057373,-0.0052643
-0.0051575,-0.0066528,-0.0067749,-0.0053711,-0.0022125,-0.00383
-0.0046539,-0.0050964,-0.0050812,-0.0027924,-0.0015259,-0.0026855
-0.0040283,-0.0035553,-0.0037231,-0.0025635,-0.0015411,-0.0023346
-0.0026093,-0.002655,-0.0022888,-0.0025635,-0.00048828,-0.0023804
-0.0027008,-0.0022278,-0.0015717,-0.0018005,-0.00080872,-0.0015717
-0.0019073,-0.0022278,-0.0019073,-0.00073242,-0.00059509,-0.00082397
-0.0010071,-0.002655,-0.0019684,-0.00035095,0.00041199,-0.00076294
-0.0010071,-0.0027466,-0.0015259,-0.0010071,-0.00041199,-0.0011139
-0.00097656,-0.0016479,-0.00018311,-0.00041199,-0.0012665,-0.00177
-0.0022736,4.5776e-05,0.0007782,-0.00036621,-0.0013123,-0.0033569
-0.003952,-0.00010681,0.00033569,-0.00094604,-0.0017548,-0.0053864
-0.0053253,-0.0026855,-0.0007019,9.1553e-05,-0.0028229,-0.006012
-0.0059357,-0.0041809,-0.002121,-0.0011749,-0.0032806,-0.0060883
-0.0061188,-0.0043793,-0.0033417,-0.0044556,-0.0039368,-0.0057373
-0.0063629,-0.0054321,-0.004837,-0.0063019,-0.0052032,-0.0041809
-0.0056152,-0.0063934,-0.0061798,-0.0070801,-0.0053253,-0.0029449
-0.0052185,-0.0065918,-0.0069427,-0.0065002,-0.0054474,-0.0025024
-0.0040436,-0.0056915,-0.0062866,-0.0057831,-0.0050964,-0.003418
-0.0030518,-0.0040283,-0.0046539,-0.0048065,-0.0048065,-0.0055389
-0.0038757,-0.0028229,-0.0034332,-0.0030518,-0.0054779,-0.0061798
-0.0041199,-0.0024414,-0.0026703,-0.0026703,-0.0047913,-0.0052948
-0.0042725,-0.0029602,-0.0029449,-0.0023346,-0.0032654,-0.0038605
-0.0047913,-0.0036621,-0.0023041,-0.0016174,-0.0029144,-0.0027466
-0.0040436,-0.0032959,-0.0011902,-0.0012665,-0.003479,-0.0024567
-0.0019226,-0.0013733,-0.00079346,0.00054932,-0.0018005,-0.00177
-0.00091553,0.0011444,0.00071716,0.003006,0.0015411,-0.0017548
-0.0014038,0.0018921,0.0027771,0.0040283,0.0023651,-0.0019836
-0.0019836,0.00073242,0.0042267,0.0038605,0.00038147,-0.0015411
-0.0032501,0.00013733,0.0028381,0.0021515,-0.0012665,-0.0026703
-0.0036926,-0.001358,-0.00054932,-0.00048828,-0.0017395,-0.0037537
-0.0030518,-0.0037079,-0.0024109,-0.0018768,-0.0032959,-0.0034943
-0.0036926,-0.005127,-0.0044403,-0.003006,-0.0036774,-0.003006
-0.0031433,-0.0058746,-0.0071564,-0.0047607,-0.0030823,-0.0024261
-0.0014496,-0.0035706,-0.0067596,-0.0052795,-0.0037689,-0.0028076
-0.0019989,-0.001236,-0.0041199,-0.0048218,-0.0035248,-0.0033569
-0.0021973,-0.0014496,-0.0036316,-0.005127,-0.0044861,-0.003418
-0.0023041,-0.002594,-0.004303,-0.0055237,-0.0070953,-0.0038147
-0.0045471,-0.004364,-0.0046692,-0.0054321,-0.0084839,-0.0058136
-0.0062408,-0.0054016,-0.0056915,-0.0051422,-0.0091705,-0.0081177
-0.0074158,-0.0071411,-0.0072021,-0.0055389,-0.008606,-0.0087585
-0.0089569,-0.0082855,-0.0079803,-0.0065765,-0.0076599,-0.0085602
-0.0096741,-0.0073242,-0.007019,-0.0051727,-0.0090332,-0.008606
-0.0093384,-0.0072327,-0.0057831,-0.0036469,-0.0090332,-0.0089111
-0.0078735,-0.0069122,-0.0047607,-0.0038757,-0.0056,-0.0080261
-0.006012,-0.0058746,-0.0039825,-0.0027466,-0.0045319,-0.0061646
-0.0048218,-0.0048523,-0.0036774,-0.0012054,-0.0053558,-0.005249
-0.0049744,-0.0029297,-0.0027771,-0.0005188,-0.005188,-0.0061188
-0.0055847,-0.0027618,-0.0015106,-0.00086975,-0.0050354,-0.0069733
-0.0047455,-0.0027466,-0.0010986,-0.0011597,-0.0050659,-0.0063629
-0.0025482,-0.00086975,-0.001297,-0.00050354,-0.0046692,-0.0044403
0.00015259,0.00036621,-0.00032043,0.00073242,-0.0027161,-0.0009613
0.0019836,0.0021362,0.0017548,0.0026093,-4.5776e-05,0.00067139
0.0020752,0.0034485,0.0024109,0.003067,0.0019836,-0.00097656
0.00065613,0.002655,0.0013428,0.0028992,0.0011902,-0.0019531
-0.001297,0.00091553,0.00061035,0.0023499,-0.0010986,-0.0005188
-0.0012512,-0.00080872,-0.00018311,-0.00015259,-0.00099182,0.00068665
-0.00035095,-0.0016785,-0.0014648,-0.00068665,-0.0012207,-0.00054932
-6.1035e-05,-0.0016022,-0.0018158,0.0007019,-0.0018005,-9.1553e-05
0.00079346,-0.00068665,-0.002533,0.00047302,0.00028992,0.0025787
0.0017853,-0.00057983,-0.0035553,-0.00028992,0.0017242,0.0037537
0.0018921,-0.00067139,-0.0018921,-0.00013733,0.00088501,0.0030365
0.00047302,9.1553e-05,-0.00073242,0.0012665,-0.0012207,0.00035095
-0.00053406,-0.00039673,-0.0012665,0.001236,-0.0038147,-0.0023193
-0.0022278,-0.0019226,-0.0019379,-0.0018921,-0.0052032,-0.0042267
-0.0049744,-0.0038605,-0.0047913,-0.0045013,-0.0071259,-0.0063477
-0.0057831,-0.0065308,-0.0071411,-0.0059357,-0.0081482,-0.0070953
-0.0078735,-0.0078583,-0.0086517,-0.0062714,-0.0077515,-0.0071716
-0.010239,-0.007843,-0.0086212,-0.0055084,-0.0090332,-0.008194
-0.0097198,-0.0078278,-0.0076294,-0.0062561,-0.0086823,-0.0093842
-0.0089874,-0.0074615,-0.0097046,-0.0065765,-0.0084839,-0.010178
-0.0088043,-0.0080109,-0.0096436,-0.0066681,-0.010376,-0.0093079
-0.0080566,-0.0087128,-0.009079,-0.0080566,-0.0091095,-0.0071564
-0.0067291,-0.0080719,-0.011383,-0.0077057,-0.0072937,-0.0059204
-0.0074158,-0.0078888,-0.010239,-0.0062408,-0.0077667,-0.0056152
-0.0093689,-0.0087585,-0.0094452,-0.0062561,-0.0082703,-0.0068665
-0.0095215,-0.0093689,-0.011139,-0.0064697,-0.0093079,-0.0088501
-0.0092621,-0.0093842,-0.010132,-0.0055237,-0.0098724,-0.0092773
-0.0093842,-0.009613,-0.01088,-0.0055084,-0.0095062,-0.0096893
-0.0088196,-0.0103,-0.012848,-0.0054626,-0.010193,-0.008667
-0.0069427,-0.010727,-0.0112,-0.0054169,-0.0091248,-0.0049133
-0.0062103,-0.010086,-0.011383,-0.0067444,-0.0066986,-0.0046844
-0.0085449,-0.0098572,-0.012054,-0.0049133,-0.006958,-0.0069275
-0.009964,-0.01088,-0.009903,-0.0032959,-0.0075531,-0.0067596
-0.0087891,-0.010559,-0.010513,-0.0056763,-0.0078278,-0.0063782
-0.0078278,-0.0089874,-0.011276,-0.0059662,-0.0088959,-0.0062714
-0.008255,-0.0083618,-0.010117,-0.0038757,-0.0089569,-0.0066986
-0.0091858,-0.0094757,-0.010452,-0.0034637,-0.0088959,-0.0083466
-0.0090179,-0.010468,-0.01001,-0.0046082,-0.0088501,-0.0091553
-0.008667,-0.0089722,-0.0093842,-0.0047302,-0.0089569,-0.0086365
-0.0092316,-0.008255,-0.0089111,-0.0027161,-0.009201,-0.0084076
-0.0096741,-0.008606,-0.0070801,-0.0009613,-0.0075073,-0.0088043
-0.009201,-0.006546,-0.0055847,0.0004425,-0.0055542,-0.008255
-0.0073853,-0.005188,-0.004425,0.0019073,-0.0043945,-0.0065155
-0.0054779,-0.0055695,-0.0046539,0.0014496,-0.0028839,-0.0038147
-0.0037842,-0.0049744,-0.004715,0.0021973,-0.0011139,-0.0011139
-0.0013123,-0.0027008,-0.0024719,0.003891,0.00016785,9.1553e-05
0.00028992,0.00030518,-0.0014496,0.0036011,-7.6294e-05,0.00076294
0.0010529,0.0011139,-0.0010071,0.0040131,0.0007782,0.001709
0.0025024,0.0012207,-0.00059509,0.0046844,0.003067,0.0028534
0.0033875,0.0012207,-0.0010376,0.0043945,0.0026245,0.00383
0.0034485,0.0005188,0.00073242,0.0044861,0.0018311,0.0043335
0.0036011,0.0013885,0.0015717,0.0052338,0.0033569,0.0038757
0.0035553,0.0024567,0.001236,0.0064545,0.0044861,0.0036316
0.0033722,0.0032043,0.0036621,0.0070953,0.0046692,0.0046844
0.003418,0.0030975,0.0038757,0.0068512,0.0042877,0.0036163
0.0026703,0.00177,0.002655,0.0062408,0.0033112,0.00177
0.0011902,0.00088501,0.0025482,0.0053253,0.0021515,0.002655
0.00074768,0.0002594,0.00033569,0.0046539,0.00177,0.0027924
0.0011139,0.0004425,-0.00032043,0.0040131,0.0022736,0.001358
0.0023041,0.00071716,0.0016327,0.0039673,0.0015411,0.0011292
0.0029755,0.0015106,0.002655,0.0048981,0,0.00074768
0.00050354,0.0030823,0.0032043,0.004776,0.00061035,-0.00048828
-0.00088501,0.0035248,0.003891,0.0047607,0.0020142,-7.6294e-05
0.0013733,0.0032654,0.0050049,0.006485,0.0036316,0.0016327
0.0038605,0.0040894,0.0061035,0.0084381,0.0063019,0.0032501
0.0046387,0.0064087,0.0072021,0.0096283,0.006897,0.0048523
0.0048981,0.0066528,0.0078125,0.0088043,0.0057983,0.0059662
0.006897,0.0057678,0.0064697,0.0065613,0.0057526,0.007431
0.0080109,0.0067139,0.0050812,0.0048523,0.0067902,0.0090942
0.0077057,0.0071259,0.0052643,0.0055847,0.0077209,0.0081635
0.0075531,0.0068665,0.0063171,0.0078735,0.0076294,0.0063019
0.0058136,0.0054779,0.0069885,0.0079193,0.0072327,0.0070648
0.0052948,0.0053406,0.0070038,0.0072021,0.0071564,0.007431
0.0067596,0.007782,0.0078125,0.0077667,0.0074768,0.0066986
0.0073547,0.0085297,0.008194,0.0080109,0.0079193,0.0072784
0.0077057,0.007843,0.0077972,0.0071259,0.0075836,0.0076752
0.0074768,0.0069427,0.0073853,0.0050354,0.0061493,0.0070343
0.0063629,0.0059814,0.0062103,0.0036774,0.0038757,0.0047913
0.005127,0.0050201,0.0054321,0.0035095,0.0027313,0.0030975
0.0034332,0.003479,0.0048523,0.0022125,0.0031891,0.0035248
0.003067,0.0039825,0.0040131,0.0015106,0.0030365,0.0042877
0.0057526,0.0057068,0.0042267,0.0033569,0.0040131,0.0061951
0.0077515,0.0059052,0.0050659,0.0056305,0.0068207,0.0070038
0.0072327,0.0068512,0.006958,0.0072174,0.0079956,0.0062256
0.0073242,0.0078125,0.0085602,0.0078583,0.0074158,0.0073395
0.0085297,0.0082703,0.008728,0.0068054,0.0073395,0.0084381
0.0093994,0.0088654,0.009552,0.0061646,0.0083466,0.0089874
0.0089569,0.0082703,0.010574,0.0072632,0.0086365,0.0087891
0.00737,0.0089111,0.011017,0.008316,0.0085602,0.0067749
0.0058746,0.0092468,0.010742,0.0091705,0.0092163,0.0055847
0.0040131,0.007782,0.009613,0.0083618,0.0086823,0.0048523
0.0020142,0.0065155,0.0084534,0.005127,0.0069275,0.0031281
0.0017395,0.0046234,0.0072784,0.0026093,0.0049896,0.0028381
0.0029449,0.0032959,0.0050964,0.0015869,0.0039063,0.0042114
0.0044556,0.0037079,0.0026855,0.00090027,0.0047607,0.0050201
0.0058136,0.0046234,0.0026398,0.00080872,0.0061798,0.0056915
0.0062408,0.006134,0.0044708,0.0016785,0.0066528,0.0065002
0.0057831,0.0072937,0.0059814,0.0021057,0.0057526,0.0068054
0.006012,0.0058746,0.0054779,0.00059509,0.0048523,0.0064087
0.0064392,0.0045929,0.003418,-0.0007019,0.004837,0.0060425
0.0059357,0.005127,0.0024872,-0.00027466,0.0034943,0.0048523
0.0046387,0.0036621,0.0021515,-0.00016785,0.00065613,0.0023804
0.0025177,0.00065613,0.00080872,-0.0016022,4.5776e-05,0.0018921
7.6294e-05,-0.00032043,-0.00057983,-0.0034332,0.00076294,0.00091553
-0.0014496,-0.0002594,-0.0009613,-0.0042114,-0.00080872,-0.0015411
-0.00074768,-0.0011902,-0.0013123,-0.0042419,-0.0017548,-0.0010223
0.0007019,-0.0011139,-0.0023956,-0.0036469,-0.001236,0.00035095
0.0020142,0.00090027,-0.002121,-0.0030518,-3.0518e-05,0.00065613
0.0024872,0.0023346,-0.00048828,-0.0024872,0.0021362,0.00085449
0.0016937,0.0026245,0.0014648,-0.00057983,0.0016785,0.0019684
0.0019073,0.0023956,0.0031281,-0.00021362,0.0020294,0.00354
0.0021362,0.0020447,0.0029449,-4.5776e-05,0.0038452,0.0032196
0.0027008,0.0019379,0.0031433,0.0023346,0.0023804,0.0027618
0.0040131,0.0019073,0.0028534,0.0015869,0.0023041,0.0037537
0.0044556,0.0019836,0.00061035,-0.0011902,0.0036926,0.0042725
0.004303,0.0017242,-4.5776e-05,-0.0019379,0.0027924,0.00383
0.0020905,0.0012665,-0.00064087,-0.001358,0.0015869,0.0025024
-0.00039673,0.00018311,-0.0014801,-0.0010834,0,-0.00016785
-0.0011902,-0.0019226,-0.0010223,-0.0024872,-0.0025787,-0.0027313
-0.0028534,-0.0029907,-0.0013123,-0.0039825,-0.0038605,-0.0035858
-0.0046387,-0.0036774,-0.0024414,-0.0046997,-0.0039825,-0.0045166
-0.0052643,-0.0041809,-0.0041199,-0.0049591,-0.0049286,-0.0054932
-0.0056152,-0.0039978,-0.0044708,-0.0053406,-0.0053558,-0.0053406
-0.0057983,-0.0057068,-0.0040741,-0.0057983,-0.0050507,-0.0051727
-0.0057373,-0.0066833,-0.0055389,-0.0059967,-0.0052948,-0.0050812
-0.0062103,-0.0057983,-0.006073,-0.006012,-0.0054474,-0.0056152
-0.0071106,-0.0069427,-0.0059052,-0.0055847,-0.006424,-0.0064697
-0.0067902,-0.0074768,-0.0064087,-0.0056152,-0.0072937,-0.0073547
-0.0072479,-0.0055237,-0.0056458,-0.0051575,-0.0065765,-0.0081177
-0.0084991,-0.0053253,-0.0045319,-0.0039063,-0.0069122,-0.0082245
-0.0073853,-0.0061798,-0.0040131,-0.0035553,-0.0066986,-0.0080261
-0.0052338,-0.0050812,-0.00383,-0.0041046,-0.0042572,-0.0053864
-0.0029755,-0.0029144,-0.00354,-0.0036011,-0.0027466,-0.0020447
-0.0016022,-0.00032043,-0.0013428,-0.0014648,-0.0015869,-0.0013733
-0.0014496,0.0014038,0.0013275,-0.00039673,-0.0013428,-0.001709
0.00013733,0.0012665,0.00091553,-0.0012054,-0.0033722,-0.0015717
0.0018616,0.0011902,-0.00019836,-0.0020142,-0.0041962,-0.001709
0.0015411,0.001297,-0.00057983,-0.0016327,-0.0030518,-0.0011902
0.0010834,1.5259e-05,-0.0013123,-0.0010834,-0.0016937,0.001297
0.0015259,-0.0009613,-0.0012817,-0.0011597,0.00053406,0.0024414
0.001709,0.00027466,-0.0010834,-0.00027466,0.0017242,0.0018158
0.0022125,0.0012665,-7.6294e-05,0.0011139,0.0010834,0.0021667
0.0035553,0.00082397,0.00038147,0.001297,0.0026093,0.003006
0.00354,0.00042725,-0.00093079,0.0005188,0.0043488,0.0038605
0.0018616,0.00010681,-0.00086975,9.1553e-05,0.003418,0.0044556
0.0012207,-0.0010834,-0.00059509,0.00053406,0.0027466,0.00383
0.0011902,-0.0023193,-0.0010071,0.0009613,0.0021667,0.0022125
-0.00088501,-0.0027008,-0.0015564,0.0014648,0.00091553,0.00013733
-0.0030518,-0.0037537,-0.0025482,0.0002594,0.00071716,-0.0015106
-0.0028687,-0.00383,-0.0031128,-0.0014801,-1.5259e-05,-0.0012665
-0.0015869,-0.0016479,-0.002182,-0.00028992,-0.00056458,-0.00065613
-0.00033569,-0.00038147,0.00016785,0.0014954,0.0016937,-0.00028992
0.00042725,0,0.0015869,0.0028076,0.0033875,0.0014801
0.0017548,0.00065613,0.0026093,0.003418,0.0046692,0.0033417
0.0031738,0.0016479,0.0036316,0.0040436,0.0053406,0.0039215
0.0024109,0.0030518,0.0037689,0.0039673,0.0028992,0.002533
0.0010376,0.0032501,0.0027924,0.00094604,0.00062561,0.00068665
0.00065613,0.0029449,0.0012665,-0.00091553,-0.0016479,-0.00059509
0.00015259,0.0021057,0.00090027,-0.0016632,-0.0042572,-0.0020752
-0.00057983,0.0007782,3.0518e-05,-0.0023956,-0.0044556,-0.0017548
6.1035e-05,0.00083923,-0.00047302,-0.0015411,-0.0024872,-0.0007019
0.0015564,0.0017548,-0.00035095,-0.0010223,0.00050354,-0.00019836
0.0021057,0.00354,4.5776e-05,0.00013733,0.0024261,0.0010529
0.0027008,0.0041199,0.0016174,0.0010529,0.001236,0.0024719
0.003418,0.0034332,0.0020294,0.00041199,-0.00042725,0.0037537
0.0034485,0.0033875,0.0028534,0.00013733,0.00090027,0.00354
0.0027771,0.0029144,0.0028687,0.00039673,0.001709,0.0012207
0.0013275,0.0027466,0.0020599,0.001236,-0.0010529,0.00059509
0.00074768,0.0017242,0.0028229,0.0012207,-0.0022888,0.0013123
0.00073242,-0.00010681,0.0014648,0.00073242,0.00030518,0.00047302
-0.00061035,0.00022888,0.00094604,0.0011749,0.0018768,0.00045776
-0.0021973,0.00028992,0.0017242,0.00024414,0.00094604,-0.0002594
-0.0035706,-0.0020447,-0.00056458,-0.0010223,-0.00079346,-0.0031433
-0.0056152,-0.0043945,-0.0026398,-0.0011139,-0.0033569,-0.0039978
-0.0067291,-0.0059204,-0.0042419,-0.0026093,-0.0040436,-0.0046234
-0.0062714,-0.0061951,-0.0053711,-0.003952,-0.0030518,-0.0066223
-0.0061798,-0.0054016,-0.0037537,-0.0035706,-0.0044861,-0.0063782
-0.0057068,-0.0052643,-0.0039215,-0.0035858,-0.0058746,-0.0048218
-0.0045929,-0.0044861,-0.0054474,-0.002533,-0.0054932,-0.0048523
-0.004303,-0.0032196,-0.0023041,-0.0018768,-0.0046082,-0.0043182
-0.0035553,-0.0034485,-0.00071716,-0.0034027,-0.0030823,-0.0028381
-0.0015717,-0.0018463,-0.0030823,-0.0031891,-0.0023804,-0.0023041
0.00061035,0.00071716,-0.0016785,-0.0014496,-0.0012512,-0.00033569
0.002182,0.00082397,-4.5776e-05,-0.00010681,0.0014191,0.0028076
0.0028839,0.0012817,-0.00027466,0.002121,0.0040283,0.0039978
0.0037537,0.0023804,0.0023346,0.0049438,0.0054626,0.0041351
0.0041351,0.0028534,0.0051575,0.0058594,0.0055695,0.0053406
0.0046387,0.0035553,0.004837,0.0045166,0.0065308,0.0067902
0.0062408,0.0046692,0.0029144,0.0041199,0.0073395,0.0072327
0.006546,0.0049133,0.0030823,0.0059509,0.006424,0.0071869
0.006424,0.0031128,0.0046997,0.0070038,0.0067291,0.0065613
0.0055695,0.0029297,0.0045319,0.0061646,0.0076752,0.0063477
0.005249,0.0046844,0.0043182,0.0054474,0.006897,0.0070343
0.0079193,0.0053101,0.0054321,0.0041504,0.0063171,0.0077515
0.0090332,0.0072174,0.0063171,0.0028687,0.0073853,0.0087128
0.008316,0.0085907,0.0063324,0.0043488,0.0079803,0.0090179
0.0077209,0.0070953,0.0071259,0.0065613,0.0067444,0.0080566
0.0069885,0.0070038,0.0093994,0.0074615,0.0059357,0.006485
0.0068207,0.0081329,0.010056,0.0072327,0.0065002,0.0054779
0.0069733,0.0089417,0.0088806,0.0065308,0.0069427,0.0048218
0.0073242,0.0097504,0.0085754,0.0060577,0.0067596,0.0047913
0.006897,0.0095673,0.0093842,0.0048828,0.0058594,0.006424
0.0068512,0.0085907,0.0096893,0.0036011,0.005722,0.0084229
0.0085144,0.0078278,0.0077515,0.0040436,0.0079956,0.0095062
0.0092926,0.0086212,0.007431,0.0053864,0.0095825,0.0083771
0.0081787,0.0094757,0.01004,0.0064697,0.0085144,0.0062103
0.0067596,0.008728,0.010559,0.0059204,0.0066833,0.0055847
0.006012,0.0078583,0.0094757,0.0040588,0.0051422,0.0058289
0.0067749,0.0074615,0.0080566,0.0036163,0.006012,0.0066681
0.0078735,0.0072479,0.0063782,0.0032959,0.0089569,0.007309
0.0068512,0.0067596,0.0063171,0.0037384,0.0095978,0.0068054
0.0068817,0.0060883,0.0066223,0.0048523,0.0076752,0.0068665
0.0083618,0.0050201,0.0054626,0.0027924,0.0059662,0.0066376
0.0072479,0.0048676,0.0045013,0.00027466,0.0046997,0.0052948
0.0051422,0.0053558,0.0049896,0.00038147,0.0040283,0.0041962
0.0028992,0.0036774,0.0048676,0.0013123,0.0040283,0.0030212
0.00099182,0.0019073,0.0040894,0.00076294,0.0036774,0.0016785
0,0.00091553,0.0033875,-0.00080872,0.0020752,1.5259e-05
-0.0007782,0.00024414,0.0023346,-0.0018616,-0.00032043,-0.00054932
-0.00082397,-0.00010681,0.0013123,-0.0030365,-0.0010834,-0.00082397
-0.0020752,-0.0013885,-0.00030518,-0.0036621,-0.00065613,-0.0024414
-0.0034943,-0.0016632,-0.00097656,-0.0032349,-0.0009613,-0.002594
-0.0029297,-0.001358,-0.00042725,-0.0027618,-0.0013885,-0.0021057
-0.001709,-0.0024261,-0.00027466,-0.0021057,-0.0014801,-0.0020447
-0.0014954,-0.0024414,-4.5776e-05,-0.0012207,-0.00068665,-0.0017242
-0.0027771,-0.0014496,0.0010834,-0.00064087,9.1553e-05,-0.0014801
-0.0028992,-0.00079346,0.0021057,-0.00094604,-0.00028992,-0.00042725
-0.00088501,0.00097656,0.0011597,-0.0015564,0.00042725,0
0.001358,0.0022125,0.0011902,-0.0011444,0.0019684,0.00035095
0.0032654,0.0019379,0.0021667,-0.00035095,0.0026855,0.0024567
0.0040894,0.0023346,0.00085449,1.5259e-05,0.0029602,0.0034485
0.0031586,0.0024414,0.00041199,-0.00019836,0.0033112,0.0028839
0.0020294,0.0020447,0.0020905,-0.00039673,0.0024414,0.0023346
0.0027008,0.0017548,0.0023193,-0.00035095,-0.00027466,0.001297
0.0026093,0.0016785,0.00086975,-0.0019684,-0.00097656,0.00045776
0.00076294,0.0017853,-9.1553e-05,-0.0036926,-0.00054932,0.00064087
-0.0002594,0.00047302,-0.0010986,-0.0036469,-0.0013733,0.00061035
-0.0011139,-0.0016479,-0.0033264,-0.0042419,-0.0016632,-0.00088501
-0.0015564,-0.0039063,-0.0063324,-0.0064087,-0.0030365,-0.0025787
-0.0022125,-0.0054169,-0.0086823,-0.0084839,-0.005127,-0.002594
-0.0030365,-0.0061188,-0.0088959,-0.0087738,-0.0062561,-0.0022888
-0.0032043,-0.0063782,-0.0075073,-0.0076904,-0.0069275,-0.0037384
-0.0059357,-0.0052643,-0.0066833,-0.0071716,-0.0076294,-0.0070953
-0.009201,-0.006485,-0.0070343,-0.0079041,-0.0091705,-0.0098114
-0.0103,-0.010147,-0.0084381,-0.0088043,-0.0089874,-0.0094299
-0.010315,-0.011322,-0.010941,-0.0090332,-0.0077362,-0.008606
-0.0098419,-0.010651,-0.010696,-0.0081329,-0.0083618,-0.0080109
-0.009079,-0.0092468,-0.0086823,-0.0076752,-0.0077515,-0.0066223
-0.0072021,-0.0071259,-0.008606,-0.0079956,-0.0070801,-0.0067902
-0.0062256,-0.0062561,-0.0079803,-0.0070496,-0.0085754,-0.0078125
-0.0071869,-0.0063629,-0.0072327,-0.0061493,-0.0085449,-0.0077667
-0.0079803,-0.0067902,-0.0077667,-0.0063934,-0.0074005,-0.0074005
-0.0083313,-0.008316,-0.0082092,-0.006958,-0.0067444,-0.006958
-0.0084534,-0.009079,-0.0082703,-0.0066376,-0.00737,-0.0069427
-0.0085754,-0.007843,-0.0084991,-0.0066223,-0.0094147,-0.0087128
-0.008316,-0.0068054,-0.0088501,-0.0082703,-0.010696,-0.0090179
-0.0068054,-0.0070038,-0.0081177,-0.0083771,-0.010208,-0.0071716
-0.006073,-0.006546,-0.0076599,-0.0059509,-0.0081329,-0.0075073
-0.0068817,-0.0049744,-0.0069885,-0.0027924,-0.0067596,-0.0070496
-0.006012,-0.0043793,-0.0052185,-0.0012054,-0.0054016,-0.0051575
-0.0041656,-0.0037842,-0.0046844,-0.0016937,-0.0027466,-0.0045776
-0.0032806,-0.0027313,-0.0042114,-0.001358,-0.0026245,-0.0032196
-0.0027008,-0.0031433,-0.0030823,-0.0015564,-0.0037689,-0.0014954
-0.0014343,-0.0028687,-0.0031891,-0.002655,-0.0030212,-0.00079346
0.00024414,-0.0009613,-0.0039368,-0.0014648,-0.0023956,-0.0011902
-0.00018311,-0.00085449,-0.0041046,-0.00013733,-0.0028076,-0.0012207
-0.0015869,-0.002655,-0.0030212,-9.1553e-05,-0.0025482,-7.6294e-05
-0.0021362,-0.0036163,-0.0022125,0.0004425,0.00022888,-0.00035095
-0.0031281,-0.0031128,-0.0019836,0.0023499,0.002121,-0.00021362
-0.0026245,-0.0023499,0.00028992,0.0043793,0.0017853,0.00080872
-0.00099182,-0.0010834,0.0016937,0.0048981,0.0021973,-3.0518e-05
-0.00068665,0.0010223,0.0024414,0.0051422,0.0023651,-0.00015259
-3.0518e-05,0.0016937,0.0053558,0.0059509,0.0023193,0.001236
0.00068665,0.001709,0.0065765,0.0067291,0.0026093,0.0023499
0.0011139,0.002655,0.0057678,0.0059814,0.0029297,0.0022125
0.0022278,0.0037231,0.0040283,0.0041656,0.0026398,0.0013428
0.0026855,0.0041046,0.0033722,0.0035095,0.0016479,0.0014038
0.0028839,0.0027466,0.0040588,0.0031586,0.0011749,0.0017548
0.003006,0.0016327,0.0026398,0.0029755,0.00097656,0.0022583
0.0024414,0.0019989,0.0018463,0.0032196,0.0022888,0.0023499
0.0026245,0.0018616,0.0022125,0.0030365,0.0027771,0.0030823
0.0043945,0.0024872,0.0025635,0.0032806,0.0031128,0.0053406
0.0059509,0.0046692,0.0037231,0.0040894,0.0062866,0.0062408
0.0065613,0.0067444,0.0049591,0.0052185,0.0072632,0.0070343
0.0075226,0.0078125,0.0060577,0.006424,0.0072937,0.0081787
0.0071869,0.0075378,0.0075531,0.0079956,0.008667,0.0075531
0.0057526,0.006546,0.0091705,0.0092773,0.0089111,0.0060577
0.0046387,0.0061188,0.0081482,0.0082855,0.0081482,0.0045471
0.00354,0.0061951,0.0061188,0.0058289,0.0057068,0.0043488
0.0044861,0.0056763,0.0059662,0.0038757,0.0037079,0.0042877
0.0055389,0.006012,0.0065765,0.0042725,0.0036163,0.0027466
0.0041962,0.006958,0.007782,0.0058441,0.0030975,0.001358
0.003479,0.0059204,0.0076447,0.0054932,0.0032959,0.0013123
0.003952,0.0049286,0.0048828,0.003418,0.0044861,0.0024261
0.0040131,0.0050354,0.0032806,0.0011597,0.003418,0.0029907
0.0044708,0.0044861,0.0032349,-0.00012207,0.0016632,0.0036469
0.0055542,0.0033875,0.0014954,-0.00082397,0.0018311,0.0039673
0.0050964,0.0026245,0.00048828,-0.00047302,0.0019836,0.0025635
0.0023041,0.0023041,0.0023499,0.00091553,0.0015564,0.0010376
0.00013733,0.0014801,0.002594,0.00027466,0.0013275,0.00041199
0.00027466,0.00041199,0.00068665,-0.00050354,0.0010681,0.0011444
0.0010986,-0.00013733,0.00057983,-0.00027466,0.00079346,0.0019684
0.0014954,-0.00015259,0.00053406,-0.00088501,0.00033569,0.0014648
0.00048828,0.00062561,0.00093079,-0.00030518,0.00010681,0.00073242
-0.0011292,0.00041199,0.0017395,-0.00015259,0.00024414,-0.0007782
-0.0015717,-0.00085449,-0.00050354,-0.00090027,-0.00073242,-0.0023499
-0.0017853,-0.0011139,-0.00091553,-3.0518e-05,-0.001297,-0.0014954
-0.0018005,-0.0020905,0.00059509,0.00032043,-0.00016785,-0.00047302
-0.00093079,-0.0025024,9.1553e-05,-0.00030518,0.00086975,-0.00050354
-0.0010376,0.00028992,0.0010834,0.0007019,0.0027161,-4.5776e-05
-0.0019379,0.0015869,0.0027466,0.0024872,0.0039063,1.5259e-05
-0.0014038,0.00059509,0.0027771,0.0024567,0.0029449,-0.00048828
-0.00065613,0.0016327,0.0031738,0.0018158,0.0024414,-0.00012207
9.1553e-05,0.002243,0.0035706,0.0019226,0.0019226,0.00030518
0.0025024,0.0011902,0.0031586,0.00074768,0.00061035,0.00094604
0.0038147,0.0014343,0.0018311,-0.0011139,0.00062561,0.0026703
0.0029602,0.0024261,0.00039673,-0.00088501,0.00074768,0.0024872
0.0029755,0.0029907,0.00091553,-0.00067139,0.00030518,0.0013885
0.0026703,0.0030975,0.0018768,-0.0012054,0.0012207,0.0021973
0.0021515,0.003067,0.0012665,-7.6294e-05,0.0010529,0.0022736
0.0036011,0.0020905,0.00082397,-0.0007782,0.00036621,0.0011444
0.0028534,0.0010223,0.00065613,-0.002243,-0.00041199,0.0012665
-0.00012207,0.00073242,-0.00024414,-0.0013885,-0.0027924,0.00053406
-0.00082397,-0.0016022,-0.0016785,-0.0026703,-0.0021973,-0.0023804
-0.0018921,-0.0031281,-0.0039215,-0.0045013,-0.0016937,-0.0036621
-0.0048218,-0.0034332,-0.0051575,-0.0055695,-0.0052032,-0.0042877
-0.0064697,-0.0062408,-0.0061493,-0.0082245,-0.0082397,-0.0056458
-0.0076904,-0.0087433,-0.0094757,-0.009964,-0.0097504,-0.0074463
-0.010284,-0.01033,-0.011459,-0.010162,-0.010544,-0.010941
-0.012497,-0.011505,-0.010971,-0.01004,-0.011765,-0.013016
-0.013062,-0.012177,-0.011688,-0.010239,-0.013474,-0.013382
-0.013916,-0.013718,-0.012161,-0.01088,-0.014221,-0.014008
-0.015137,-0.014557,-0.011765,-0.011307,-0.014267,-0.014557
-0.014938,-0.014572,-0.012405,-0.010452,-0.013901,-0.014435
-0.013519,-0.013596,-0.012131,-0.0084991,-0.012482,-0.012421
-0.010284,-0.010345,-0.010376,-0.0074158,-0.0099182,-0.010422
-0.0079651,-0.0078735,-0.0084534,-0.0059357,-0.0083313,-0.0083008
-0.0076447,-0.0068817,-0.0074463,-0.0046387,-0.0070038,-0.0050812
-0.0061035,-0.0058746,-0.0069733,-0.0045929,-0.0050964,-0.0034637
-0.004715,-0.0059967,-0.0054932,-0.0023651,-0.0037079,-0.0024109
-0.003418,-0.0046082,-0.0045776,-3.0518e-05,-0.0011597,-0.0015717
-0.0023651,-0.0022888,-0.0036469,0.0014648,0.00061035,-0.0016937
-0.0018768,-0.0021057,-0.0024261,0.003067,-0.00033569,-0.00056458
-0.0012817,-0.0021057,-0.0026093,0.00068665,-0.0015259,1.5259e-05
-0.0028687,-0.0027771,-0.0026245,-0.0018311,-0.0025024,-0.0011749
-0.0038147,-0.0042725,-0.0027161,-0.0012054,-0.0037384,-0.002182
-0.0034637,-0.00383,-0.0037079,-0.0016479,-0.003479,-0.0028992
-0.0039978,-0.0018616,-0.00383,-0.0020142,-0.002182,-0.0024872
-0.0018921,-0.0010376,-0.0027924,-0.00083923,-0.0018616,-0.0018768
0.00054932,-0.0010986,-0.002533,0.00033569,-0.0012207,-0.0021667
0.00016785,-0.00057983,-0.0025482,0.00073242,-0.0019226,-0.0018768
-0.00074768,-0.0011749,-0.0024567,-0.00039673,-0.0041351,-0.0019531
-0.0026398,-0.0031738,-0.0035248,-0.0022278,-0.0040894,-0.0032806
-0.0053253,-0.0044098,-0.0042419,-0.0032196,-0.004837,-0.005127
-0.0066986,-0.0059357,-0.0047302,-0.0031891,-0.0071411,-0.0059814
-0.0068817,-0.0079346,-0.0067749,-0.0033722,-0.0075531,-0.0064545
-0.0076141,-0.0071869,-0.0082703,-0.004776,-0.0079346,-0.008316
-0.0083618,-0.005661,-0.0072174,-0.0054321,-0.0087891,-0.0094604
-0.0071411,-0.006012,-0.0062408,-0.0041351,-0.0083313,-0.0084839
-0.0058136,-0.0053101,-0.0056458,-0.002594,-0.006958,-0.0066681
-0.0055237,-0.0033112,-0.003479,-0.0015564,-0.0055237,-0.0054321
-0.0044556,-0.0019531,-0.0014343,0.00010681,-0.003891,-0.0038605
-0.0023956,-0.0012054,-0.00015259,0.0018311,-0.0018616,-0.0019226
-0.00013733,0.00022888,0.00056458,0.0026398,-0.0010834,-0.0010223
0.0014648,0.0025635,0.0010071,0.0038147,-0.0005188,0.00057983
0.002655,0.0029602,0.0020752,0.0046692,0.0018921,0.002533
0.0036926,0.0017395,0.002655,0.0054169,0.0039063,0.0040283
0.0037384,0.0019379,0.0034027,0.0066071,0.0048676,0.0052338
0.0032654,0.0035706,0.0046082,0.0071564,0.0058289,0.0050201
0.0034943,0.005188,0.0059357,0.008316,0.0070648,0.0045319
0.0050659,0.0061188,0.0075378,0.0086517,0.0070038,0.0056
0.0065918,0.0066376,0.0078735,0.0084839,0.0063629,0.0067444
0.005661,0.0068512,0.00737,0.0095825,0.007843,0.005249
0.0034637,0.0057678,0.0074158,0.0083618,0.0077515,0.0048981
0.0040436,0.0038605,0.0065613,0.0054626,0.0066071,0.0071716
0.0056763,0.0034332,0.0033112,0.0034943,0.0051575,0.0064087
0.0049133,0.0028839,0.0014801,0.0018616,0.00091553,0.0043335
0.0036469,0.0018768,0.0020905,0.0014038,-1.5259e-05,0.0033264
0.0028229,0.0027924,0.0023804,0.0025024,0.0029755,0.0025177
0.002533,0.0031128,0.0038605,0.0045013,0.005722,0.0039215
0.0037537,0.0033417,0.0051575,0.0061798,0.0085907,0.0063019
0.0056915,0.0060425,0.0057526,0.0075531,0.010132,0.0075378
0.00737,0.0070343,0.0078583,0.0087128,0.0098419,0.0084381
0.0079803,0.0064545,0.0089874,0.0076447,0.0093079,0.00914
0.0076141,0.0081177,0.0083618,0.0064697,0.0093842,0.0085297
0.0071411,0.0092468,0.0084076,0.0067596,0.0093079,0.0085144
0.0070496,0.0077057,0.0083313,0.0063324,0.0084839,0.0089722
0.0069427,0.006546,0.0073547,0.0056458,0.0073242,0.0074005
0.0060577,0.0067596,0.0078888,0.006012,0.0066833,0.0065308
0.0056915,0.0066833,0.0088959,0.0070648,0.0077667,0.0067444
0.0067139,0.0068207,0.0079651,0.0066528,0.0093689,0.0070953
0.0086365,0.0076599,0.0076141,0.0057983,0.0099487,0.0099335
0.010696,0.0082855,0.0082245,0.0065002,0.011032,0.012436
0.012283,0.0089417,0.0088959,0.0079498,0.011307,0.011703
0.012863,0.0099792,0.011185,0.0090332,0.009903,0.010941
0.011185,0.010956,0.012405,0.0080261,0.010696,0.010818
0.0097504,0.011597,0.011841,0.0071869,0.011307,0.0099792
0.010483,0.011322,0.012115,0.0071564,0.010178,0.0098419
0.010376,0.010208,0.011551,0.0067596,0.0097351,0.010086
0.010544,0.010452,0.010895,0.0073242,0.01004,0.010529
0.011871,0.011337,0.011139,0.0070801,0.011032,0.010971
0.012299,0.011017,0.010849,0.0065613,0.011353,0.011276
0.013,0.012146,0.011566,0.0061646,0.011475,0.011841
0.012497,0.012726,0.011826,0.0049438,0.010544,0.010559
0.011063,0.010193,0.0096436,0.0047607,0.0079651,0.0095215
0.010254,0.0088043,0.0071411,0.0040283,0.0072479,0.0094452
0.008667,0.0091858,0.0067749,0.002243,0.0075836,0.0077209
0.0080719,0.0094299,0.0083771,0.0012512,0.0057526,0.006073
0.0076752,0.0081024,0.0077057,-0.00021362,0.0040283,0.0043488
0.006134,0.0053864,0.0039063,-0.00091553,0.0032654,0.0029144
0.0036163,0.0033112,0.0018768,-0.00090027,0.00079346,0.0022125
-3.0518e-05,0.00076294,0.00032043,-0.0038757,-0.0010986,4.5776e-05
-0.0022278,-0.0017395,-0.0034027,-0.0071564,-0.0024719,-0.0024109
-0.003952,-0.0029144,-0.0040894,-0.0084076,-0.0054169,-0.0056915
-0.0072327,-0.0041199,-0.00354,-0.0097198,-0.0087128,-0.0098419
-0.00914,-0.0063171,-0.0059509,-0.01091,-0.011688,-0.011658
-0.0098419,-0.008255,-0.0086365,-0.012054,-0.013168,-0.0121
-0.011627,-0.0094299,-0.011002,-0.013489,-0.013672,-0.012939
-0.012512,-0.01149,-0.012344,-0.013885,-0.013809,-0.013931
-0.012283,-0.012497,-0.012222,-0.012817,-0.012604,-0.014008
-0.011536,-0.011993,-0.012604,-0.011353,-0.011353,-0.011337
-0.0098267,-0.011459,-0.012909,-0.010696,-0.010269,-0.0088043
-0.0079956,-0.00914,-0.010864,-0.0093231,-0.008606,-0.0085907
-0.0062714,-0.0066986,-0.0083008,-0.00737,-0.0078888,-0.0081482
-0.0062714,-0.0057983,-0.0074463,-0.0075531,-0.0083923,-0.008316
-0.0070648,-0.005127,-0.0065613,-0.0076447,-0.009491,-0.0089874
-0.0068207,-0.0059052,-0.0050049,-0.0065765,-0.011154,-0.0085602
-0.0076904,-0.0061493,-0.0045776,-0.0059509,-0.010254,-0.0084076
-0.0088654,-0.0060883,-0.0065613,-0.0061493,-0.007019,-0.0082703
-0.0086365,-0.0083008,-0.0089264,-0.0070496,-0.0067139,-0.0083923
-0.0082245,-0.0088043,-0.0097656,-0.0059814,-0.0077057,-0.0081482
-0.0076752,-0.0083466,-0.00914,-0.0044708,-0.0071564,-0.0060883
-0.0075073,-0.0094452,-0.0085602,-0.0049438,-0.0063171,-0.0052643
-0.0077515,-0.0092926,-0.0090485,-0.0050659,-0.005127,-0.0055389
-0.0065765,-0.0083008,-0.0088043,-0.0042877,-0.0033569,-0.0040588
-0.0048981,-0.0073547,-0.0084076,-0.003952,-0.0022125,-0.0023956
-0.0039673,-0.0058594,-0.0080566,-0.004837,-0.0027924,-0.0020599
-0.0041199,-0.0062408,-0.007431,-0.0047455,-0.0039215,-0.0027924
-0.0063171,-0.0076447,-0.0081329,-0.0032196,-0.0059204,-0.0037994
-0.0077209,-0.0084991,-0.0075836,-0.0032501,-0.0064697,-0.0044556
-0.0065765,-0.0092468,-0.0069122,-0.0036163,-0.0044861,-0.0059204
-0.0068817,-0.0070496,-0.0081787,-0.003418,-0.0041046,-0.0063934
-0.0072632,-0.0045166,-0.0070648,-0.0037384,-0.0036469,-0.0052185
-0.0046997,-0.0037384,-0.0047302,-0.0024414,-0.0037384,-0.0050812
-0.0033112,-0.0030518,-0.0028381,0.00057983,-0.0047607,-0.0041351
-0.0035248,-0.0034485,-0.0020142,0.0014496,-0.0027161,-0.0023651
-0.0028839,-0.0036163,-0.0032654,0.0010681,-0.0012817,-0.0014496
-0.0016632,-0.0033722,-0.0026245,0.001236,-0.00068665,7.6294e-05
-0.00091553,-0.0027618,-0.0014038,0.001297,0.00099182,0.00028992
-0.0013885,-0.0016479,-0.00091553,0.0034637,0.00045776,-0.00076294
-0.0020599,-0.00091553,0.0013428,0.0052643,0.00019836,4.5776e-05
-0.0021667,-1.5259e-05,0.0023499,0.0037994,0.0013885,0.00050354
-0.0016174,-0.00010681,0.0015259,0.0031891,0.0019073,-0.00076294
-0.0015564,-0.0012665,0.00021362,0.0033417,0.0019379,-0.0016327
-0.0028992,-0.0020294,-0.0013428,0.0027313,0.00083923,-0.0019684
-0.0046082,-0.0033875,-0.0020142,0.0026245,0,-0.0019531
-0.005188,-0.0045624,-0.003006,0.0018158,-0.00048828,-0.0019684
-0.0054474,-0.0042114,-0.0022278,0.00076294,-0.0019531,-0.0037079
-0.0051117,-0.0041656,-0.0016174,-0.00032043,-0.0033569,-0.0050049
-0.0034027,-0.0044861,-0.0040588,-0.0025177,-0.0040588,-0.0031281
-0.0028229,-0.0043793,-0.0045319,-0.003891,-0.0045319,-0.0018921
-0.0024872,-0.0039215,-0.0042419,-0.0034332,-0.0056152,-0.0030975
-0.0030365,-0.0039673,-0.0052948,-0.003067,-0.0058441,-0.003952
-0.0048523,-0.0055084,-0.0055542,-0.0039978,-0.0048828,-0.0043182
-0.005188,-0.0062103,-0.0054474,-0.0038757,-0.0046692,-0.0039978
-0.0051422,-0.0047455,-0.004303,-0.0024414,-0.0037842,-0.0033264
-0.0045013,-0.0024414,-0.002533,-0.00071716,-0.002182,-0.0034332
-0.0025177,-0.0013428,-0.0017548,0.0011597,-0.001297,-0.001709
0.00010681,-0.0014343,-0.0010681,0.0017395,0.00019836,-3.0518e-05
0.0011292,0.00050354,0.00041199,0.0023346,0.0010376,0.00010681
0.0010223,0.0027008,0.002121,0.0034485,0.00054932,0.00082397
0.0016937,0.0025177,0.0032043,0.0032349,0.00076294,-0.00019836
0.00028992,0.0025787,0.0037994,0.0036469,0.00050354,-0.00039673
-0.00018311,0.002594,0.0040131,0.0049896,0.0010376,0.00067139
0.0018616,0.0027924,0.0030365,0.0037079,0.0028076,-0.00018311
0.0017548,0.0041962,0.0024872,0.0018768,0.0020905,0.00064087
0.0020752,0.0036469,0.0034027,0.002121,0.00062561,0.0022278
0.0044708,0.0026398,0.0030975,0.0018921,0.0007019,0.0031128
0.0048828,0.0031891,0.0019379,0.0026245,0.0018158,0.0044708
0.0040894,0.0031891,0.0021973,0.0035248,0.0029144,0.0043945
0.0036011,0.0032959,0.0022125,0.00177,0.0022888,0.0030518
0.0026703,0.0030365,0.0014038,0.00093079,0.00067139,0.00090027
0.0010986,0.0018768,0.00065613,0.00054932,-0.0010529,-0.0002594
-0.0009613,-0.00016785,-0.0010986,-0.00074768,-0.0015717,3.0518e-05
-0.00094604,-0.0030212,-0.002655,-0.0010223,-0.0013275,-0.00042725
-9.1553e-05,-0.0027618,-0.002182,-0.0010376,-0.0019531,-0.00057983
-0.00032043,-0.00093079,-0.00076294,-0.00093079,-0.0015717,-0.00013733
0.0007019,-0.00059509,0.00016785,9.1553e-05,-0.00057983,0.0007019
0.0019226,0.00099182,0.0015106,0.0018005,0.00028992,0.0013123
0.0014496,0.0032654,0.0031891,0.0033112,0.0026245,0.0013428
0.0012817,0.0035095,0.0035095,0.004364,0.0047455,0.0027466
0.0031586,0.0024719,0.0032196,0.0043182,0.0048523,0.0035553
0.0034332,0.0028687,0.0034637,0.0033875,0.0037842,0.0025024
0.0010223,0.0035095,0.0049896,0.0037231,0.0017853,0.0018768
0.00061035,0.0023804,0.0053253,0.0044098,0.0013123,0.00061035
0.00030518,0.0021515,0.004303,0.0049896,0.0039673,-0.00036621
-0.00039673,0.0027618,0.0053101,0.005188,0.0049438,0.0016632
0.0019989,0.0029297,0.0054626,0.0041656,0.0043182,0.0037689
0.0028076,0.0037384,0.0043793,0.0042114,0.0053406,0.0041046
0.0020752,0.0035095,0.0049591,0.0052338,0.0057068,0.003952
0.003418,0.0020599,0.0057526,0.0054321,0.0053864,0.0037689
0.0041656,0.0025635,0.0055695,0.0048828,0.006073,0.0045013
0.0040588,0.0041962,0.0041504,0.0040283,0.0062714,0.0056763
0.0039063,0.0040741,0.0028534,0.0030212,0.0050507,0.0052643
0.0040131,0.0028534,0.0027924,0.0014954,0.0030975,0.0034637
0.0039063,0.002655,0.0016022,0.00027466,0.0015717,0.0020752
0.0026398,0.0022125,0.00094604,0.00093079,0.0007782,0.0015259
0.0017853,0.0011902,0.0023193,0.001236,0.001709,0.0012665
0.001358,0.0015411,0.0028839,0.00010681,0.0025787,0.0015869
0.0010529,0.0016327,0.0017395,0.0005188,0.00061035,0.0019684
0.0012665,0.00062561,-0.00064087,-9.1553e-05,-0.00013733,0.00094604
0.00068665,-0.00038147,-0.0012665,-0.0031433,0.00016785,-0.00079346
-0.00062561,-0.0005188,-0.0010681,-0.0035706,-0.0016937,-0.0017242
-0.0018005,-0.00015259,-0.0011902,-0.002121,-0.0034485,-0.003479
-0.003006,-0.0012665,0.00065613,-0.0019531,-0.0035706,-0.0046234
-0.0030823,-0.0009613,0.00076294,-0.0019684,-0.0020142,-0.0020599
-0.00076294,0.0011597,-0.0004425,-0.001236,-0.00041199,-3.0518e-05
0.0015717,0.0013123,0.00090027,0.00041199,0.00039673,-1.5259e-05
0.0014801,0.0015869,0.0025024,0.0022278,0.0012054,-0.00015259
0.00038147,0.002533,0.0036163,0.0023499,0.0010376,-0.00083923
0.00027466,0.0027313,0.004715,0.0019836,0.00064087,4.5776e-05
0.0012054,0.0025024,0.0043488,0.0019989,0.0015717,0.0015259
0.0025177,0.0022888,0.0024414,0.00086975,0.0021057,0.0026245
0.0038147,0.0024261,0.0011597,-1.5259e-05,0.0022583,0.0047302
0.0042267,0.0017242,-3.0518e-05,-0.00015259,0.0033722,0.004776
0.0035095,0.00068665,-0.0007782,0.00041199,0.0035248,0.0032806
0.002594,0.00041199,0.0015564,0.0021515,0.0026398,0.0032806
0.0025787,0.0010376,0.0029755,0.003006,0.002594,0.0036774
0.0027313,0.0016022,0.0026093,0.0028687,0.003891,0.0030212
0.0029755,0.0024872,0.0024261,0.002182,0.0051117,0.0023193
0.0037079,0.0032501,0.0017395,0.0014038,0.0037537,0.002594
0.0029449,0.0023499,0.002243,0.0012207,0.0016785,0.0027771
0.0019989,0.0023499,0.0023651,0.00073242,0.0016937,0.0037689
0.0034332,0.0022888,0.0016937,0.00099182,0.0026855,0.0043945
0.0046844,0.0020599,0.0022736,0.0019989,0.003479,0.0036011
0.0038452,0.0039215,0.0033112,0.0020905,0.0040588,0.0033875
0.0027008,0.0039673,0.0033875,0.0014648,0.0034637,0.0021667
0.0014343,0.001709,0.0018158,0.00038147,0.0016174,0.0010681
0.0004425,0.00057983,0.00027466,-0.0010834,-0.00019836,0.00059509
-4.5776e-05,0.00036621,-0.00083923,-0.0029449,-0.0019989,-0.00050354
-0.0014954,-0.00086975,-0.0017548,-0.0041962,-0.0023804,-0.0013428
-0.0033569,-0.0025177,-0.0023193,-0.0041962,-0.0023956,-0.0029602
-0.0045166,-0.0034332,-0.003479,-0.0043793,-0.0039063,-0.0041199
-0.0045624,-0.0044556,-0.0047455,-0.0047455,-0.0052643,-0.0050964
-0.004715,-0.0049591,-0.0051422,-0.0050659,-0.006012,-0.006424
-0.0061035,-0.0055847,-0.0051575,-0.0060272,-0.0062866,-0.0064545
-0.0067902,-0.0072632,-0.0063477,-0.0067596,-0.0062256,-0.0052032
-0.0056458,-0.0075531,-0.0080414,-0.0062256,-0.0050049,-0.0034485
-0.004425,-0.006134,-0.007782,-0.0053558,-0.0032196,-0.0033875
-0.0042267,-0.0040894,-0.0064087,-0.0042572,-0.0032806,-0.0032654
-0.0040131,-0.0039825,-0.0060425,-0.0036469,-0.0037079,-0.0029297
-0.0046234,-0.0061646,-0.006485,-0.00354,-0.0033417,-0.0044708
-0.0062561,-0.006897,-0.0057373,-0.0026703,-0.0040283,-0.0041351
-0.0056915,-0.0067596,-0.0043793,-0.0033417,-0.0041351,-0.0029297
-0.0039215,-0.0058289,-0.0044556,-0.0036774,-0.0026703,-0.0027161
-0.0034027,-0.0035706,-0.0044861,-0.0015411,-0.0018463,-0.0018768
-0.0032196,-0.0025177,-0.0040131,9.1553e-05,-0.0014954,-0.0027466
-0.0037689,-0.0030975,-0.0028839,0.00062561,-0.002533,-0.0049744
-0.0054474,-0.0043793,-0.0015411,-0.00073242,-0.0055237,-0.0063782
-0.00737,-0.0046997,-0.0031586,-0.0032043,-0.0078125,-0.0079498
-0.0079956,-0.0042114,-0.0046844,-0.0045624,-0.0089722,-0.0090485
-0.0070038,-0.0044556,-0.0041656,-0.0056152,-0.0091095,-0.0081787
-0.0061188,-0.0038757,-0.0046844,-0.0054779,-0.0075226,-0.0072937
-0.0042267,-0.0023499,-0.0042419,-0.0035248,-0.0058746,-0.0058441
-0.00067139,-0.00071716,-0.0018158,-0.0020599,-0.0040436,-0.0015717
0.0018158,0.0013123,0.0004425,0.00032043,-0.0011444,0.0024414
0.0032043,0.0025635,0.0027313,0.0035095,0.0019836,0.0039368
0.0042267,0.0041809,0.0041504,0.0045776,0.0039368,0.0030975
0.0042114,0.0067749,0.0047607,0.0050507,0.0031433,0.0019684
0.0037842,0.0068665,0.0062256,0.0045929,0.0020752,0.0027008
0.0039673,0.0058136,0.0058289,0.00354,0.0024872,0.0037231
0.004837,0.0052795,0.0045166,0.0037231,0.003952,0.0044098
0.005188,0.0041351,0.0046692,0.0038147,0.0054932,0.0048981
0.0053864,0.0045776,0.0040283,0.0037994,0.0054321,0.0062866
0.0068054,0.0048981,0.0039063,0.0047455,0.0061951,0.008316
0.0070343,0.0049438,0.0044556,0.0058289,0.0076294,0.0083313
0.0058899,0.0060577,0.0050354,0.0054474,0.007843,0.0068665
0.0064392,0.0052338,0.006012,0.0050201,0.0071869,0.0063629
0.006897,0.0049438,0.0054321,0.0054626,0.0068817,0.0072479
0.0068207,0.0061035,0.0052795,0.0060883,0.0084229,0.0073395
0.0063477,0.006134,0.006424,0.006546,0.0085297,0.006134
0.004715,0.0054932,0.0065308,0.0060272,0.0067749,0.0049133
0.0043182,0.0041809,0.0057831,0.0053101,0.0053253,0.0052948
0.004364,0.0025482,0.0050049,0.0040894,0.0050507,0.0058899
0.0033417,0.0027924,0.0049133,0.0029907,0.006546,0.0047607
0.003006,0.0049591,0.0051727,0.0035858,0.0063934,0.003952
0.0039673,0.0051727,0.0050507,0.0044403,0.0060883,0.0040131
0.0044861,0.0039063,0.0049896,0.0041351,0.0066681,0.0046387
0.0037689,0.0038605,0.0052032,0.0032959,0.0057678,0.0046387
0.0041199,0.0040283,0.0053101,0.0035706,0.0061493,0.0040741
0.0052338,0.0040283,0.0048523,0.0032501,0.0060425,0.0041962
0.0050659,0.0040283,0.0048676,0.0023804,0.0046692,0.0044098
0.0041656,0.0046539,0.0054169,0.002533,0.0055084,0.0053711
0.0042877,0.0046844,0.0048828,0.0021973,0.0061798,0.006485
0.0064392,0.0039978,0.0047607,0.0024567,0.0069733,0.007309
0.0081482,0.0057678,0.0054016,0.0031891,0.0076599,0.0069427
0.0073242,0.0072327,0.0055237,0.0033264,0.0055084,0.0049744
0.0063477,0.0067596,0.0063171,0.003418,0.0044556,0.0048676
0.0073242,0.0073395,0.0066071,0.002533,0.0048981,0.0057373
0.0073242,0.0077209,0.0059509,0.0012817,0.0047913,0.0058441
0.0062714,0.0067139,0.0057983,0.0016937,0.0057373,0.006073
0.0068359,0.0058136,0.0059204,0.0025482,0.0059967,0.0045624
0.0056152,0.0061188,0.0065308,0.0027161,0.0041656,0.0028381
0.0040283,0.0066376,0.0072021,0.003418,0.0023499,0.0029907
0.0051117,0.0059662,0.0066528,0.0021667,0.0025482,0.0032501
0.006546,0.0054932,0.005661,0.0004425,0.0045929,0.0044403
0.0074005,0.0060425,0.005188,0.0015869,0.0064087,0.0057983
0.0060272,0.0056152,0.0053101,0.0026398,0.006012,0.0048981
0.0041046,0.003891,0.0052948,0.0029755,0.0043793,0.0035095
0.0035858,0.0032349,0.0042877,0.0021515,0.0035248,0.0023193
0.002655,0.0031586,0.0038147,0.0005188,0.0031891,0.0011902
0.001709,0.0021362,0.0035858,-0.00016785,0.0026093,0.0015717
0.00090027,0.0014954,0.0030975,-9.1553e-05,0.002655,0.0020599
0.0011902,0.0018768,0.0030365,0.0012817,0.0037842,0.0012512
0.0018311,0.0021057,0.0031433,0.0027008,0.0037994,0.00093079
0.00088501,0.00177,0.003891,0.0016479,0.0024872,0.00085449
0.00064087,0.0010376,0.0035553,-0.00090027,0.0016022,0.00033569
0.00088501,0.00079346,0.00085449,-0.0023804,-6.1035e-05,0.00088501
0.0015259,0.00045776,-0.0014191,-0.0038147,-0.0023041,0.00074768
0.0018311,-0.0014801,-0.0028229,-0.0058289,-0.0032806,-0.0011292
-0.00028992,-0.0023956,-0.0040436,-0.0060883,-0.0035095,-0.0024261
-0.0021057,-0.0020752,-0.0032654,-0.005127,-0.0041351,-0.0030823
-0.0028687,-0.0027771,-0.0020599,-0.0044403,-0.0039215,-0.0036774
-0.0039825,-0.0032654,-0.0022125,-0.0039978,-0.0025482,-0.0042725
-0.0043793,-0.0027161,-0.0020599,-0.0037994,-0.0023499,-0.0042114
-0.0041809,-0.002655,-0.0018616,-0.0034943,-0.0017242,-0.0035248
-0.0039673,-0.0037842,-0.0028381,-0.0039063,-0.00080872,-0.0034637
-0.0035095,-0.0046844,-0.0044403,-0.0050201,-0.0023804,-0.0036621
-0.0039978,-0.0055542,-0.0057526,-0.0057983,-0.0037994,-0.0034027
-0.0039673,-0.0062561,-0.0066223,-0.0059052,-0.0030823,-0.002182
-0.0021973,-0.0048828,-0.0059509,-0.0045166,-0.0010071,-0.0012512
-0.0012665,-0.0018616,-0.003479,-0.0023651,0.00086975,-0.00019836
-0.00019836,0.00015259,-0.00036621,-0.0005188,0.0018463,0.0014648
0.0014038,0.0014496,0.0022125,0.00064087,0.0020905,0.0014648
0.002243,0.0033264,0.003418,0.0012207,0.0016937,0.0023041
0.0034637,0.0026093,0.0036163,0.0019836,0.0022583,0.0036469
0.0037537,0.0016174,0.0028992,0.0023651,0.0032959,0.0034027
0.0024872,0.0030823,0.0039063,0.002533,0.0033264,0.003067
0.0018005,0.004364,0.0061798,0.0027771,0.0026703,0.0015106
0.0017242,0.0054474,0.0058899,0.0032196,0.0029907,0.00062561
0.0023804,0.0048218,0.0049286,0.0032196,0.0046234,0.0017853
0.0038757,0.0037231,0.004776,0.0028687,0.0050354,0.0031281
0.0049744,0.0042725,0.0048218,0.0036469,0.0046234,0.0049744
0.0052032,0.0049896,0.0050201,0.0038757,0.0054321,0.005661
0.0046844,0.0056915,0.0058289,0.0032959,0.0058746,0.0049286
0.0040588,0.0050201,0.0067139,0.0027771,0.0048828,0.0046539
0.0034637,0.0040283,0.0055695,0.0023956,0.004776,0.0037994
0.002594,0.0034332,0.0042114,0.0024719,0.0048523,0.0025024
0.0012512,0.0015106,0.0030212,0.0010986,0.0038757,0.002243
0.00059509,0.00013733,0.0004425,-0.0011597,0.0040436,0.0028992
0.0015411,4.5776e-05,-0.00088501,-0.00177,0.0032196,0.0031586
0.0017395,0.00027466,-0.00050354,-0.0019836,0.00088501,0.0029449
0.0016174,0.00085449,-0.00073242,-0.0027313,-3.0518e-05,0.0015106
0.0013275,0.0014038,-0.00061035,-0.0027466,-0.0015564,-0.00085449
-9.1553e-05,0.0014801,0.00073242,-0.0028076,-0.0037079,-0.0013123
0.00022888,0.0013733,0.0015869,-0.0031281,-0.0033417,-0.0012207
0.00094604,0.0016785,0.0010834,-0.0030823,-0.0016479,-0.0015411
0.00099182,0.0016022,-9.1553e-05,-0.0024719,-0.00056458,-0.00088501
0.002533,0.0014648,-0.00042725,-0.0012665,0.00067139,0.00016785
0.0037079,0.0021973,0.00016785,0,0.0016785,0.0015411
0.0037537,0.0029755,0.0018311,0.0007019,0.0015411,0.0024872
0.0036011,0.0030212,0.003479,0.00030518,0.0014191,0.0022736
0.0039673,0.0031281,0.0029144,0.00042725,0.0024109,0.0028229
0.0044556,0.0031891,0.002533,0.00076294,0.0029144,0.0037231
0.0034332,0.0028839,0.0018768,-0.0004425,0.0018463,0.0031281
0.0036621,0.002533,-0.00056458,-0.0025635,0.0010986,0.0023956
0.0040741,0.0013123,-0.0015106,-0.0039368,-0.00022888,9.1553e-05
0.00091553,0.00028992,-7.6294e-05,-0.0031433,-0.0026245,-0.0023041
-0.0015411,-0.00082397,0.00099182,-0.0029297,-0.0029449,-0.0016479
-0.0010681,-0.0015869,-0.0015106,-0.0034332,-0.0012207,-0.0016174
-0.00099182,-0.00094604,-0.003067,-0.0018158,-0.00050354,-0.0011597
-0.00018311,-0.0017242,-0.0020447,-0.0014038,-0.00062561,0.0013428
0.0022888,-0.0021362,-0.0036316,-0.0030518,0.00030518,0.0023651
0.0027924,-0.00061035,-0.0031281,-0.0025635,0.00074768,0.0022736
0.001358,-0.00068665,-0.0005188,-0.001297,0.00013733,0.00177
-0.00080872,-0.001709,-0.0018005,-0.00177,-0.0005188,0.00054932
-0.0024414,-0.0018616,-0.0031281,-0.002533,-0.00064087,-0.00041199
-0.0019684,-0.0024414,-0.0027008,-0.0023041,-0.00027466,-0.0018311
-0.0027466,-0.0030365,-0.0025482,-0.0012207,-0.00088501,-0.0033417
-0.0044403,-0.0030975,-0.0015717,-0.00035095,-0.0019073,-0.0031891
-0.0041199,-0.0033722,-0.00076294,0.00033569,-0.0023804,-0.0036163
-0.003067,-0.0028992,-0.00061035,-1.5259e-05,-0.0024109,-0.0036774
-0.0028381,-0.0019379,0.00024414,-0.0007782,-0.00090027,-0.0020752
-0.0030365,-0.0010986,0.00022888,0.00016785,0.0013428,-0.0013123
-0.0015259,-0.00032043,-0.00041199,0.00033569,0.0012817,0
0.0010986,-0.00010681,0.00019836,-0.00076294,-0.00010681,0.00076294
0.0025177,0.0015106,0.0014648,-0.00030518,0.00016785,0.00059509
0.0015411,0.0042114,0.0029907,0.0020142,0.0011292,0.00090027
0.00091553,0.0046997,0.0044861,0.0035248,0.0014191,0.0009613
0.0028381,0.0033569,0.0043335,0.0022736,0.0011597,0.001358
0.0027008,0.0019531,0.0020294,0.00028992,0.0002594,0.002182
0.0012207,0.00065613,0.00059509,-0.0010986,-0.00021362,0.0021973
-4.5776e-05,-0.00019836,-0.00030518,-0.0019073,-0.00079346,-0.00012207
-0.0014801,-0.00085449,-0.00177,-0.002121,-0.0023499,-0.0011597
-0.0012817,-0.0021515,-0.0024261,-0.002594,-0.0021362,-0.0010529
-0.0015106,-0.0016022,-0.0036469,-0.0031281,-0.00088501,-0.0026245
-0.0014954,0.00042725,-0.0023499,-0.0027161,-0.0009613,-0.0020294
-0.00088501,0.0011444,0.00061035,-0.00177,-0.0010223,-0.00057983
-0.00038147,0.0011597,0.00016785,-0.00030518,-0.00057983,-0.00024414
0.0016327,0.0013275,0.00059509,0.0023651,0.0010529,0.00010681
0.0020752,0.0024109,0.0027313,0.0029907,0.0027466,0.00065613
0.00065613,0.0026093,0.0033722,0.0016632,0.0025787,0.0017242
0.0011597,0.0017853,0.0018921,0.0019684,0.0015869,0.0016022
0.0019073,0.00099182,-0.00086975,0.00093079,-0.00035095,0.00091553
-0.00033569,-0.0010071,-0.0005188,-0.00083923,-0.001358,-0.0004425
-0.0034027,-0.0027313,3.0518e-05,-0.00093079,-0.00057983,-0.0023041
-0.0047302,-0.0038147,-0.0024414,-0.0023346,-0.0009613,-0.0023193
-0.0045776,-0.004303,-0.0036469,-0.0033875,-0.0021057,-0.0018158
-0.0026855,-0.0034943,-0.0041656,-0.0028229,-0.0027313,-0.0026703
-0.0018311,-0.0032196,-0.0037842,-0.0026703,-0.0031586,-0.00354
-0.0029297,-0.0036316,-0.0021362,-0.001709,-0.0031128,-0.0030823
-0.0035248,-0.00354,-0.0019379,-0.0016632,-0.0025635,-0.0030975
-0.0031433,-0.0034485,-0.0032654,-0.0033569,-0.002243,-0.0023651
-0.0015106,-0.0033112,-0.0051117,-0.00354,-0.0024414,-0.00061035
-0.00093079,-0.0030518,-0.0053558,-0.0031738,-0.0020599,-0.00073242
-0.0021362,-0.0039368,-0.0035095,-0.0024872,-0.00090027,-0.0012817
-0.0031128,-0.003952,-0.0019836,-0.00024414,-0.00067139,-0.0022583
-0.0036469,-0.0025482,-0.002243,0.00010681,-0.0016174,-0.0043488
-0.0039825,-0.0022125,-0.0031738,-0.0019684,-0.0035706,-0.0053101
-0.0053406,-0.0034485,-0.0043335,-0.0036469,-0.0063477,-0.0058594
-0.0071411,-0.0066071,-0.0050812,-0.0052185,-0.0071259,-0.0067749
-0.0085144,-0.007782,-0.0050507,-0.0057526,-0.0060425,-0.0072937
-0.0087738,-0.0067749,-0.0060883,-0.0048981,-0.0060577,-0.0078125
-0.007309,-0.0073547,-0.0077362,-0.0040436,-0.0055389,-0.0070038
-0.005661,-0.006546,-0.007843,-0.0034027,-0.0043945,-0.0052643
-0.0044098,-0.0052338,-0.0060577,-0.004364,-0.0049591,-0.0048828
-0.0052795,-0.004837,-0.0046387,-0.0050049,-0.0067596,-0.0060272
-0.0066986,-0.004364,-0.0044403,-0.0038147,-0.0079346,-0.0072937
-0.0064087,-0.0053253,-0.0051422,-0.0040131,-0.0070801,-0.006958
-0.0065613,-0.0061798,-0.0058899,-0.004364,-0.0068054,-0.0069275
-0.0063171,-0.0061188,-0.0055542,-0.0035706,-0.0075073,-0.0075989
-0.0063171,-0.0060272,-0.0049133,-0.0044708,-0.0074615,-0.0067596
-0.0072021,-0.0061646,-0.0055084,-0.0053406,-0.0076752,-0.0067444
-0.007431,-0.0069733,-0.0069122,-0.0045013,-0.0077667,-0.0082245
-0.0077972,-0.0067139,-0.006012,-0.003891,-0.0076599,-0.0088196
-0.0084076,-0.0055084,-0.0052032,-0.0033264,-0.008606,-0.0089264
-0.0078583,-0.006134,-0.0053253,-0.0025787,-0.0078735,-0.0078888
-0.004776,-0.0063629,-0.0051727,-0.0031586,-0.0042114,-0.0055847
-0.0023346,-0.0041046,-0.0059509,-0.0033722,-0.0032654,-0.0036774
-0.0029449,-0.0019073,-0.0037994,-0.00062561,-0.0043335,-0.0015411
-0.001709,-0.0013428,-0.00061035,0.00054932,-0.0029907,9.1553e-05
0.0019379,-0.0011902,-0.00099182,-0.00015259,-0.00065613,-0.00016785
0.0014496,0.00047302,-0.00086975,0.0021362,0.0007019,-0.00088501
-0.0021667,0.0017853,0.0018921,0.0042114,0.0010986,-0.00074768
-0.0023651,0.0013733,0.002594,0.0039673,0.0010986,0.00018311
-0.00061035,0.0010071,0.0011139,0.002655,0,0.00036621
-0.00018311,0.00041199,0.0012512,0.0015411,-0.001297,-0.00054932
-0.0007019,-0.0007782,0.00032043,0.0020294,-0.0015869,-0.00067139
-0.00074768,-0.0019226,-0.0016479,0.0012817,-0.0010986,0.00093079
0.00050354,-0.0021973,-0.0018616,-0.00021362,0.0011444,0.0027466
0.00088501,-0.0002594,-0.0009613,0.0011292,0.0037079,0.0017548
-0.0011444,0.0010986,0.0010681,0.0040436,0.0035858,0.00012207
-0.0023956,-0.00010681,0.0019531,0.0050049,0.0022278,0.00022888
-0.00074768,-0.0013885,-6.1035e-05,0.0024719,0.001358,-0.00039673
-0.00064087,-0.0022736,-0.0014648,0.00015259,-0.00024414,-0.0005188
-0.0012512,-0.0020294,-0.001236,-4.5776e-05,-7.6294e-05,0.0012817
0.0010071,-0.0010223,-0.0023193,0.00013733,0.0027008,0.0026093
0.0018463,-0.00032043,-0.0020905,0.0013733,0.0033875,0.0027771
0.0014801,0.00032043,-0.00035095,0.0010529,0.0016479,0.0023499
0.0024719,-0.00045776,-0.0022278,-0.00097656,0.00097656,0.0022888
0.0028076,-0.00062561,-0.0038147,0.00036621,0.0014496,0.0024109
0.0031586,0.0010834,-0.0012054,0.0019379,0.0012665,0.0025787
0.0045166,0.0021057,0.0015717,0.0011139,0.0016022,0.0038605
0.0047455,0.0030212,0.0025787,0.0023651,0.0022888,0.0038605
0.0035553,0.0033722,0.0036774,0.0045013,0.0014496,0.0025635
0.0026245,0.002533,0.0041504,0.0042572,0.0022888,0.0027771
0.0027161,0.0025787,0.0023499,0.0036163,0.0044861,0.0027618
0.004715,0.0032349,0.0026093,0.0038147,0.0046692,0.0041199
0.0073242,0.0050201,0.0049744,0.0050964,0.0057831,0.0071411
0.0080872,0.0079956,0.0061951,0.00737,0.0070343,0.007782
0.0078583,0.0088501,0.0082703,0.0080414,0.0071106,0.0079651
0.0076752,0.0084229,0.0099487,0.0084839,0.0089722,0.0084991
0.007843,0.0086212,0.010223,0.0092926,0.0098267,0.0080261
0.0073395,0.0085449,0.0092773,0.0082245,0.008667,0.0066833
0.0055084,0.007782,0.0071869,0.0063477,0.0073242,0.004715
0.0051575,0.0056763,0.0053253,0.0031433,0.0054016,0.0044861
0.0040283,0.0032196,0.0027618,0.00067139,0.003006,0.0046692
0.0002594,0.0015259,0.00097656,0.00048828,0.0013733,0.0023346
-0.00073242,-0.00071716,-0.00016785,-0.00027466,0.00073242,0.0004425
0.00012207,-0.0022736,-0.0020294,-0.0015106,0.00047302,0.0016327
-0.00039673,-0.0011902,-0.0011902,-0.0017853,0.0014191,0.0021515
-3.0518e-05,3.0518e-05,0.0012207,-0.00016785,0.00053406,0.00038147
0.00099182,0.00016785,0.00061035,-0.00022888,-0.0011597,-0.00074768
0.0014648,0.00074768,-0.0024414,-0.0030212,-0.00088501,-0.0011902
0.0010834,0.0014648,-0.0036011,-0.0038147,-0.0018463,-0.0015564
-0.00033569,0.0011139,-0.0013123,-0.0032501,-0.0022583,-0.0016937
-0.0007782,-0.00032043,-0.00047302,-0.0024261,-0.00099182,-0.0011139
-0.00061035,-0.0018463,-0.0010681,-0.00085449,-0.00083923,-0.00036621
-0.0015564,-0.0025024,0.00068665,0.00065613,-0.0015869,-0.00094604
-0.0014954,-0.00074768,0.0014191,0.0010223,-0.00057983,-0.0011749
-3.0518e-05,0.0015869,0.00074768,0.00047302,0.0010376,-0.00022888
0.0011444,0.0021362,0.001709,0.00042725,0.00062561,0.0011292
0.0016327,0.0025024,0.0016174,-0.00041199,0.0020142,0.0023041
0.0016022,0.0016327,0.00050354,-0.00032043,0.0039825,0.0027313
0.0024414,0.00033569,0.0013123,0.0015106,0.0033417,0.0034637
0.0028381,0.00074768,0.0018005,0.0015259,0.0026855,0.0029755
0.0014954,0.0011597,0.00067139,0.00042725,0.0011292,0.0012512
0.00086975,0.00091553,-0.00074768,-0.0010834,-0.00050354,0.00093079
0.00047302,-0.00068665,-0.0021515,-0.0028992,-0.00083923,0.00042725
-0.0012054,-0.0034485,-0.0034332,-0.0041046,-0.0015411,-0.0010834
-0.0031433,-0.0054779,-0.0046234,-0.0052795,-0.0028839,-0.0024719
-0.0044861,-0.0057068,-0.0055237,-0.0065918,-0.0049438,-0.0045471
-0.0054474,-0.0050659,-0.0065155,-0.0071259,-0.0072174,-0.0067444
-0.0065308,-0.0050201,-0.0057678,-0.0055542,-0.0089722,-0.0077515
-0.0072632,-0.0058594,-0.0036926,-0.0044556,-0.0093384,-0.009201
-0.0078125,-0.0071259,-0.0045013,-0.0052032,-0.0091248,-0.010147
-0.0093384,-0.0071259,-0.0058594,-0.0048065,-0.0085297,-0.0092773
-0.010056,-0.006134,-0.0055847,-0.0044098,-0.0067902,-0.0093536
-0.0084229,-0.0058746,-0.0053864,-0.005661,-0.0063934,-0.0086823
-0.0066223,-0.0061798,-0.0055389,-0.0053406,-0.0071259,-0.0065155
-0.0053558,-0.0054626,-0.0047607,-0.0033722,-0.0062256,-0.0054016
-0.0042725,-0.0038147,-0.0033875,-0.0026093,-0.004425,-0.0039368
-0.0032959,-0.0031738,-0.0039063,-0.0028229,-0.0029907,-0.0029297
-0.0024872,-0.0027924,-0.0041504,-0.0027466,-0.0029602,-0.002182
-0.0022125,-0.0018005,-0.003067,-0.002533,-0.0041046,-0.0017242
-0.0017242,-0.0019073,-0.0028687,-0.0018616,-0.0045776,-0.0040283
-0.002655,-0.0027008,-0.002655,-0.00010681,-0.0046844,-0.0052032
-0.0043182,-0.003067,-0.0020905,-0.00022888,-0.0042877,-0.0041504
-0.0039063,-0.0023804,-0.003067,-0.0026398,-0.0031128,-0.0039063
-0.0039978,-0.0011749,-0.0042725,-0.0032501,-0.00383,-0.0042267
-0.0045776,-0.0027313,-0.003418,-0.0027313,-0.006546,-0.0043335
-0.0041809,-0.0054169,-0.0039825,-0.0033875,-0.0076141,-0.0046539
-0.0047302,-0.0060272,-0.0059357,-0.0046234,-0.006485,-0.0052643
-0.0050507,-0.0056305,-0.0066376,-0.0057983,-0.0052643,-0.0043335
-0.0044861,-0.0048523,-0.0076447,-0.0049896,-0.0046692,-0.0036774
-0.0042725,-0.0053253,-0.0072479,-0.0025177,-0.004837,-0.0038147
-0.0046692,-0.006958,-0.0057526,-0.0018005,-0.0046082,-0.0028992
-0.0051727,-0.0071411,-0.0055084,-0.0024872,-0.0030823,-0.0030975
-0.0046692,-0.004837,-0.0044556,-0.0015411,-0.0030823,-0.0031891
-0.0039978,-0.003006,-0.0031891,-0.00097656,-0.0040741,-0.0034485
-0.0043793,-0.0042877,-0.0041809,-0.0028687,-0.0043182,-0.0048828
-0.0052795,-0.0054626,-0.0060425,-0.0030518,-0.0053253,-0.0046844
-0.0045929,-0.0059662,-0.0064697,-0.0021362,-0.0047913,-0.0039063
-0.0019379,-0.0059204,-0.0064392,-0.0020905,-0.0021515,-0.0017548
-0.00050354,-0.0029449,-0.0052185,-0.00036621,-0.00045776,0.00047302
-0.0013428,-0.00061035,-0.0021515,0.0017548,0.00015259,-0.00041199
-0.0015259,-0.0015564,-0.00054932,0.0015869,0.00074768,-0.00091553
-0.0010986,-0.0019226,-0.00010681,0.0011444,0.0002594,-0.00080872
-0.0023499,-0.0011292,0.00018311,0.0021973,-0.0010071,-0.0018158
-0.0035248,-0.0018921,-0.00022888,0.0020599,-0.00071716,-0.0022736
-0.0033569,-0.0034027,-0.0019836,0.00042725,-0.00091553,-0.0025177
-0.0027466,-0.0037994,-0.0044403,-0.00082397,-0.0023193,-0.0025635
-0.0033264,-0.0036621,-0.0039978,-0.0025177,-0.0027161,-0.0019684
-0.0043335,-0.0040436,-0.0029602,-0.0033569,-0.0042419,-0.0029602
-0.004364,-0.0043945,-0.0045013,-0.0024414,-0.0056,-0.0043488
-0.0045319,-0.0053406,-0.0058136,-0.0022125,-0.0042877,-0.0042267
-0.0037842,-0.0061646,-0.0051117,-0.0019531,-0.0029755,-0.0027313
-0.0022278,-0.0042114,-0.0041046,-0.00064087,-0.00088501,-0.00013733
4.5776e-05,-0.0014801,-0.0033264,0.0010529,0.0017853,0.0007782
0.0014496,-9.1553e-05,-0.00067139,0.0036621,0.0024109,0.0010529
0.0009613,0.00056458,0.0029602,0.0055695,0.0025482,0.0028381
0.0014343,0.00097656,0.0045319,0.0055542,0.00354,0.0034485
0.0019531,0.002243,0.0041504,0.0052795,0.0042114,0.0029297
0.0036163,0.0037842,0.0047607,0.0055389,0.004364,0.0036316
0.0057526,0.0057526,0.0046234,0.0055237,0.0047913,0.0038452
0.005722,0.0072479,0.0035553,0.0054474,0.0047302,0.0033112
0.0051422,0.0055847,0.0052948,0.0052338,0.004364,0.0042267
0.0039215,0.0036469,0.005249,0.004715,0.0040741,0.0046539
0.0031281,0.0035706,0.0039063,0.0052795,0.0032196,0.0032196
0.0031891,0.0037994,0.0055084,0.0054932,0.0037384,0.0029907
0.003891,0.0046234,0.0053558,0.0046387,0.0061798,0.004776
0.0057678,0.0054169,0.0039063,0.0050812,0.0077209,0.0050812
0.0065918,0.0059357,0.0061188,0.0067444,0.0071411,0.0054779
0.0067596,0.0060577,0.0079956,0.0070496,0.0070343,0.0077667
0.0075073,0.006073,0.0064392,0.0063019,0.0089417,0.0081024
0.0077362,0.0079803,0.0075989,0.0074615,0.0095673,0.0076904
0.0085754,0.0085297,0.0094452,0.0075531,0.0088196,0.008728
0.0099945,0.0077667,0.0076904,0.0062408,0.0093231,0.01004
0.010513,0.0083771,0.0082245,0.0075226,0.010117,0.011032
0.0098419,0.0082245,0.01004,0.0088654,0.010574,0.010193
0.0083466,0.0085907,0.010162,0.0092163,0.01062,0.0083008
0.0088959,0.008667,0.010269,0.0087585,0.010544,0.0079498
0.0096741,0.0083923,0.009552,0.006958,0.010437,0.0092163
0.0090637,0.0093384,0.01001,0.0075073,0.010147,0.010208
0.0093689,0.0096436,0.011963,0.009079,0.0096893,0.0091248
0.0090179,0.010651,0.013321,0.0091705,0.0088501,0.0074463
0.0089874,0.011551,0.013809,0.0084839,0.0091095,0.0075684
0.0094147,0.011749,0.013809,0.0075378,0.010208,0.0080261
0.0093079,0.013077,0.01503,0.0089111,0.01062,0.0079193
0.01123,0.013779,0.016296,0.011032,0.010971,0.0086365
0.01207,0.01416,0.016953,0.011139,0.012253,0.0098877
0.010757,0.015228,0.017975,0.010925,0.013794,0.010696
0.011383,0.014664,0.018051,0.011551,0.014206,0.010406
0.012619,0.014297,0.016846,0.010635,0.013626,0.0096741
0.012848,0.014755,0.015396,0.0084839,0.012466,0.010941
0.013031,0.012909,0.013672,0.0071564,0.011002,0.012222
0.011902,0.012497,0.01178,0.004837,0.0098877,0.010834
0.0095062,0.012177,0.011597,0.0030212,0.0088043,0.008194
0.0082397,0.008194,0.010605,0.0024567,0.0070038,0.0057526
0.0075226,0.0072327,0.0076599,0.0011139,0.005722,0.0058289
0.0068054,0.0077209,0.0061951,-0.00039673,0.006897,0.0075684
0.0072937,0.0056,0.0039063,-0.0011444,0.0085297,0.0084991
0.0083466,0.0052643,0.0016632,-0.00059509,0.0082092,0.0094147
0.0088959,0.0044861,0.0028992,-0.00083923,0.0081024,0.0089111
0.0077057,0.0031891,0.0036774,-0.00015259,0.0082245,0.0075378
0.0059357,0.0044861,0.0034943,0.0023956,0.0076141,0.0076294
0.0053558,0.0041504,0.0048065,0.0017242,0.0080261,0.0070648
0.0044098,0.0023346,0.0044098,-0.00059509,0.0070038,0.0058136
0.0028076,0.0015106,0.0016174,-0.0021667,0.0036011,0.0046082
0.0021362,0.00038147,0.00022888,-0.0043945,0.0012054,0.0024719
0.0020294,-0.00027466,-0.001358,-0.0066681,-0.00088501,4.5776e-05
0.00030518,-0.00080872,-0.0038605,-0.0075378,-0.0034027,-0.0020905
-0.0024414,-0.0029449,-0.0040894,-0.0077209,-0.0039215,-0.0035706
-0.0041046,-0.0055847,-0.0052338,-0.0094147,-0.0046997,-0.0043182
-0.0053711,-0.00737,-0.006897,-0.010406,-0.0068817,-0.0051117
-0.0067749,-0.0073547,-0.0064545,-0.0095673,-0.0066528,-0.0061035
-0.0079193,-0.0058594,-0.007431,-0.0088806,-0.0054932,-0.0070343
-0.0074615,-0.0055847,-0.0077362,-0.0090179,-0.0050201,-0.0076447
-0.0054626,-0.0059357,-0.0060883,-0.010117,-0.0054779,-0.0069275
-0.0060425,-0.0059204,-0.0055084,-0.009613,-0.0075226,-0.0057983
-0.0079498,-0.0072174,-0.005722,-0.0079651,-0.0090637,-0.0068359
-0.0076447,-0.0080109,-0.0065002,-0.0082245,-0.0088806,-0.008255
-0.008194,-0.00737,-0.0069122,-0.008255,-0.0077667,-0.0090942
-0.009491,-0.0072479,-0.0059204,-0.0070953,-0.0079041,-0.011078
-0.0095825,-0.0077057,-0.0067902,-0.0070953,-0.0087738,-0.011185
-0.0095367,-0.0088043,-0.0099945,-0.0085144,-0.0089417,-0.0087585
-0.0087128,-0.0089111,-0.010193,-0.010742,-0.0099487,-0.0071716
-0.0076752,-0.008255,-0.0089569,-0.011276,-0.01088,-0.0067749
-0.006546,-0.0087585,-0.0091705,-0.0090637,-0.0099487,-0.0071716
-0.0058899,-0.0076599,-0.0088043,-0.0075684,-0.0084991,-0.0083466
-0.0074005,-0.0057831,-0.0091705,-0.0076141,-0.0082855,-0.0092316
-0.0090942,-0.0063171,-0.0091705,-0.0081635,-0.0087433,-0.0087891
-0.0095673,-0.0081635,-0.0088043,-0.0084839,-0.0089874,-0.0088196
-0.0099182,-0.010071,-0.010071,-0.0076599,-0.0097656,-0.010361
-0.01004,-0.010529,-0.010971,-0.0074768,-0.010239,-0.010605
-0.010147,-0.009964,-0.011276,-0.0088501,-0.010162,-0.010284
-0.010483,-0.0097656,-0.011444,-0.0097198,-0.012161,-0.011108
-0.0093231,-0.0093384,-0.011017,-0.0097351,-0.013428,-0.0095062
-0.0084076,-0.0096283,-0.0095062,-0.0095825,-0.011292,-0.0071716
-0.0086365,-0.009964,-0.0093842,-0.0076904,-0.0094452,-0.0077209
-0.007843,-0.0087433,-0.010178,-0.0056305,-0.0087738,-0.0079346
-0.0076599,-0.0070496,-0.009201,-0.006424,-0.0088654,-0.0072632
-0.0071716,-0.0063629,-0.0087433,-0.0070648,-0.0090027,-0.0065155
-0.005127,-0.006073,-0.0078278,-0.0049438,-0.0068817,-0.0062714
-0.0056763,-0.0048676,-0.0057831,-0.0018768,-0.0054016,-0.0069885
-0.0081329,-0.0055542,-0.0040894,-0.00057983,-0.0069885,-0.0074005
-0.0083923,-0.0071869,-0.0037689,-0.0013123,-0.0083008,-0.0083771
-0.0083923,-0.0061493,-0.0058136,-0.0019989,-0.0083771,-0.010193
-0.0092773,-0.0058136,-0.0072021,-0.0029297,-0.0087128,-0.011505
-0.010056,-0.0071564,-0.0069733,-0.003891,-0.0092773,-0.010849
-0.010132,-0.0088196,-0.0072174,-0.0046997,-0.0095062,-0.0087891
-0.008606,-0.009552,-0.0081787,-0.0054932,-0.0091858,-0.007309
-0.0070801,-0.0083466,-0.0091095,-0.0044861,-0.0081635,-0.0063171
-0.0055542,-0.0077515,-0.0092926,-0.0042267,-0.0071716,-0.0056
-0.0040283,-0.0069427,-0.0095367,-0.0049744,-0.0072174,-0.0049896
-0.003891,-0.0053253,-0.0082703,-0.0033875,-0.0065308,-0.0043793
-0.0045929,-0.0048676,-0.0056915,-0.0025024,-0.0052185,-0.0039825
-0.0049133,-0.0058899,-0.0063171,-0.0028534,-0.0055084,-0.0029449
-0.00383,-0.006958,-0.0075836,-0.0025482,-0.0052643,-0.0024567
-0.0028381,-0.0054321,-0.006485,-0.0021362,-0.0037689,-0.0028076
-0.0034027,-0.0027466,-0.0046844,0.00022888,-0.0029907,-0.0026703
-0.0030365,-0.0021057,-0.0029755,0.0024261,-0.001358,-0.0021667
-0.0015717,-0.002243,-0.0027313,0.0021667,0.00076294,-0.00067139
-0.0015717,-0.0023956,-0.0021973,0.0025482,-9.1553e-05,0.00071716
-0.0022583,-0.0032654,-0.00086975,0.0033417,-0.0021362,-0.00033569
-0.0027466,-0.0031891,-0.00097656,0.0025635,-0.0017853,-0.0015411
-0.0032196,-0.002182,-0.00086975,0.0016479,-0.00079346,-0.0014343
-0.0029297,-0.0014343,-0.00074768,0.0019836,-0.0011139,-0.0017853
-0.0011444,-0.00090027,-0.0014496,0.002243,-0.001297,-0.0010986
0.00068665,-0.00085449,-0.0013885,0.0023346,-0.00036621,0.00059509
0.00083923,-0.0011444,-0.00086975,0.0035248,0.0013428,0.0018311
0.00097656,-0.00045776,0.00010681,0.0054321,0.0028992,0.002533
0.0020447,0.0016785,0.0018463,0.0067749,0.0036316,0.003067
0.0029755,0.0037537,0.0039063,0.0069275,0.0041656,0.0042114
0.0037537,0.0039978,0.0052795,0.0068207,0.0040741,0.0036926
0.0041046,0.0036316,0.0058136,0.0067596,0.0029755,0.0033722
0.0038147,0.0053864,0.0063934,0.0063934,0.0031128,0.0045471
0.0037231,0.0070038,0.0066833,0.0063629,0.004425,0.0037537
0.0041656,0.0058289,0.0065613,0.0073242,0.0048676,0.0041199
0.0051422,0.0055389,0.0075073,0.0089874,0.0050354,0.0056305
0.0066528,0.0065613,0.0088043,0.0092316,0.0061188,0.0063171
0.0079498,0.0068207,0.0085754,0.0084076,0.007431,0.0079803
0.0081635,0.0080566,0.0090637,0.0092468,0.0086365,0.0085754
0.0079041,0.0086212,0.0090332,0.0095062,0.010132,0.0084381
0.0072479,0.0072479,0.0079193,0.0085297,0.010315,0.0086823
0.0059204,0.0057983,0.0076904,0.0082703,0.0089569,0.0087891
0.0054474,0.003891,0.0052032,0.0057983,0.0070953,0.0075226
0.0044556,0.0028839,0.0023804,0.0022583,0.00354,0.0039978
0.0021515,0.0020142,0.0012207,9.1553e-05,-0.00074768,0.0018158
0.0010529,0.00010681,-0.00030518,-0.0019836,-0.0023499,1.5259e-05
0.00021362,-7.6294e-05,-0.0014496,-0.0023956,-0.0024109,-0.0021667
-0.0011749,-0.0012054,-0.0019836,-0.0026245,-0.0035706,-0.0021973
-0.0025177,-0.0029602,-0.0033569,-0.0042114,-0.003418,-0.0021362
-0.0029449,-0.0025024,-0.0037537,-0.0035248,-0.0028381,-0.0023041
-0.0028687,-0.0020447,-0.0018616,-0.0022125,-0.0037994,-0.0023804
-0.00354,-0.001358,-0.0021973,-0.0036011,-0.0032501,-0.0028381
-0.0023651,-0.0017548,-0.0033417,-0.0040894,-0.0018768,-0.0018616
-0.0002594,-0.0016479,-0.0024261,-0.0015259,-0.0019226,-0.0010071
-0.00079346,0.00065613,-0.0011444,0.00038147,-0.0010834,-0.0025024
-0.0023804,0.00010681,0.00038147,0.00068665,0,-0.0028992
-0.0024567,-0.0013428,0.00050354,0.0012665,-0.00027466,-0.0016327
-0.0022583,-0.0010071,0.00013733,0.0020447,-0.00035095,-0.0018311
-0.0029449,-0.0015259,0.0011749,0.0021362,-0.00019836,-0.0018921
-0.0034027,-0.0022736,0.00099182,0.0013428,0.00036621,-0.0021057
-0.0041656,-0.0019531,0.00036621,0.00099182,-0.00039673,-0.0039063
-0.0045471,-0.0014801,0.0010986,0.00093079,-0.0020905,-0.0043182
-0.0030212,-0.0011139,0.00038147,0.00016785,-0.0013123,-0.0028839
-0.00093079,-9.1553e-05,-0.00088501,-0.00045776,0.00019836,-0.0020752
-0.001297,-0.00030518,-0.00047302,9.1553e-05,-0.00090027,-0.0027313
-0.0040894,-0.0024414,-0.0011902,-0.00019836,-0.0028839,-0.0035858
-0.004715,-0.004776,-0.0033264,-0.0028687,-0.0023499,-0.0031128
-0.0030518,-0.0052948,-0.0041046,-0.0040588,-0.0023956,-0.001297
-0.0019684,-0.0030975,-0.003891,-0.0036926,-0.0036774,0.00016785
-0.00041199,-0.0011749,-0.0040283,-0.0033112,-0.0024567,-3.0518e-05
0.00083923,-0.00088501,-0.0036621,-0.0020142,-0.0010986,-0.00032043
0.00041199,-0.0007019,-0.0025635,-0.0011292,-0.0011139,4.5776e-05
-0.00047302,-0.00090027,-0.0014954,0.00045776,-0.00065613,-0.00057983
-0.0013733,-0.0011444,-0.00064087,0.0015717,-0.00079346,-0.0010223
-0.0020294,-0.00061035,-0.00019836,0.00041199,-0.0018768,-0.0013733
-0.0030823,-0.0012817,0.00010681,-0.00030518,-0.0025482,-0.0029144
-0.0047302,-0.0030365,-0.00027466,-0.0010071,-0.0038452,-0.0036163
-0.0038452,-0.0039978,-0.0021515,-0.0026855,-0.0036316,-0.0024261
-0.0015106,-0.0029602,-0.0041809,-0.0032654,-0.0011139,-0.0005188
-0.00027466,-0.00018311,-0.003479,-0.0018921,-0.00024414,0.0011902
0.0016479,0.00045776,-0.00059509,-0.00035095,0.00012207,0.0021057
0.0019836,-0.00015259,0.00076294,0.0010376,0.00050354,0.0014038
-0.00024414,0.00099182,0.0011902,0.0022583,0.00079346,-3.0518e-05
-0.0016327,0.0012054,0.00061035,0.0014648,0.00083923,-0.0013885
-0.0015564,-0.00097656,-0.00088501,0.00057983,-0.0015411,-0.0011139
-0.0011444,-0.0020294,-0.0011749,-0.00050354,-0.0019226,0.00053406
-0.0014801,-0.0010223,-0.0026245,-0.0017548,-0.00099182,0.00022888
-0.00048828,-0.0019989,-0.0028687,-0.0010071,-0.0016785,0.00061035
0.0014191,-0.0027924,-0.0014801,-0.00048828,7.6294e-05,0.00177
0.0012665,-0.00086975,-0.0022736,0.00042725,0.00099182,0.0012512
0.0012054,-0.00035095,-0.0015411,0.0014191,0.00056458,0.0010834
0.00045776,-0.00059509,-0.00097656,0.0007782,0.0022583,0.0014954
-0.0010529,-0.00016785,-0.0021362,0.00033569,0.0018463,0.0018158
-0.0005188,-0.0013123,-0.0023499,-0.00056458,-0.00041199,0.0010223
-0.0007019,-0.0027313,-0.0036011,-0.0023651,-0.0024567,-0.00030518
-0.0019073,-0.0035706,-0.0050354,-0.00383,-0.0038757,-0.0020599
-0.0021667,-0.0042419,-0.0058289,-0.0049438,-0.0039063,-0.0033569
-0.0024261,-0.0040894,-0.0051727,-0.0047302,-0.004303,-0.0022278
-0.0030365,-0.0036926,-0.0039063,-0.0023956,-0.0037994,-0.0019073
-0.0036163,-0.0031281,-0.0038452,0.00024414,-0.0023804,-0.0027161
-0.0030365,-0.0029602,-0.0029602,0.00080872,-0.0014191,-0.0018463
-0.001709,-0.0030212,-0.002655,-0.00065613,-0.0012054,-0.00093079
-0.001358,-0.0022278,-0.0036774,-0.0024414,-0.0028687,-0.0014191
-0.001709,-0.0027466,-0.0049591,-0.0042267,-0.0041656,-0.0019684
-0.0030518,-0.0039825,-0.0061493,-0.0054016,-0.0058441,-0.0033875
-0.0053101,-0.0045166,-0.0062408,-0.0059204,-0.0079193,-0.0061951
-0.0065308,-0.0060425,-0.0068512,-0.0063019,-0.0076752,-0.0071869
-0.0072632,-0.0070038,-0.0083618,-0.0053101,-0.0080719,-0.007431
-0.0078735,-0.0073395,-0.0075989,-0.0043793,-0.0097198,-0.0094147
-0.0084534,-0.0079651,-0.0070496,-0.0054169,-0.010025,-0.010223
-0.0088654,-0.0075378,-0.0084839,-0.0063934,-0.00914,-0.0090027
-0.0071716,-0.0067444,-0.0079498,-0.0064392,-0.0092468,-0.0084991
-0.005722,-0.0057373,-0.0075073,-0.006134,-0.0099335,-0.0079651
-0.0057373,-0.0047302,-0.0070953,-0.0051117,-0.0093231,-0.0073547
-0.0057678,-0.0046082,-0.0049744,-0.002655,-0.0083923,-0.0077515
-0.0060577,-0.0053253,-0.0046997,-0.00090027,-0.0065002,-0.0065002
-0.0059204,-0.0054169,-0.0052643,-0.0011444,-0.0031738,-0.0044403
-0.0044556,-0.0045471,-0.0045929,-0.00042725,-0.0014038,-0.0035248
-0.0029907,-0.0036163,-0.0037537,0.00057983,-0.0023651,-0.0029449
-0.0028992,-0.0012665,-0.0017853,0.00090027,-0.0031128,-0.0029144
-0.0036774,0.00019836,0.00091553,0.0011749,-0.0031128,-0.0039673
-0.0053253,-0.0012512,0.0005188,0.0002594,-0.0048218,-0.005661
-0.0058136,-0.0025787,-0.00050354,0.00085449,-0.0053253,-0.0052032
-0.0036621,-0.0022125,-4.5776e-05,0.0027161,-0.0024109,-0.0035706
-0.0022125,-0.00068665,-0.00039673,0.0032349,0.00028992,-0.0022278
-0.0010681,-0.00015259,0.00041199,0.0036774,0.0011292,0.00056458
0.00090027,0.00019836,0.0016937,0.004364,0.0020447,0.0027161
0.0019531,0.0022278,0.0039215,0.0056458,0.0037537,0.0032959
0.0026398,0.0043488,0.0075378,0.0076294,0.004303,0.0032959
0.004425,0.0070801,0.0081024,0.0086823,0.0042267,0.004303
0.0076599,0.0083771,0.0075073,0.0081787,0.0058594,0.0068512
0.0094604,0.0080719,0.0077057,0.0079956,0.0078583,0.0082703
0.0092468,0.0094452,0.0088501,0.0086823,0.0087128,0.0085907
0.0089722,0.009903,0.010254,0.0084686,0.0089722,0.0085144
0.0079193,0.0089264,0.0093689,0.0083008,0.0081024,0.0084686
0.0071564,0.0075226,0.008316,0.0075073,0.0071564,0.0082245
0.0066071,0.0060425,0.0064697,0.0066223,0.0067596,0.0058289
0.004776,0.0057068,0.004715,0.0061951,0.0053864,0.0036774
0.0033569,0.0046387,0.0045471,0.0034332,0.0032806,0.0034943
0.0030975,0.0031891,0.0032654,0.00099182,0.0018158,0.0034943
0.0033112,0.0028076,0.0023041,0.0007019,0.0027008,0.003891
0.0037842,0.0018158,0.0013428,0.0017548,0.0046844,0.0050354
0.0046997,0.0013428,0.00073242,0.0032959,0.0061951,0.0061951
0.0052338,0.0028381,0.0022278,0.0039368,0.0071411,0.0063934
0.0062866,0.003952,0.0040283,0.0047607,0.0062714,0.006897
0.0085449,0.0052795,0.0051727,0.0057068,0.0061798,0.0084839
0.0085297,0.0071411,0.0062103,0.0062866,0.0075684,0.008255
0.0070648,0.0073547,0.0076752,0.0064392,0.0081482,0.0066223
0.0069122,0.0072479,0.0080719,0.0061646,0.0082397,0.0064087
0.0068054,0.0070496,0.0074921,0.0067749,0.0079193,0.0065155
0.0053864,0.0062714,0.0079346,0.0073547,0.0073547,0.0050049
0.0039673,0.0058441,0.0085144,0.0055542,0.0056305,0.0038757
0.0034332,0.0049744,0.0067444,0.0031433,0.0042419,0.00354
0.0026703,0.0039063,0.0046539,0.0027924,0.0033264,0.0018463
0.002533,0.0030518,0.0042725,0.0010834,0.00082397,0.0012054
0.0034027,0.0022125,0.0028839,-0.0013733,0.00018311,0.0025482
0.0035248,0.0020905,0.0011597,-0.00079346,0.0010834,0.0026703
0.0020599,0.0024719,0.00064087,0.00012207,0.0018158,0.00076294
0.001236,0.0010986,0.0020447,0.00094604,0.0022125,0.00068665
0.001297,-0.00041199,0.0020905,0.0007019,0.0019379,0.0028839
0.00021362,0.00039673,-0.00042725,-0.00057983,0.0027924,0.0023041
-0.00015259,0.00019836,0.00016785,-9.1553e-05,0.0026398,0.0012054
0.00061035,-0.0010376,0.00018311,-0.0010681,0.0014038,0.0015564
0.0007019,-0.00033569,-0.0017548,-0.0023193,0.00091553,0.0005188
0.00027466,0.00074768,-0.00042725,-0.0016022,0.001297,0.00054932
0.00074768,0.00048828,0.0012207,-0.00085449,0.0028687,0.0024414
0.0029755,0.00088501,0.0011444,0.0009613,0.0042267,0.0041351
0.0036926,0.0018768,0.002243,0.0027313,0.0048065,0.0049438
0.0020599,0.0023041,0.0039063,0.0029449,0.0034637,0.0036316
0.0020905,0.0028229,0.0030365,0.00083923,0.0010071,0.002121
0.0035248,0.0022736,0.00032043,-0.0024414,0.00042725,0.0016479
0.0024261,0.00082397,-0.0019073,-0.0026093,-0.00076294,-0.00057983
-0.0013275,-0.001236,-0.0027618,-0.0023346,-0.0029297,-0.0023499
-0.0037994,-0.0035095,-0.0030212,-0.0038757,-0.0021362,-0.0024872
-0.005249,-0.0040131,-0.0037537,-0.0044556,-0.0014648,-0.004303
-0.0068665,-0.0043793,-0.0038147,-0.0047913,-0.0043488,-0.0059662
-0.0065765,-0.0055237,-0.0042267,-0.0059967,-0.007431,-0.0057526
-0.005188,-0.0065765,-0.0067749,-0.0081329,-0.0084534,-0.004715
-0.004364,-0.0073853,-0.0083771,-0.0092316,-0.0075226,-0.0036621
-0.0048218,-0.0074921,-0.0079498,-0.0072937,-0.0046082,-0.0035858
-0.0063934,-0.0068359,-0.0081329,-0.0058289,-0.0029755,-0.0046844
-0.0070648,-0.0061035,-0.0080566,-0.0060577,-0.0039215,-0.0051422
-0.0050049,-0.0063782,-0.0069122,-0.0058441,-0.0050964,-0.0033875
-0.0027313,-0.0061188,-0.0057831,-0.0054016,-0.0062866,-0.0028381
-0.0033264,-0.0044861,-0.0046387,-0.0041656,-0.0049896,-0.0037994
-0.0041351,-0.0039063,-0.0038147,-0.0028839,-0.0028839,-0.0036316
-0.0042572,-0.0039825,-0.0034485,-0.002594,-0.0035858,-0.0037689
-0.0039368,-0.0032806,-0.0042877,-0.0024719,-0.0041809,-0.005188
-0.0036316,-0.0035706,-0.0041351,-0.0024719,-0.0046234,-0.0060883
-0.0050812,-0.0034027,-0.0013885,-0.0014038,-0.0054169,-0.0054626
-0.0054321,-0.0012817,-0.00030518,-0.00083923,-0.0050354,-0.0055542
-0.004303,-0.0011444,-0.00073242,-0.0014954,-0.0038452,-0.0058289
-0.0033112,-0.0019836,-0.00035095,-0.0011597,-0.0026855,-0.0029449
-0.001236,-0.0019989,-0.0011139,-0.0011902,-0.0014954,9.1553e-05
-0.00045776,-0.0020599,-0.0024109,-0.00086975,-0.0012054,-0.00028992
-0.001709,-0.0015106,-0.0014191,0.0005188,-0.0022736,-0.0012207
-0.0020599,-0.0016785,0.00056458,0.00085449,-0.0030518,-0.0018311
-0.0024261,-0.00090027,0.00065613,-0.00010681,-0.0034637,-0.0033264
-0.0026245,0.00085449,-0.00041199,-0.0015106,-0.0028076,-0.0038452
-0.00065613,0.00067139,-0.0017548,-0.0030212,-0.0026398,-0.0023804
0.001358,-0.0002594,-0.0034637,-0.0039825,-0.0032043,0.0010529
0.0014038,-0.002243,-0.005661,-0.0034485,-0.0019073,0.0027313
-0.00032043,-0.0041199,-0.007019,-0.0031891,-0.001297,0.0002594
-0.0022736,-0.0037842,-0.0063019,-0.0034943,-0.0028381,-0.0017853
-0.0028229,-0.0040131,-0.0062714,-0.0043793,-0.0050964,-0.0029602
-0.0041351,-0.0053864,-0.0077362,-0.0067444,-0.0069733,-0.0049438
-0.0063171,-0.0067291,-0.0089569,-0.0072479,-0.0088196,-0.0058289
-0.0076904,-0.008667,-0.0097198,-0.0070648,-0.0096893,-0.0063019
-0.0088043,-0.0092621,-0.0098267,-0.0073853,-0.0087738,-0.0085297
-0.0088501,-0.0076752,-0.0080566,-0.0051575,-0.0085907,-0.010239
-0.0079803,-0.0066528,-0.0057678,-0.0036774,-0.0076904,-0.0084686
-0.0067596,-0.0063324,-0.0066071,-0.0042725,-0.0061188,-0.0054474
-0.005127,-0.0062256,-0.00737,-0.0041199,-0.0053101,-0.002594
-0.0030823,-0.0062256,-0.0054321,-0.0027161,-0.0021973,-3.0518e-05
-0.00093079,-0.0039215,-0.0040741,-0.00021362,0.00073242,0.00035095
0.00048828,-0.00019836,-0.00177,0.0023193,0.00088501,0.00073242
0.0025177,0.0019531,0.0019073,0.00383,0.0011902,0.0022278
0.0042725,0.0036316,0.0039673,0.0051727,0.0021973,0.0031891
0.0048676,0.0049896,0.0054474,0.0063782,0.0044403,0.0051422
0.006073,0.0054169,0.0062866,0.0069733,0.008194,0.0079498
0.0080719,0.0069733,0.0057983,0.0083313,0.010071,0.0095215
0.0089417,0.0076599,0.0065308,0.0092468,0.0094604,0.0094757
0.00737,0.0066681,0.0072327,0.0086365,0.0081482,0.0084076
0.0057068,0.0068359,0.0071259,0.0079193,0.0075989,0.0065002
0.0045929,0.0067291,0.008194,0.0073547,0.0077362,0.0049744
0.0039215,0.0051117,0.0077362,0.007019,0.0063171,0.0053711
0.0044403,0.0037079,0.0062866,0.0061646,0.0057526,0.0052032
0.0044556,0.0043945,0.0055695,0.0056915,0.0058136,0.0036163
0.0036621,0.0052185,0.0048065,0.0047607,0.0041351,0.0028839
0.0021057,0.0040588,0.0040436,0.0024414,0.0040436,0.0023041
0.00073242,0.0022888,0.0024261,0.0019073,0.0030212,0.0017853
0.00019836,-0.00041199,0.001358,0.0012817,-0.00028992,0.00056458
-0.001709,-0.0016785,0.0009613,0.00027466,-0.0015717,-0.0024261
-0.0027008,-0.00019836,0.0017395,0.00082397,-0.0019226,-0.0034485
-0.0010986,0.0010376,0.0037079,0.00090027,-0.0020599,-0.0020294
0.00010681,0.0031128,0.0045166,0.0020447,-0.00093079,-0.0015717
0.0018616,0.0053711,0.0058899,0.0036926,0.00053406,-0.0010529
0.0039825,0.0062256,0.0076904,0.0039063,0.0023499,0.0014648
0.0047607,0.0067291,0.0079193,0.0052185,0.0049286,0.0044556
0.0054474,0.0068665,0.0083618,0.0068207,0.0081787,0.0070038
0.0059509,0.0075836,0.0097961,0.0077667,0.010513,0.0082855
0.0058136,0.0081787,0.01091,0.0092926,0.010132,0.007782
0.0063324,0.0081024,0.011276,0.0098267,0.009079,0.0077515
0.0077972,0.0086365,0.010391,0.0084534,0.0091248,0.0080109
0.0089417,0.0088348,0.0099182,0.0072632,0.0095673,0.0087585
0.01062,0.0086365,0.0096588,0.0067291,0.010422,0.011108
0.011673,0.0092316,0.0082703,0.0057373,0.010864,0.0121
0.0098724,0.0096436,0.0082397,0.0054016,0.0098724,0.0099945
0.008194,0.0085754,0.0079041,0.0055389,0.0073853,0.0068207
0.0062866,0.0056915,0.0067596,0.0029755,0.0042725,0.0050354
0.0034637,0.0028381,0.0047607,-0.0005188,0.0019073,0.0031891
0.0011444,0.0011292,0.0013123,-0.0016479,0.00068665,0.00032043
-0.0013733,-0.0005188,-0.00041199,-0.002243,0.00016785,-0.00065613
-0.0018921,-0.0019531,-0.001709,-0.0032501,0.00015259,0.00059509
-0.00030518,-0.0024261,-0.0023346,-0.0036621,0.0010376,0.0015106
0.00082397,-0.0017548,-0.0011292,-0.0028534,0.0014191,0.0018311
0.0018311,-0.00067139,-0.00030518,-0.0012207,0.0014496,0.0028229
0.0033569,0.001297,0.00039673,0,0.003006,0.0039063
0.0036163,0.0032501,0.0016022,0.0012207,0.0048676,0.0035553
0.0023041,0.0029144,0.0035706,0.0028839,0.005188,0.0013428
0.00050354,0.0025635,0.0050201,0.0035706,0.0040741,0.0014954
-0.00033569,0.0019836,0.0044861,0.0025635,0.0029144,0.0030975
0.0010071,0.00010681,0.0033722,0.0012512,0.0021515,0.0018158
0.0016327,3.0518e-05,0.002594,-6.1035e-05,0.0017853,0.0021362
0.0018768,0.0016479,0.0017853,-0.00054932,0.0021057,0.0038452
0.0029602,0.0024109,0.0015717,0.00019836,0.0031586,0.0038605
0.0030975,0.0028687,0.0028229,0.00038147,0.0032501,0.0040894
0.0036926,0.0044556,0.0046692,0.00093079,0.0023346,0.003952
0.0045776,0.0056152,0.0052795,0.0014801,0.0027313,0.0029602
0.0037079,0.0050659,0.0037384,0.00018311,0.0026703,0.0015259
0.0014496,0.0032654,0.001709,-0.001358,0.0012207,0.00086975
0.00067139,0.00064087,0.0015411,-0.0017242,0.0011292,0.0024414
0.0020447,-0.0011597,0.00064087,-0.0015869,0.0020142,0.003067
0.0014801,-0.0002594,-0.001358,-0.0017395,0.0014191,0.00080872
9.1553e-05,0.0012054,-0.00018311,-0.0019836,0.00065613,0.00036621
0.0017395,0.0014191,0.00027466,-0.0027313,0.0016937,0.0014801
0.0025482,0.0017395,-0.00086975,-0.0028229,0.0015106,0.00090027
0.0011444,0.0010529,0.00053406,-0.0014648,-6.1035e-05,0.0014191
0.00093079,0,0.0013275,-0.00080872,0.00065613,0.0026093
0.0020905,0.0004425,0.0010834,-0.00048828,0.0028534,0.0031586
0.0030975,0.0014343,0.0014038,-4.5776e-05,0.0036011,0.0031128
0.0019379,0.0031281,0.0023193,0.00018311,0.0014496,0.001709
0.0007782,0.0033875,0.0028229,0.00013733,0.00035095,0.00067139
0.00076294,0.0013428,0.0016327,-0.00033569,0.0014191,0.00033569
0.00033569,0.00036621,0.00076294,-0.00062561,0.00099182,0.00033569
0.00065613,3.0518e-05,-0.00039673,-0.001709,-0.00016785,0.00067139
0.00039673,-0.0005188,-0.0024872,-0.003952,-0.0013428,0.00045776
-0.00071716,-0.0010681,-0.0037079,-0.0063629,-0.002182,-0.0011749
-0.0012665,-0.0021057,-0.0042267,-0.0067291,-0.0033417,-0.002594
-0.0018921,-0.0030518,-0.0046387,-0.0059814,-0.0052185,-0.0024719
-0.0036621,-0.003952,-0.0049744,-0.0070801,-0.0051575,-0.0032196
-0.0050507,-0.0045776,-0.006424,-0.0074768,-0.0043182,-0.0052643
-0.0048065,-0.0052338,-0.0077667,-0.0068359,-0.0048981,-0.0064392
-0.0057983,-0.0062256,-0.0075378,-0.0069427,-0.0066376,-0.006134
-0.0061035,-0.0074921,-0.0083466,-0.00737,-0.0081787,-0.0058136
-0.0048523,-0.0083618,-0.0096283,-0.0084229,-0.0067902,-0.0057373
-0.0050354,-0.007019,-0.0090637,-0.0090179,-0.0054626,-0.0046997
-0.0051422,-0.0055847,-0.0078278,-0.0074158,-0.007431,-0.0038605
-0.0046234,-0.0057831,-0.0065155,-0.0049896,-0.0072327,-0.004776
-0.0050812,-0.0063171,-0.0053253,-0.0040131,-0.0044403,-0.0059814
-0.006546,-0.0068817,-0.0041962,-0.0030518,-0.0037842,-0.0053406
-0.0058441,-0.0063019,-0.0037384,-0.0023346,-0.0040436,-0.00383
-0.0036316,-0.0038605,-0.0054474,-0.0029144,-0.0029602,-0.0032501
-0.0030212,-0.0023804,-0.0050354,-0.002655,-0.0033417,-0.0033264
-0.0030365,-0.0031128,-0.0026855,-0.0028534,-0.005722,-0.0038452
-0.0036469,-0.0028687,-0.0037537,-0.0036469,-0.0052032,-0.0044403
-0.0043793,-0.0038147,-0.0046997,-0.0029602,-0.0035706,-0.0053558
-0.0056,-0.0065613,-0.0051575,-0.0027466,-0.0035858,-0.0056458
-0.0066071,-0.0064545,-0.0059967,-0.0030518,-0.0032349,-0.003952
-0.0045624,-0.0059509,-0.0049744,-0.003067,-0.0043945,-0.0032959
-0.0031433,-0.0048981,-0.0046844,-0.0022278,-0.0059357,-0.0039063
-0.0035095,-0.0026703,-0.003479,-0.00019836,-0.0050201,-0.0038757
-0.0026703,-0.0021362,-0.0010376,4.5776e-05,-0.0036316,-0.0045013
-0.0033722,-0.0022736,-0.00067139,-0.00038147,-0.0025177,-0.0043335
-0.0041962,-0.0032043,-0.0023804,-0.00057983,-0.0020294,-0.0031281
-0.0029297,-0.0037842,-0.0042572,-0.001709,-0.0025482,-0.0029449
-0.0029144,-0.0033112,-0.0033569,-0.0021973,-0.0033417,-0.0031281
-0.0027466,-0.002594,-0.0016174,-0.0016174,-0.0037384,-0.0032349
-0.0028229,-0.0012054,-0.0010529,-9.1553e-05,-0.0029755,-0.0035248
-0.0046082,-0.0011292,-0.00018311,0.00061035,-0.0027771,-0.0039673
-0.0042419,-0.0023041,0.00018311,-0.00050354,-0.003891,-0.004715
-0.0033112,-0.0021515,-0.00064087,-0.0014343,-0.0054474,-0.0054016
-0.003479,-0.0013733,-0.00021362,-0.0015106,-0.0067139,-0.0045471
-0.0027618,-0.0013123,6.1035e-05,-0.002121,-0.0055237,-0.0042572
-0.0033569,-0.00083923,-0.0017853,-0.0018311,-0.0035858,-0.0058746
-0.0046692,-0.0011139,-0.0020142,-0.00074768,-0.0033875,-0.0059509
-0.0048218,-0.0027924,-0.0023041,-0.0020752,-0.0036011,-0.0054779
-0.0050201,-0.0038605,-0.0037994,-0.002182,-0.0048218,-0.005188
-0.0052643,-0.0040436,-0.003891,-0.00093079,-0.0067596,-0.0043335
-0.0045166,-0.0052185,-0.0045929,-0.0020599,-0.006424,-0.0046692
-0.0035553,-0.0070801,-0.0058289,-0.0034943,-0.0049896,-0.0046539
-0.0047302,-0.0062561,-0.0071564,-0.0050201,-0.0052948,-0.0042114
-0.0052643,-0.0049591,-0.0089264,-0.006897,-0.0066376,-0.0045776
-0.004715,-0.0061493,-0.010254,-0.0083466,-0.0083771,-0.0046844
-0.0053711,-0.0073395,-0.010391,-0.0084229,-0.0099487,-0.004776
-0.0052185,-0.0072937,-0.0093536,-0.0068512,-0.0095367,-0.0049438
-0.0050507,-0.0070953,-0.0079193,-0.0051117,-0.0070648,-0.0059509
-0.0058594,-0.006073,-0.0066833,-0.0031738,-0.0047455,-0.0067749
-0.0066681,-0.0045624,-0.0062256,-0.002121,-0.0051575,-0.005127
-0.0061798,-0.0055542,-0.0061493,-0.0024109,-0.0059509,-0.00354
-0.0057983,-0.0066071,-0.0068665,-0.0030212,-0.0045013,-0.0048065
-0.0073853,-0.0057831,-0.0064545,-0.0028076,-0.0050201,-0.0067749
-0.0076599,-0.0066376,-0.0049438,-0.0021515,-0.006424,-0.0065002
-0.0072784,-0.0079956,-0.0061188,-0.0020447,-0.0053558,-0.0063171
-0.0079803,-0.0073853,-0.0055237,0.00035095,-0.004303,-0.0059509
-0.0068359,-0.0059052,-0.0022736,0.0025024,-0.0030518,-0.0045776
-0.0048523,-0.0033112,-0.0022278,0.0021667,-0.0029602,-0.0055847
-0.0037842,-0.00064087,-0.0015259,0.0015106,-0.0046997,-0.0050507
-0.0023956,-0.00045776,0.00050354,-0.00035095,-0.0052185,-0.002594
-0.0023804,-0.00061035,-0.00094604,-0.00038147,-0.0048523,-0.0028687
-0.0033417,-0.0016327,-0.0014038,0.0014496,-0.0035095,-0.0031433
-0.0031281,-0.0041046,-0.00028992,0.0021973,-0.00073242,-0.0022278
-0.0030823,-0.0028687,-0.0016327,0.0031586,0.0013885,-0.0015411
-0.0028839,-0.00079346,-0.0010071,0.0042267,0.0016937,-0.0013123
-0.0020905,-0.0018158,0.0011139,0.0034332,0.00013733,-0.0016632
-0.0015411,-0.0010834,0.00022888,0.0019989,-0.0018158,-0.0018768
-0.0016022,0.00079346,0.00086975,0.002121,-0.0013885,-0.002182
-0.0025177,0.00032043,0.0018158,0.0019531,-0.00016785,-0.0021515
-0.0023499,-0.0016479,-0.00047302,0.0019379,0.00062561,-0.00073242
-0.0015411,-0.0028076,-0.00064087,0.0029144,0.0013275,0.0007782
-0.0022583,-0.0019226,0.001236,0.0032654,0.0004425,0.00015259
-0.0026093,-0.00083923,0.0013733,0.0030365,-0.00015259,-0.0016327
-0.0015411,9.1553e-05,0.0012817,0.0026093,0.00024414,-0.0012207
-0.0007019,0.00061035,0.0018005,0.0022278,-7.6294e-05,-0.0012054
-0.0009613,0.0005188,0.00030518,0.0010986,-0.001358,-0.0041962
-0.0027313,-7.6294e-05,-0.0023651,-0.00067139,-0.0033112,-0.005188
-0.0042267,-0.0021973,-0.0034332,-0.0018005,-0.0049744,-0.0039673
-0.0040741,-0.0040283,-0.0041656,-0.0023804,-0.0040436,-0.0037689
-0.0042114,-0.0051575,-0.0048218,-0.002594,-0.0022125,-0.0029297
-0.0046234,-0.0048065,-0.0039978,-0.0018005,-0.0030212,-0.0021667
-0.0029449,-0.0029144,-0.0028534,-0.001236,-0.002533,-0.0012054
0.00016785,-0.002121,-0.0032959,-0.0019989,-0.0013733,0.0011292
0.0028839,-0.00053406,-0.0033722,-0.0014648,-0.0016785,0.0020142
0.0046539,0.0026703,-0.0010834,0.00059509,0.00064087,0.0022125
0.0041199,0.0041199,0.0015717,0.0035706,0.0027466,0.0023499
0.0031281,0.0038452,0.003067,0.0056915,0.0030212,0.0028534
0.0042725,0.0035248,0.0034943,0.0047455,0.0041504,0.0045471
0.004303,0.0030823,0.0037384,0.0047302,0.0042267,0.0040131
0.0027313,0.0039368,0.0036011,0.0048065,0.0035095,0.0026855
0.0035706,0.0049896,0.0036011,0.0036469,0.0041199,0.0031586
0.0052338,0.0040741,0.003952,0.0043945,0.0050964,0.0039978
0.0048828,0.0038452,0.0040131,0.0051727,0.0049744,0.0050049
0.004837,0.0039368,0.0037079,0.0049286,0.0033264,0.0048981
0.0054779,0.0021973,0.001236,0.0032654,0.0021515,0.0043335
0.0041351,0.0010529,-0.0010681,0.0002594,0.002121,0.0042725
0.0024414,0.00067139,-0.0014038,-0.0016479,0.0019531,0.0041046
0.0031281,0.00056458,-0.0019379,-0.0019073,0.0014648,0.0045471
0.0044861,0.0014038,-0.0016022,-0.00015259,0.00090027,0.0042572
0.0038605,0.0019684,-0.00027466,0.0027313,0.0011139,0.0021667
0.002243,0.0020905,0.0012207,0.0040588,0.0013885,0.00099182
0.0018005,0.0012665,0.0024567,0.0038757,0.0027161,0.0018463
0.0018616,0.0014496,0.0017548,0.0033264,0.0047913,0.0023956
0.0022888,0.0028076,0.00086975,0.0026855,0.0041351,0.0033417
0.0043335,0.0025635,0.0014801,0.0026855,0.0031738,0.005127
0.0058746,0.0028381,0.0012207,0.0031128,0.004364,0.006134
0.0054932,0.0034332,0.0013885,0.0036621,0.0061493,0.0069733
0.0059357,0.00383,0.0041351,0.0054169,0.006958,0.0077972
0.0073242,0.0056763,0.0073853,0.0083923,0.0073853,0.0086517
0.0088501,0.0081482,0.010147,0.010101,0.010208,0.0099335
0.01033,0.01088,0.011688,0.010498,0.012878,0.010651
0.010803,0.013031,0.012482,0.01178,0.012772,0.010651
0.012253,0.013214,0.013046,0.011475,0.012894,0.012695
0.014099,0.011093,0.010818,0.0093994,0.013702,0.015213
0.014084,0.0097351,0.0087738,0.0090179,0.014999,0.01564
0.014191,0.010559,0.010254,0.0093842,0.015594,0.016235
0.015213,0.011749,0.011078,0.0093231,0.014267,0.015961
0.014557,0.013123,0.010864,0.0090637,0.013641,0.014313
0.01239,0.012314,0.011459,0.0079651,0.013123,0.012558
0.01059,0.0099487,0.0099945,0.0064545,0.010803,0.0096893
0.0081024,0.0081635,0.0076294,0.0051422,0.0077972,0.0083618
0.0065002,0.0053253,0.0069275,0.0031891,0.0061035,0.0077515
0.0059204,0.005249,0.0061493,0.0014191,0.0058899,0.0048065
0.0049744,0.007782,0.0070648,0.0025177,0.0053101,0.0029755
0.0050507,0.0070953,0.0093994,0.0039673,0.0041199,0.003067
0.0041656,0.0060883,0.0086517,0.0030975,0.0041351,0.0034485
0.0040894,0.0068817,0.007431,0.0030823,0.0051422,0.0040741
0.006012,0.0070801,0.0085297,0.0046692,0.0058594,0.004715
0.0060883,0.0072784,0.0087891,0.0045929,0.0070496,0.0054779
0.0058136,0.0076752,0.0076752,0.0033569,0.0078735,0.0052185
0.0062561,0.007782,0.0085144,0.0034332,0.0069275,0.0049286
0.0068359,0.0076141,0.0085297,0.0028992,0.0053253,0.0055542
0.0075073,0.0068512,0.0058289,0.0019531,0.0048981,0.0049744
0.0075073,0.006485,0.0059204,0.0018005,0.0055389,0.0046539
0.0071716,0.0079041,0.007019,0.0011139,0.0057068,0.0059052
0.0067902,0.0080872,0.006485,0.00086975,0.0051117,0.0061493
0.0068512,0.0064697,0.006546,0.00065613,0.0044556,0.005249
0.0054626,0.0057678,0.0058441,0.00028992,0.0036316,0.003891
0.0035248,0.0040436,0.0041809,-1.5259e-05,0.0027618,0.0025177
0.0033875,0.0019073,0.002655,-0.0011749,0.0023193,0.0013885
0.0024261,0.0017548,0.0014648,-0.0013733,0.0022888,0.00086975
0.0015106,0.0019684,0.0011902,-0.0012054,0.0023804,0.0017395
0.0022888,0.0013275,0.0015411,-0.0021667,0.0016174,0.0022888
0.0025482,0.0015564,0.0020905,-0.0019531,0.0017242,0.0020142
0.0016785,0.0024109,0.0023804,-0.00045776,0.003067,0.0017395
0.0017853,0.0015411,0.0023499,0.00059509,0.0033264,0.0014801
0.0030518,0.00053406,0.0021667,0.00079346,0.0040283,0.0018921
0.002594,0.0014191,0.0024414,0.00061035,0.0046844,0.0023804
0.0004425,0.0026093,0.0041351,0.0011139,0.0034027,0.0016785
-0.00079346,0.0018768,0.0043182,0.00022888,0.0025024,0.00036621
-0.001297,0.00030518,0.0020599,-0.00093079,0.0025635,-0.00016785
-0.001297,-0.00035095,0.0016022,-0.00086975,0.0022583,0.0004425
0.00010681,-0.0005188,0.0011444,-0.0016022,0.0027618,0.0014038
0.0012054,0.00022888,0.00016785,-0.0014038,0.0034943,0.0018158
0.0023499,0.0019989,0.0026398,-0.00024414,0.0032959,0.0022583
0.0036621,0.0035553,0.0043182,0.00016785,0.0035858,0.0024109
0.0029144,0.004715,0.0048523,0.00039673,0.0028076,0.0019684
0.0035248,0.0048676,0.0066223,0.0011139,0.0018005,0.0018463
0.0041046,0.0036926,0.0056,0.00050354,0.0025177,0.00079346
0.00057983,0.002533,0.0028839,-0.00177,0.00085449,-0.00056458
-0.001358,0.0016479,0.0014954,-0.0027008,-0.0013733,-0.00094604
-4.5776e-05,0.00093079,0.0007782,-0.0031433,-0.00054932,-0.00091553
0.0021362,0.00038147,0.00059509,-0.0028076,0.00039673,0.00076294
0.0035553,0.00036621,0.0015717,-0.0010071,0.0018311,0.00354
0.0036469,0.0025024,0.0027313,0.0005188,0.0051727,0.0051422
0.0054321,0.0051575,0.0045776,0.0018921,0.0078278,0.0061493
0.0076904,0.0077362,0.0071106,0.0030975,0.0087128,0.0074463
0.0092926,0.0099487,0.0075073,0.003952,0.0089264,0.0082245
0.0093079,0.0088196,0.0075378,0.0040283,0.0073242,0.0076141
0.0070496,0.0068817,0.0072632,0.0035706,0.0059357,0.0070801
0.0068512,0.0050507,0.0050201,0.0029602,0.0085754,0.0078888
0.0069733,0.0038452,0.0041809,0.0030365,0.0094299,0.0079193
0.0053864,0.0044861,0.0053101,0.0037079,0.0070648,0.0067291
0.0039978,0.0039673,0.0047455,0.0022736,0.0060577,0.0038147
0.00099182,0.0034332,0.0031433,1.5259e-05,0.0029755,7.6294e-05
-0.0014648,0.0015717,0.0035248,-0.0015564,-0.0018768,-0.00177
-0.0021362,-0.0013733,0.0014801,-0.0041809,-0.003479,-0.0038757
-0.0035095,-0.0017242,-0.0030518,-0.0059814,-0.003067,-0.0052948
-0.004364,-0.0035248,-0.004303,-0.0061035,-0.0035706,-0.0040588
-0.0049438,-0.0062103,-0.0055084,-0.0068665,-0.0046997,-0.0042267
-0.0061646,-0.0058899,-0.0062866,-0.0079803,-0.0061188,-0.0060883
-0.0068359,-0.0052948,-0.005127,-0.0086365,-0.0076141,-0.0075073
-0.0063934,-0.0061035,-0.0064392,-0.0088043,-0.0076904,-0.0074463
-0.0056152,-0.0064697,-0.0081329,-0.0084534,-0.006073,-0.0053101
-0.004303,-0.0058746,-0.0079803,-0.0072937,-0.0040741,-0.0025635
-0.0018463,-0.0052795,-0.0067749,-0.0059204,-0.0024872,-0.00013733
-0.00086975,-0.00383,-0.0047455,-0.0052795,-0.0010834,0.00038147
-0.00073242,-0.00097656,-0.002182,-0.0039063,-0.00016785,-0.00013733
0.00056458,0.00093079,0.00067139,-0.0011597,-0.00082397,-0.00019836
-1.5259e-05,0.00032043,0.00085449,0.00033569,-0.0019073,-0.0014801
-0.0025177,-0.0012512,-0.0012665,-0.00073242,-0.001709,-0.0032349
-0.0034332,-0.0023499,-0.0021057,-0.0024261,-0.0017853,-0.0037842
-0.003418,-0.0027161,-0.0028381,-0.0043335,-0.0035858,-0.004837
-0.0050201,-0.0018616,-0.004425,-0.0058594,-0.0053711,-0.0065002
-0.0052032,-0.0025024,-0.0042572,-0.0057068,-0.0059509,-0.0057526
-0.0030823,-0.0051727,-0.0039825,-0.0055695,-0.0053711,-0.0041351
-0.003479,-0.0057068,-0.0054932,-0.005127,-0.0042114,-0.0036621
-0.0042877,-0.0054626,-0.0055389,-0.0039215,-0.0034027,-0.0023346
-0.0033569,-0.0050049,-0.0052338,-0.0042725,-0.002533,-0.0027466
-0.0032043,-0.0030823,-0.0062408,-0.0046234,-0.0036926,-0.0053406
-0.0028839,-0.0028076,-0.0056915,-0.0052643,-0.0056152,-0.0046692
-0.0028839,-0.0034637,-0.0053253,-0.0069885,-0.0058899,-0.0028381
-0.0028229,-0.0037842,-0.005249,-0.0062561,-0.0067749,-0.0031281
-0.0028992,-0.0038452,-0.0037994,-0.0043488,-0.005661,-0.0038452
-0.0042877,-0.0030975,-0.0029602,-0.0031281,-0.0042419,-0.0046692
-0.0042572,-0.0031738,-0.0031738,-0.0035095,-0.0042114,-0.0042114
-0.0032043,-0.0032196,-0.0049591,-0.0052185,-0.0030518,-0.0025482
-0.0014496,-0.0027008,-0.0058289,-0.0040894,-0.0037842,-0.0011444
-0.00028992,-0.0030212,-0.0052032,-0.0037537,-0.0045776,-0.0010071
-0.0019684,-0.0035858,-0.0059662,-0.0052338,-0.0039978,-0.0021362
-0.0036011,-0.0039978,-0.0058594,-0.0040283,-0.0036469,-0.0015564
-0.0041504,-0.0042877,-0.0054932,-0.00383,-0.0035095,-0.0025482
-0.004837,-0.0045166,-0.0060425,-0.0037689,-0.0041656,-0.0049438
-0.0046692,-0.0054169,-0.0050812,-0.0029297,-0.0047302,-0.0040131
-0.0046234,-0.0055542,-0.0051575,-0.0046692,-0.0063171,-0.0046082
-0.0057983,-0.0043488,-0.0055542,-0.0050049,-0.0078735,-0.0067902
-0.0059662,-0.0052948,-0.0048065,-0.0044403,-0.0075226,-0.0068207
-0.0061035,-0.0069427,-0.0070648,-0.0052948,-0.0067596,-0.0063782
-0.0065002,-0.0061493,-0.0077972,-0.0048828,-0.0059967,-0.0059814
-0.0057068,-0.005249,-0.0046082,-0.0032501,-0.0054474,-0.0052185
-0.0050354,-0.004303,-0.0024567,-0.00094604,-0.004425,-0.0049744
-0.0034485,-0.0021057,-0.0019684,0.0010223,-0.0018616,-0.0044403
-0.00094604,-0.0012817,-0.0028992,0.00083923,0.00086975,-0.0013428
0.00054932,-0.0014038,-0.0028381,-0.00015259,0.0012512,0.0017242
0.00067139,-0.00035095,-0.0018463,0.00010681,0.00080872,0.002121
7.6294e-05,-0.00053406,-0.0022888,0.0013428,0.0016327,0.00019836
-0.0013123,-0.0016785,-0.0014648,0.0022278,0.00054932,-0.0021057
-0.0032959,-0.0026245,-0.0014038,0.0010834,-0.0016785,-0.0020905
-0.0038452,-0.0042267,-0.0042877,-0.0010986,-0.0021667,-0.0020905
-0.0042114,-0.0050507,-0.0052338,-0.0021057,-0.0032654,-0.0029449
-0.0053558,-0.0054626,-0.0047455,-0.0020752,-0.0042114,-0.0036316
-0.0053406,-0.0057068,-0.0045776,-0.0016022,-0.0033569,-0.0047302
-0.0054932,-0.0061035,-0.0042114,-0.0016174,-0.0040588,-0.0058136
-0.0075531,-0.0074005,-0.0052338,-0.0018616,-0.0053558,-0.006424
-0.0094452,-0.008667,-0.005661,-0.0011597,-0.0041046,-0.0062714
-0.0099335,-0.0090179,-0.0046234,0.00068665,-0.00177,-0.0069427
-0.0091553,-0.0075073,-0.0052338,0.00086975,6.1035e-05,-0.0066223
-0.0070648,-0.0055389,-0.0059204,-0.0010071,-0.00071716,-0.0040283
-0.004837,-0.004364,-0.0042267,-0.0010223,-0.0025177,-0.0025482
-0.0025635,-0.0036011,-0.0028687,-0.00018311,-0.0022125,-0.0014191
-0.00035095,-0.0021667,-0.0020752,0.0010376,-0.00050354,0.00027466
0.0016327,0.00088501,0.00036621,0.0027771,0.0017548,0.0016632
0.0039825,0.0039673,0.0032501,0.0036163,0.0028229,0.0030518
0.0057678,0.0065918,0.005249,0.0045471,0.0031128,0.0040131
0.0065613,0.0075531,0.0064545,0.0050507,0.0034027,0.0038452
0.0068512,0.0072937,0.0074463,0.0063782,0.0023651,0.00354
0.0069733,0.0085602,0.008255,0.0073853,0.0034027,0.0048065
0.0078125,0.0090179,0.0077667,0.0068054,0.0061035,0.0062714
0.0090027,0.0078735,0.0070648,0.0072937,0.006424,0.0069427
0.0082397,0.0080719,0.0063782,0.006897,0.0064697,0.0070038
0.0060272,0.0074768,0.0051422,0.0056305,0.0057983,0.0054932
0.0044708,0.0045319,0.0044708,0.0047455,0.0039673,0.00383
0.0029755,0.0027313,0.0036316,0.0025787,0.0021667,0.0027771
0.001358,0.0021667,0.0015259,0.0011292,0.00064087,0.00091553
0.00061035,0.00073242,0.0005188,0.0015717,0.00065613,-0.00022888
0.00038147,-0.00022888,0.00053406,0.00050354,-0.00019836,0.00035095
-0.00018311,-0.00019836,-0.0015259,-0.0019073,-0.0011292,0.00035095
0.00015259,-0.00082397,-0.0027924,-0.0024872,-0.00041199,6.1035e-05
0.0012512,-0.00042725,-0.0014954,-0.0005188,-0.00021362,0.00028992
0.0010529,0.0016174,0.0012207,0.0019989,0.00042725,0.00039673
0.0013428,0.0023499,0.0037689,0.0023346,0.0013885,0.0018463
0.0025024,0.0026855,0.0027313,0.0027924,0.0019989,0.0029907
0.0023651,0.0034485,0.0025482,0.0036011,0.0024719,0.00090027
0.0022888,0.00354,0.0041656,0.0026703,0.0016327,0.00045776
0.0034332,0.0039673,0.0028687,0.0019073,0.0015564,0.0025482
0.0046844,0.0046387,0.001709,0.0019684,0.0023956,0.0020142
0.0040588,0.0046539,0.0023193,0.0028076,0.002121,0.0016174
0.0015564,0.0029602,0.0034332,0.0033112,0.0009613,0.0014496
-0.00041199,0.0007782,0.003006,0.0024719,0.00024414,-0.00015259
-0.0018311,0.00039673,0.0015106,0.0017395,0.00062561,-0.0014343
-0.0031738,0.00012207,0.0023651,0.0014191,4.5776e-05,-0.0036621
-0.0028687,-0.00022888,0.0027466,0.0010681,-0.0014038,-0.0036469
-0.0011902,-9.1553e-05,0.00088501,0.00018311,-0.0025787,-0.0020142
-0.00033569,-0.00024414,-0.00018311,-0.00067139,-0.0022888,-0.00177
-0.00080872,-0.00082397,0.00027466,0.00010681,0.00010681,-0.0012207
-0.0010376,-0.0021667,0.00036621,0.0010376,0.0014191,-0.00080872
-0.00018311,-0.0014648,-0.00036621,0.00047302,0.001236,0.00064087
0.0012512,0.00041199,-0.00097656,-0.00048828,0.0017548,0.0021973
0.0020905,-0.0010376,-0.0017395,0.00057983,0.0024109,0.0023651
0.0010681,-0.0024872,-0.0019836,0.0024719,0.0034027,0.0031433
-0.00062561,-0.0015106,-0.00027466,0.0022888,0.0046387,0.0036316
0.00015259,-0.00015259,0.0024414,0.0022583,0.0040436,0.0026855
0.0022125,0.0019379,0.0024872,0.0022278,0.0027466,0.00091553
0.0027924,0.0034485,0.0015411,0.0010071,0.0011139,-0.00038147
0.0026245,0.0027161,0.0018921,0.00036621,-0.001236,0.00012207
0.0023193,0.0021973,0.0013733,0,-0.00083923,0.0011444
0.001297,0.0019379,0.0019684,0.00028992,0.0011749,0.001297
4.5776e-05,0.0011292,0.0022125,0.00093079,0.0016174,0.00038147
-0.00035095,0.0017548,0.00097656,0.00035095,0.00019836,-0.0011749
0.001358,0.0016022,0.0013885,-0.0011444,-0.0012054,-0.00082397
0.0031433,0.00054932,0.00088501,-0.0017853,-0.00035095,0.00045776
0.0020142,0.00062561,-0.00042725,-0.00076294,0.00041199,0.00099182
0.00016785,-0.00047302,-0.00050354,0.00019836,0.00047302,0.0013733
-0.0007019,-0.0013428,-0.00086975,0.00013733,0.0012054,0.00022888
-0.0011139,-0.0011902,-0.0012817,-1.5259e-05,0.00086975,-0.00047302
6.1035e-05,-0.0013123,-0.00064087,0.00010681,-0.00083923,-6.1035e-05
0.0012665,-0.00018311,0.00053406,0.00016785,-0.00085449,-0.00059509
0.00045776,-0.00016785,0.0011902,0.00054932,0.00053406,-0.00059509
-0.00062561,-0.0010223,0.001297,0.00061035,0.0014801,0.00071716
0.00010681,-0.00018311,0.0011444,0.00021362,0.0028534,0.0027618
0.0017242,0.00010681,0.00033569,3.0518e-05,0.0033875,0.0044556
0.0019836,0.00030518,-0.00071716,0.00038147,0.0033875,0.0048676
0.0023804,0.00065613,-0.0004425,0.0013275,0.0040588,0.0027771
0.0023651,0.00053406,0.00047302,0.0013733,0.0019836,-0.00038147
0.00013733,-0.00010681,0.00024414,0.00022888,-0.0014038,-0.0009613
-0.0011749,-0.0019226,-0.0007019,-0.001358,-0.0018921,-0.00065613
-0.00093079,-0.0022125,-0.0013733,-0.0016174,-0.00050354,-0.00073242
-0.0010376,-0.0013733,-0.00076294,6.1035e-05,0.0010376,-0.00024414
-0.0011139,-0.00097656,0.0011292,0.0015869,0.0011597,0.00047302
0.00073242,0.00012207,0.0016937,0.002655,0.0012512,0.0013733
0.0027618,0.0018768,0.0013885,0.0026703,0.0024719,0.0015106
0.0025482,0.0032806,0.0031281,0.0020752,0.0032806,0.0020294
0.0023651,0.003006,0.0039368,0.0027313,0.0038452,0.0036621
0.0024872,0.0025482,0.0024719,0.0027771,0.0033569,0.0036163
0.0025024,0.0027618,0.002182,0.0013733,0.0030975,0.0026703
0.002655,0.0032806,0.0020752,0.00012207,0.0032959,0.0029755
0.0028839,0.003479,0.001709,1.5259e-05,0.0018768,0.0029755
0.0038147,0.002121,0.0015411,0.0007019,0.0013275,0.0026245
0.0048523,0.0016022,0.00045776,0.0002594,0.0023651,0.0036163
0.0050964,0.0021515,0.00041199,4.5776e-05,0.0024261,0.0037537
0.0022125,0.0024872,0.0010529,0.00015259,0.00091553,0.0010071
-0.0016174,0.0012054,4.5776e-05,-0.0019073,-0.0019684,-0.00086975
-0.0015869,-0.0021515,-0.0022888,-0.0043793,-0.0035248,-0.00080872
-0.0011139,-0.0031433,-0.0047607,-0.005188,-0.0029602,-0.001358
-0.0018311,-0.0031891,-0.0061798,-0.0049744,-0.0029907,-0.0016022
-0.002182,-0.0041199,-0.006134,-0.0049286,-0.0036926,-0.0023193
-0.0029297,-0.0039215,-0.0052795,-0.0046692,-0.0049744,-0.0037231
-0.0039215,-0.00354,-0.004776,-0.0044556,-0.0059204,-0.0046692
-0.0045929,-0.0030518,-0.0050507,-0.004425,-0.0048523,-0.0050659
-0.0031433,-0.0042572,-0.0052795,-0.0034485,-0.0027313,-0.0033722
-0.0016937,-0.0037689,-0.0045013,-0.0016479,-0.0013275,-0.00065613
-0.00056458,-0.00041199,-0.0016937,0.00028992,-0.00065613,0.00024414
0.0012054,0.0005188,0.0017395,0.00082397,-0.00056458,-0.00053406
0.00065613,0.0023041,0.0022888,0.00090027,-0.0018158,-0.0010834
0.0009613,0.0035858,0.0018463,-0.00016785,-0.0021362,-0.0012665
0.0017548,0.002121,0.0026703,-0.0015259,-0.0015106,-0.0011444
0.00045776,0.0012665,0.0016937,0,-0.0014648,0.00057983
0.00059509,1.5259e-05,-0.0012054,0.00032043,0.0007019,0.0015259
0.00042725,-0.00038147,-0.0015411,-9.1553e-05,0.0019836,0.00053406
-0.00032043,-0.00032043,0.00073242,0.00033569,-0.00071716,0.0011444
0.00033569,-0.0010834,0.00012207,-0.0014343,-0.0013428,0.001297
-0.00028992,-0.00062561,-0.0022125,-0.00177,0.00083923,-0.00015259
-0.0011749,-0.00079346,-0.0014038,0.00027466,0.00054932,-0.00015259
-0.00019836,-0.0027313,-0.00022888,0.00041199,-0.00045776,0.00015259
0.00050354,-0.0027618,-0.002182,-0.0011292,6.1035e-05,0.0011292
0.00082397,-0.0007782,-0.0023193,-0.00090027,0.00067139,0.0026245
0.0017853,0.0010529,0.00082397,0.0016785,0.0022278,0.0028839
0.0024872,0.0030365,0.0023804,0.0037994,0.0040741,0.0029297
0.0036316,0.0038147,0.0036163,0.0046082,0.004776,0.0036621
0.0045624,0.004425,0.0055847,0.0046692,0.0048065,0.0040283
0.0038605,0.0055389,0.006897,0.0055695,0.0044098,0.0031891
0.0043488,0.0053253,0.0067749,0.0059204,0.0044556,0.0027466
0.0053253,0.0057526,0.0054169,0.0048065,0.0045471,0.002655
0.0033417,0.0054321,0.0060425,0.0053558,0.0041199,0.0021515
0.0018005,0.0030518,0.0065002,0.0049591,0.004425,0.0027313
0.0026855,0.0020752,0.0044556,0.0033569,0.006073,0.0042419
0.0028076,0.0026703,0.0032654,0.0027466,0.0060272,0.0046539
0.0018463,0.0022125,0.0032654,0.0019379,0.0029602,0.0030975
0.0011292,0.00062561,0.0025482,0.0015106,0.0016327,0.00076294
-9.1553e-05,0.00013733,0.0015869,0.0012817,0.0016785,-0.00039673
-0.0007019,0.0010834,0.0018463,0.0014954,0.0010529,0.00016785
0.0010681,0.0015259,0.002655,0.00074768,0.0018921,0.0012207
0.0018005,0.0010986,0.0017548,-0.00076294,0.0016785,0.0019989
0.0010681,0.0007782,-0.00033569,-0.00068665,0.0004425,0.0020599
0.00086975,0.00010681,-0.0016479,-0.00059509,0.00094604,7.6294e-05
-0.0004425,-0.0010223,-0.00083923,-0.0005188,0.00074768,-0.00064087
-0.0020142,-0.0015869,0.0010071,-0.00022888,-0.00019836,0.0009613
-0.0021515,-0.00091553,0.0016327,0.00038147,0.00027466,0.00059509
-0.00061035,0.0010986,0.0031738,0.0017853,0.0016174,-0.00035095
0.0012054,0.0037384,0.0056305,0.003067,0.0016022,-0.00047302
0.0027008,0.0055237,0.0058289,0.0032501,0.00041199,0.00016785
0.004425,0.0056152,0.0052948,0.0021667,-0.00016785,0.0007782
0.0034637,0.0055084,0.0054626,0.0016937,-0.00019836,-0.00019836
0.0016479,0.0050659,0.0047607,0.0013275,0.0005188,0.00048828
0.0020447,0.0044708,0.0032654,0.0010986,0.00093079,0.0019073
0.0022583,0.0041962,0.0040894,0.0019836,0.0015717,0.0012512
0.0024109,0.0037689,0.0057526,0.0026093,0.002533,0.0015717
0.0038452,0.0050812,0.0051575,0.0029755,0.0027618,0.0036316
0.0060272,0.0066681,0.005188,0.0029755,0.0039368,0.0052643
0.0073547,0.0068207,0.0059662,0.0033112,0.0051422,0.0064087
0.0074768,0.0067291,0.0057373,0.0037384,0.0056763,0.0070038
0.0081787,0.0066071,0.0051727,0.0030975,0.0061798,0.0069885
0.0086212,0.0064545,0.0045319,0.0028381,0.0067291,0.008606
0.0080109,0.0063629,0.005188,0.0035095,0.0077972,0.0096893
0.0079498,0.0066528,0.0066986,0.0047455,0.0082397,0.007843
0.0077057,0.0070648,0.0078888,0.0053253,0.0070953,0.0063477
0.0066986,0.0078125,0.0080872,0.0044556,0.0063171,0.0055084
0.0059509,0.0076294,0.0068207,0.0037994,0.0062866,0.0045319
0.0041504,0.0056763,0.0059357,0.0037231,0.0057526,0.0041809
0.0021362,0.003952,0.0048981,0.0028687,0.0050354,0.00354
0.0020905,0.0021973,0.0031586,0.0015869,0.0039215,0.0021973
0.002243,0.00086975,0.0025482,0.00038147,0.0027771,0.0013885
0.0014496,0.00097656,0.0018158,-0.0015259,0.0017395,0.0019073
0.0012054,0.00079346,-0.00035095,-0.0028992,0.0012512,0.0016479
0.0014648,-0.00022888,-0.0020447,-0.0028687,0.0010834,0.00067139
4.5776e-05,-0.00033569,-0.0017395,-0.0024414,0.00042725,0.00016785
-0.0016937,0.00016785,-0.0007019,-0.0021973,0.0004425,-0.001297
-0.002533,-0.00030518,-0.0004425,-0.0022125,-0.00065613,-0.0032806
-0.0035095,-0.0014648,-0.00036621,-0.0027924,-0.0027161,-0.0038757
-0.0030518,-0.0024414,-0.00068665,-0.0033722,-0.0029449,-0.0033112
-0.0021362,-0.0023956,-0.001709,-0.0031738,-0.0026245,-0.0035553
-0.0028229,-0.0021057,-0.0023651,-0.0037384,-0.0020752,-0.0043793
-0.0037384,-0.00091553,-0.001358,-0.0040283,-0.0024261,-0.0047302
-0.0031433,-4.5776e-05,-0.00038147,-0.0038452,-0.0049744,-0.0050812
-0.0024567,-0.0019379,-0.0027161,-0.0057983,-0.0065155,-0.0055695
-0.0029755,-0.0032654,-0.0042114,-0.0065613,-0.0068207,-0.0052948
-0.0034637,-0.0046082,-0.0035706,-0.0054932,-0.0065308,-0.0034027
-0.0033112,-0.0063324,-0.0061646,-0.0066681,-0.0043793,-0.00177
-0.0018921,-0.005127,-0.0085602,-0.0082703,-0.0026245,-0.0010834
-0.00091553,-0.0037537,-0.0073547,-0.0078125,-0.0035553,-0.00094604
-0.0012207,-0.0040131,-0.0069885,-0.0063171,-0.0053558,-0.00177
-0.0014648,-0.0041199,-0.00737,-0.005722,-0.005249,-0.002533
-0.003067,-0.00354,-0.0051117,-0.0061188,-0.0049438,-0.0029297
-0.0042877,-0.0025482,-0.0036163,-0.0057678,-0.0053101,-0.0042725
-0.0039673,-0.002243,-0.0044403,-0.0050507,-0.0057373,-0.0060425
-0.0044861,-0.0034332,-0.0049286,-0.005188,-0.0070801,-0.0061188
-0.004715,-0.0056458,-0.0065155,-0.0056763,-0.0074005,-0.0059967
-0.0053253,-0.007019,-0.0077362,-0.0055389,-0.0078583,-0.0071716
-0.0073395,-0.006546,-0.0072021,-0.0054321,-0.0088654,-0.0072632
-0.0071259,-0.0065155,-0.0071869,-0.0060883,-0.0076904,-0.0065002
-0.0062561,-0.0076294,-0.0080414,-0.0064087,-0.006897,-0.0063477
-0.0079803,-0.0074921,-0.0089569,-0.0058289,-0.0070496,-0.0070038
-0.0086823,-0.0078735,-0.0093079,-0.0054474,-0.0070496,-0.0086823
-0.0090332,-0.010605,-0.0098724,-0.0060577,-0.0091705,-0.010651
-0.012268,-0.012207,-0.010132,-0.0067139,-0.012054,-0.012192
-0.014893,-0.0121,-0.011154,-0.0088501,-0.01207,-0.012299
-0.014236,-0.012451,-0.013199,-0.010605,-0.011566,-0.011719
-0.011414,-0.012375,-0.013321,-0.0088654,-0.012863,-0.011597
-0.010071,-0.011215,-0.01268,-0.0085297,-0.012344,-0.010681
-0.010391,-0.010788,-0.012283,-0.0092621,-0.010773,-0.0094604
-0.0098267,-0.011368,-0.012405,-0.0075684,-0.010529,-0.0088806
-0.0096436,-0.01236,-0.012878,-0.0074615,-0.009552,-0.0084076
-0.010147,-0.013016,-0.013016,-0.0076447,-0.0088959,-0.0085449
-0.01033,-0.012054,-0.013336,-0.0056,-0.0095673,-0.0089264
-0.01033,-0.011475,-0.012527,-0.0059357,-0.0095062,-0.0092773
-0.01152,-0.011795,-0.01149,-0.0065002,-0.0095673,-0.010284
-0.013229,-0.011734,-0.010513,-0.0047302,-0.010574,-0.011047
-0.012146,-0.011536,-0.0096283,-0.0045471,-0.010101,-0.01004
-0.0086365,-0.010269,-0.010117,-0.0041504,-0.0079346,-0.0076447
-0.0074615,-0.0085144,-0.010086,-0.0023804,-0.0061035,-0.0066223
-0.0082703,-0.007782,-0.0079803,-0.0020752,-0.0049744,-0.0056915
-0.0065613,-0.0079193,-0.006073,-0.0019073,-0.0046539,-0.00383
-0.0055237,-0.0070343,-0.0065613,-0.001358,-0.0052338,-0.005188
-0.0074463,-0.0053101,-0.0059967,-0.0010376,-0.0056305,-0.0073242
-0.0077667,-0.0053558,-0.0044403,-6.1035e-05,-0.0056152,-0.0071716
-0.0063477,-0.0056915,-0.0052032,0.00032043,-0.0057068,-0.0068359
-0.0062561,-0.0051117,-0.0047302,0.00057983,-0.0047607,-0.0059052
-0.0068207,-0.0052643,-0.0033112,0.0012665,-0.0027313,-0.0046692
-0.0053406,-0.0048828,-0.0041504,0.0017242,-0.0014954,-0.0036926
-0.0030212,-0.0041962,-0.0039825,0.003418,-0.0015106,-0.0027466
-0.0027466,-0.0032349,-0.0019379,0.0036621,-0.0015106,-0.0027924
-0.003067,-0.0011597,-0.00099182,0.0025482,-0.00085449,-0.0024261
-0.0025177,-0.0010376,-0.00097656,0.0027466,-0.0010529,-0.0010223
-0.0016632,-0.0016632,-0.0009613,0.0024261,-0.00053406,0.00042725
0.00039673,-0.00050354,-0.00045776,0.0029602,0.0017242,0.0018921
0.0017242,-0.00015259,0.00057983,0.004715,0.0032349,0.0016174
0.00082397,0.00021362,0.001236,0.006012,0.0034485,0.0010681
0.00065613,0.0015869,0.0019684,0.0066223,0.0018768,0.0010834
0.0016479,0.0016174,0.0027771,0.0049591,0.0015259,-0.00053406
0.00050354,0.0015411,0.002594,0.0042114,0.0018768,3.0518e-05
-0.001358,0.0011292,0.0021057,0.0061951,0.00080872,0.0016937
0.00035095,-0.00048828,0.0023346,0.0066223,0.0031433,0.0014801
0.0021362,0.00042725,0.0038605,0.0071411,0.0055695,0.0025177
0.0017853,0.0027313,0.0072021,0.0103,0.0053406,0.0034332
0.0033417,0.0049591,0.010208,0.012177,0.0067749,0.0040131
0.0062561,0.0082245,0.010117,0.011566,0.0090637,0.0061035
0.0079346,0.0093079,0.009903,0.011154,0.011063,0.0078888
0.0084229,0.0098877,0.011383,0.011871,0.011505,0.0091095
0.008606,0.011093,0.012558,0.012466,0.011169,0.0097656
0.0092316,0.010361,0.01268,0.011902,0.01152,0.010361
0.0099335,0.01091,0.011246,0.011475,0.011627,0.011475
0.010605,0.011475,0.011108,0.011093,0.012146,0.011307
0.011185,0.010193,0.011429,0.0099945,0.011993,0.011353
0.011414,0.010345,0.0094147,0.0096436,0.012238,0.0121
0.011795,0.0099182,0.0092621,0.0097504,0.012711,0.011734
0.012054,0.0092163,0.010757,0.00914,0.010803,0.011734
0.011551,0.010284,0.0099792,0.0076752,0.0094757,0.011871
0.011139,0.010574,0.0090332,0.0070953,0.0095673,0.011032
0.011368,0.010361,0.010361,0.0083923,0.010071,0.0098267
0.010422,0.010727,0.011337,0.0085144,0.010513,0.0085297
0.008728,0.01062,0.0097961,0.0063629,0.0087128,0.0075378
0.0085144,0.0079498,0.006546,0.0027618,0.0057831,0.0066071
0.0079498,0.0051575,0.0027924,-0.00083923,0.0038757,0.0055389
0.0062408,0.004776,0.0016785,-0.0021362,0.00177,0.0056915
0.0055084,0.0027924,0.0011749,-0.0024719,-9.1553e-05,0.0049744
0.0043182,0.0020447,-0.0012665,-0.0026245,0.00019836,0.0010071
0.00073242,0.0024414,0.00027466,-0.0015869,-0.0004425,-0.0021362
-0.0023346,-0.0010223,0.0018463,-0.0014191,-0.0025482,-0.0033264
-0.0032501,-0.0032196,-0.0016022,-0.0029144,-0.0035095,-0.0041351
-0.0038605,-0.0027771,-0.0030975,-0.0043335,-0.0038147,-0.0036621
-0.0049591,-0.0036011,-0.0029907,-0.0053558,-0.0039063,-0.0044861
-0.006012,-0.005127,-0.0049744,-0.006485,-0.005249,-0.0062103
-0.0059052,-0.0062714,-0.0072937,-0.0085754,-0.0071259,-0.0055695
-0.0056152,-0.0071106,-0.0087433,-0.0099487,-0.007843,-0.0050354
-0.0062256,-0.0070801,-0.0087433,-0.0090179,-0.0089264,-0.006485
-0.0050507,-0.0066223,-0.0068207,-0.0073853,-0.0086365,-0.0070953
-0.0038147,-0.0057373,-0.0046997,-0.0054169,-0.006485,-0.0066376
-0.0054626,-0.0039978,-0.0044403,-0.0033264,-0.0051575,-0.0069733
-0.0054474,-0.003891,-0.0039673,-0.002655,-0.0045166,-0.0059967
-0.00383,-0.003952,-0.0042419,-0.0044861,-0.0053711,-0.0052643
-0.0050812,-0.0032806,-0.0057831,-0.006424,-0.0069427,-0.0066986
-0.0070648,-0.0051727,-0.0055542,-0.006424,-0.0084076,-0.0079651
-0.008316,-0.0075378,-0.0061951,-0.0065918,-0.010818,-0.0087585
-0.0092163,-0.008316,-0.0082855,-0.0081329,-0.011444,-0.0099487
-0.0094299,-0.0076294,-0.0094604,-0.0089264,-0.010895,-0.011749
-0.0089722,-0.0062103,-0.0087585,-0.0075073,-0.010452,-0.010849
-0.0072174,-0.006424,-0.006485,-0.0065308,-0.0083313,-0.0075989
-0.0061035,-0.0064545,-0.0062866,-0.0058899,-0.006546,-0.006546
-0.0061188,-0.0054626,-0.0069733,-0.0045319,-0.0069427,-0.0067902
-0.0052185,-0.0052338,-0.0063782,-0.0050354,-0.0074005,-0.0056915
-0.0033417,-0.0046234,-0.0075684,-0.0059509,-0.0062103,-0.004425
-0.0019531,-0.0038452,-0.0085297,-0.0053406,-0.0062103,-0.0045166
-0.0017548,-0.0034637,-0.0062408,-0.0047913,-0.006485,-0.0032349
-0.001358,-0.00383,-0.0045319,-0.00383,-0.0042877,-0.0016632
-0.0012817,-0.0043488,-0.0049438,-0.0025177,-0.0036163,-0.0021362
-0.0020142,-0.004364,-0.0057831,-0.0031891,-0.0036926,-0.0016632
-0.0017395,-0.0043945,-0.0063019,-0.0032959,-0.0030212,-0.0013733
-0.0016479,-0.0038757,-0.005249,-0.0018616,-0.0034485,-0.0024567
-0.0029297,-0.0042877,-0.0049133,-0.0028534,-0.003067,-0.0023499
-0.0037994,-0.0052185,-0.0066223,-0.0036774,-0.0031281,-0.0024872
-0.0040131,-0.0065613,-0.0073547,-0.0027618,-0.0045166,-0.0033569
-0.0046997,-0.0089111,-0.0082855,-0.0034332,-0.0050812,-0.0037689
-0.005661,-0.0089874,-0.0092621,-0.0046082,-0.0057831,-0.003891
-0.0055847,-0.0077209,-0.008667,-0.0050659,-0.0062561,-0.0035095
-0.0056458,-0.0073395,-0.0084686,-0.004715,-0.0052032,-0.0045624
-0.0063477,-0.0071869,-0.0074768,-0.0028076,-0.004715,-0.006546
-0.0066071,-0.0070801,-0.0064392,-0.0014191,-0.0050812,-0.0063629
-0.0070801,-0.0070496,-0.0068054,-0.0022125,-0.0052032,-0.0056305
-0.0074005,-0.0072632,-0.0066833,-0.0027924,-0.0050354,-0.0057526
-0.0076294,-0.0058746,-0.0052032,-0.0015564,-0.0047913,-0.0056915
-0.0072327,-0.0038147,-0.0032959,-0.00093079,-0.006485,-0.0059204
-0.0044708,-0.0031586,-0.0027313,-0.0019531,-0.0069885,-0.0063477
-0.0019531,-0.0019379,-0.003006,-0.0019531,-0.0057678,-0.006012
-0.001236,-0.00054932,-0.0020142,-0.0007782,-0.0065155,-0.0044708
-0.00038147,0.0004425,-0.00067139,-0.00062561,-0.005722,-0.0043335
-0.001358,0.0016937,-0.00080872,-7.6294e-05,-0.0036774,-0.0058899
-0.0035248,0.0014191,0.00013733,0.0021362,-0.0026855,-0.0047913
-0.0027618,-0.00019836,0.0016327,0.0032501,-0.00071716,-0.0028229
-0.0016327,-0.00033569,0.0012512,0.0031738,6.1035e-05,-0.002243
-0.0012512,0.00039673,0.001709,0.0037079,-0.0007019,-0.00083923
-0.00041199,-0.00010681,0.0024414,0.0038147,-0.00079346,-0.00056458
-0.00042725,-0.00064087,0.001358,0.002655,-0.0010681,-0.0011292
-0.0013885,-0.0010834,-0.00036621,0.0012665,-0.0012817,-0.0010223
-0.0023346,-0.0016479,-0.00177,0.00057983,-0.0017853,-0.0021515
-0.0020447,-0.0016785,-0.0022888,0.00021362,-0.0018158,-0.0020599
-0.0019531,-0.0015411,-0.0018921,0.00091553,-0.00018311,-0.00019836
-0.001297,-0.0010223,-0.00022888,0.0033417,0.00093079,0.00076294
0.00083923,-0.00022888,0.0025787,0.0058746,0.0024414,0.00079346
0.0011292,0.0016174,0.0049744,0.0082855,0.0055847,0.0013428
0.001709,0.0038452,0.0069275,0.010498,0.0072937,0.0033722
0.0039978,0.0049591,0.0081024,0.010574,0.0079498,0.0052643
0.0048828,0.0056305,0.0079651,0.0094299,0.0090179,0.0061035
0.0056152,0.0053101,0.0074768,0.0088806,0.0087738,0.0064545
0.0067139,0.0051575,0.0072479,0.0084534,0.0082397,0.0076904
0.0065308,0.0057373,0.0072327,0.0088348,0.009079,0.0081329
0.0054321,0.0051727,0.0074768,0.010284,0.0093231,0.0068512
0.0037994,0.0045776,0.0081329,0.010086,0.0087585,0.0058441
0.0027771,0.0049896,0.0071564,0.0082855,0.0086365,0.0036469
0.0027618,0.0054016,0.0063477,0.0074005,0.0076904,0.0033722
0.0035095,0.0053101,0.0074615,0.0061951,0.0067139,0.0051117
0.0043182,0.004776,0.0072632,0.0052032,0.0059357,0.0042572
0.0038452,0.0035858,0.0062256,0.0055695,0.0044098,0.0036926
0.0028839,0.0027618,0.0043335,0.0042114,0.0041046,0.0037537
0.0029144,0.0030518,0.0027618,0.0021515,0.0045624,0.0038757
0.003479,0.0021973,0.0023499,0.0014191,0.0043793,0.0045166
0.0036469,0.0013123,0.00071716,0.0007782,0.0040588,0.004303
0.0035248,0.0014038,0.00076294,0.00074768,0.0040283,0.0043945
0.0035095,0.0013275,0.0021973,0.0019836,0.0036011,0.0049286
0.003479,0.0029144,0.0033264,0.0032349,0.0038452,0.0052185
0.0036926,0.0045013,0.0051575,0.0029144,0.0062103,0.0054932
0.005188,0.0053253,0.0052948,0.0030975,0.0071106,0.0058746
0.007431,0.0059967,0.0053711,0.004776,0.0061646,0.0068359
0.0082397,0.0068359,0.0077515,0.0051575,0.006546,0.0080566
0.0086975,0.0099487,0.0091705,0.0051422,0.0072174,0.0080566
0.010681,0.011566,0.0099182,0.0054169,0.0075378,0.0079803
0.011719,0.01181,0.010803,0.006073,0.0084686,0.00914
0.010361,0.011993,0.010361,0.0070496,0.0092468,0.01001
0.0089264,0.0097809,0.010132,0.0062561,0.008728,0.00914
0.0089111,0.0083313,0.009903,0.0059204,0.0071411,0.0068817
0.0083923,0.0079651,0.0088501,0.0061646,0.0059967,0.005722
0.0063171,0.0075531,0.0081177,0.004837,0.0053864,0.0056152
0.0055237,0.0065308,0.0071411,0.0028534,0.0052338,0.005722
0.0061951,0.0052643,0.0051422,0.00013733,0.0056763,0.0061646
0.0072784,0.0062256,0.0036621,-0.00033569,0.0048218,0.0063477
0.0085297,0.0068359,0.0046234,0.0014191,0.0039215,0.0066681
0.0075378,0.0057831,0.0051422,0.001297,0.0039825,0.0056458
0.004715,0.004364,0.0042267,0.00091553,0.0036316,0.0038452
0.0025177,0.0027924,0.0039368,0.00071716,0.0028076,0.0033417
0.0010681,0.0014648,0.0014191,-0.0014191,0.0013123,0.0013733
0.00041199,-9.1553e-05,-0.0016327,-0.0032501,-0.00038147,-0.00039673
0.0013428,-0.00057983,-0.00097656,-0.0031433,-0.0012665,0.0010223
0.0019836,0.00028992,0.00036621,-0.002594,-0.00067139,0.0011292
0.0019684,0.00042725,0.00042725,-0.0019531,0.00054932,0.00074768
0.0021667,0.0010223,0.00062561,-0.0010376,0.002121,0.0024414
0.0017395,0.0022583,0.0011597,-0.00033569,0.002533,0.0019684
0.0020142,0.0016632,0.0012207,-0.00088501,0.0005188,0.0019989
0.0036011,0.0013885,0.00093079,-0.0020142,0.00073242,0.003891
0.0042877,0.0027466,0.00088501,-0.0023041,0.0010834,0.0021362
0.0031891,0.0031586,0.0012207,-0.0022278,-0.0016022,0.00068665
0.0017395,0.0019989,0.0012054,-0.002594,-0.0010529,0.00067139
1.5259e-05,-3.0518e-05,-0.001236,-0.002594,0.00082397,-0.00045776
-0.0014496,-0.0020447,-0.0029907,-0.0021667,0.00067139,0.00056458
-0.0016022,-0.0026703,-0.0024567,-0.002533,0.0013885,0.00050354
-0.0016479,-0.002655,-0.0025024,-0.0028839,0.001236,-0.00050354
-0.0014801,-0.0029602,-0.0025482,-0.0031281,0.00083923,0.00035095
-0.00085449,-0.0021362,-0.0035095,-0.0029907,0.00010681,-0.00027466
-0.00074768,-0.0014954,-0.0040894,-0.003418,-0.0020294,-0.0013428
-0.00053406,-0.0016022,-0.0032654,-0.0051422,-0.0026093,-0.001358
-0.00039673,-0.0011444,-0.0041504,-0.0053864,-0.0019836,-0.0016174
-0.0015259,-0.0020447,-0.0048218,-0.0054779,-0.0020752,-0.0018005
-0.0026703,-0.0034027,-0.0052795,-0.0057068,-0.002655,-0.0012512
-0.0031586,-0.0034485,-0.0055847,-0.0047913,-0.0020142,-0.0015717
-0.0030212,-0.0028076,-0.00383,-0.0037842,-0.0013123,-0.0027313
-0.0015259,-0.0019226,-0.0033875,-0.0031433,-0.0017853,-0.002121
-0.00042725,-0.0025177,-0.0035095,-0.0032654,-0.0016327,-0.00041199
-0.00038147,-0.0041504,-0.0023041,-0.0029144,-0.0016022,0.00091553
-0.00061035,-0.0034485,-0.0018921,-0.0018311,-0.0012512,0.0016632
-0.00059509,-0.001297,-0.0016022,-0.00080872,0.0007782,0.00045776
0.00033569,0.00068665,6.1035e-05,0.00093079,0.0016632,-0.00088501
0.00016785,0.0019989,0.0019836,0.0016632,0.00032043,-0.00039673
-0.00059509,0.00024414,0.0021362,0.0010223,-0.00074768,-0.00016785
-0.00032043,-0.00032043,0.0012512,0.0018158,-0.00042725,-0.00050354
-0.00090027,0.001297,0.0014343,0.0018616,0.0002594,-0.0011902
-0.0019684,0.00097656,0.002182,0.00080872,-0.00048828,-0.0020905
-0.0021515,0.0014801,0.0029449,0.00083923,-0.0019226,-0.0019073
-0.0021362,0.0015259,0.0036469,0.00018311,-0.0016022,-0.0021667
-0.001297,0.00039673,0.0020142,-0.00039673,-0.00032043,-0.0028076
-0.00038147,0.00039673,-0.00059509,-0.00033569,-0.0010986,-0.00091553
-0.00042725,-0.0010834,-0.0010834,-0.0014191,-0.0031738,0.00079346
-0.00035095,-0.0025787,-0.0019531,-0.0027161,-0.002655,-0.00054932
-0.0022278,-0.0026245,-0.0040131,-0.0031128,-0.0019531,-0.0033112
-0.0049896,-0.0036469,-0.0049286,-0.0039215,-0.0034943,-0.0058441
-0.0060577,-0.0052795,-0.0058289,-0.0054016,-0.0056305,-0.0069122
-0.0077057,-0.0072784,-0.0078125,-0.0068054,-0.0077362,-0.0071716
-0.008728,-0.0092621,-0.0093842,-0.0080109,-0.0087433,-0.0076141
-0.0084686,-0.0092468,-0.0097504,-0.0081177,-0.0087128,-0.0078735
-0.0089722,-0.0088501,-0.0084686,-0.0077972,-0.0076447,-0.0083923
-0.0088654,-0.0088501,-0.0074158,-0.006485,-0.0070496,-0.0087433
-0.0086975,-0.0080109,-0.0073395,-0.0044708,-0.0071716,-0.00737
-0.008606,-0.0075836,-0.0061188,-0.0041962,-0.0059967,-0.0063629
-0.0066986,-0.0071869,-0.0062103,-0.0041199,-0.0056305,-0.0069122
-0.0057678,-0.006485,-0.0080719,-0.0042725,-0.0055847,-0.0067291
-0.0065308,-0.0061188,-0.0073853,-0.0041809,-0.0046997,-0.0064392
-0.0065765,-0.0057373,-0.0049286,-0.0026703,-0.0058289,-0.0066986
-0.0063782,-0.005188,-0.003952,-0.002594,-0.0069733,-0.0068817
-0.0065308,-0.0045624,-0.0039673,-0.0030975,-0.0060272,-0.0063782
-0.0055695,-0.0045013,-0.0038147,-0.0022888,-0.0052795,-0.0042114
-0.0028381,-0.0036469,-0.003891,-0.0020142,-0.0029602,-0.0031738
-0.0017242,-0.0019379,-0.0036163,-0.0019684,-0.0015106,-0.0041046
-0.0029907,-0.0018463,-0.0020447,-0.0010529,-0.0044708,-0.0036469
-0.0034943,-0.0029907,-0.0019073,-0.0015259,-0.0054779,-0.0031738
-0.0037231,-0.0043945,-0.0046997,-0.0030823,-0.0043793,-0.0046387
-0.0050812,-0.0052185,-0.0055847,-0.0027313,-0.0039368,-0.0053711
-0.0063019,-0.0059204,-0.0050201,-0.0025635,-0.0029297,-0.0050812
-0.0063782,-0.0070038,-0.0054474,-0.0026703,-0.0041809,-0.0056763
-0.0064392,-0.006485,-0.0051422,-0.0023041,-0.0062408,-0.0062561
-0.0064087,-0.0053711,-0.0048981,-0.0033112,-0.0060577,-0.005661
-0.0046844,-0.0046234,-0.0041199,-0.0022125,-0.0048065,-0.0041809
-0.0023804,-0.0028992,-0.0023956,0.00080872,-0.0025787,-0.0032501
-0.0016327,-0.00054932,0.00038147,0.0028381,4.5776e-05,-0.0020905
-0.0012054,0.0011902,0.00354,0.0049591,0.0015717,1.5259e-05
6.1035e-05,0.0025024,0.004364,0.0059204,0.0018158,0.0011597
0.001709,0.0039368,0.0049438,0.0054474,0.0020294,0.0020752
0.004837,0.0048218,0.0054321,0.0052032,0.0027313,0.0031433
0.0071106,0.0065613,0.0059204,0.0057678,0.0035706,0.0034027
0.0071716,0.0086823,0.0079651,0.0065613,0.0041504,0.0037231
0.0066528,0.0080719,0.0079956,0.0067902,0.0053406,0.0051727
0.0054932,0.0068665,0.007309,0.0071411,0.0074463,0.0072021
0.0063477,0.0066071,0.0091858,0.008255,0.0088806,0.0076294
0.007782,0.0068207,0.011322,0.009964,0.0099945,0.007843
0.0072479,0.008316,0.012024,0.011368,0.011353,0.0087585
0.0080566,0.0088806,0.010681,0.010742,0.011887,0.0093231
0.010544,0.0084076,0.0086212,0.0083771,0.011597,0.010941
0.01181,0.0080566,0.0074615,0.0071716,0.011276,0.011307
0.0094604,0.0075684,0.0071106,0.0072632,0.010315,0.0093231
0.0057373,0.0066986,0.0073547,0.0066833,0.0085297,0.0070801
0.0044708,0.0040283,0.0056305,0.0044708,0.0067291,0.0047302
0.0040131,0.0023651,0.0021667,0.0015259,0.0043488,0.0039215
0.0027161,0.0022278,0.0010681,0.00033569,0.0025482,0.0029602
0.0010376,0.00073242,0.00099182,0.00015259,0.002121,0.0012054
-0.00053406,-0.00062561,-0.00038147,-0.0010986,0.00090027,0.00065613
-0.0019684,-0.0014343,-0.0014801,-0.0025787,-0.0005188,-0.0018463
-0.0027008,-0.0023651,-0.0023804,-0.0028381,-0.0018005,-0.0034637
-0.0018616,-0.0033875,-0.0023956,-0.0024872,-0.0031433,-0.002121
-0.0014191,-0.0035553,-0.0022125,-0.0024414,-0.0032501,-0.0024414
-0.0015869,-0.0011139,-0.002243,-0.0019379,-0.0014954,-0.0025482
-0.0011749,0.00093079,0.00015259,-0.00090027,-9.1553e-05,-0.0018463
-0.00010681,0.0012817,0.0023346,0.00041199,-0.00082397,-0.0014648
0.0014343,0.003067,0.0036469,0.0011902,-7.6294e-05,-0.00073242
0.0022278,0.0042572,0.0045166,0.0016022,0.0012665,-0.00039673
0.0024567,0.0042725,0.0044556,0.0024414,0.0011444,0.00021362
0.0028534,0.005249,0.0055695,0.0031128,0.0020905,0.0010681
0.003479,0.0046997,0.0057373,0.0033875,0.0028229,0.0014954
0.0032501,0.0041809,0.0042572,0.0027771,0.003006,0.0014954
0.0020294,0.0040436,0.0036163,0.0018005,0.0024567,0.0019379
0.0025482,0.0026093,0.003067,0.00079346,0.0012054,0.0026245
0.0035553,0.0028534,0.0020752,-9.1553e-05,0.001358,0.0027313
0.0032043,0.0028992,0.0022125,-0.00036621,0.0015259,0.0030518
0.0033264,0.0026855,0.0023956,-0.00094604,0.0018311,0.0031281
0.0040436,0.0038452,0.0018311,-0.00059509,0.002243,0.0026703
0.0046692,0.0038757,0.0018463,-7.6294e-05,0.0019684,0.003067
0.0046844,0.0038757,0.0016937,-0.00028992,0.0015106,0.0036163
0.0039825,0.00354,0.0019989,0.00062561,0.00099182,0.0037842
0.0036469,0.002182,0.0030365,0.00056458,0.0022736,0.0037079
0.0029907,0.0026703,0.0025635,-4.5776e-05,0.0028687,0.0027618
0.0013123,0.0030212,0.0014648,6.1035e-05,0.0015106,0.001709
0.0011139,0.0016327,0.0017395,-0.00015259,0.00064087,0.00053406
0.0014191,0.00090027,0.0017242,0.0002594,-0.00090027,-0.00061035
-0.00024414,-0.00045776,0.00093079,3.0518e-05,-0.0018005,-0.00061035
-0.0012207,-0.0022278,0.00036621,-0.00086975,-0.001358,0
-0.00065613,-0.0012512,-0.00021362,-0.0014191,-0.00057983,0.0010071
0.0015411,0.0010834,0.00065613,-0.001236,0.0022125,0.003067
0.0045166,0.0023956,0.0016174,0.0011749,0.0056305,0.0050507
0.0061188,0.0044861,0.0016785,0.0040894,0.0071716,0.0068359
0.0084991,0.006546,0.0042114,0.006012,0.0081329,0.0093231
0.0099335,0.0068817,0.0069122,0.0062561,0.0097351,0.010071
0.0089874,0.0072021,0.0072174,0.0053406,0.010025,0.0093689
0.0086365,0.0074615,0.0070801,0.0049438,0.0083771,0.0086365
0.0084076,0.0077209,0.0057526,0.0032196,0.0069275,0.0073853
0.0072479,0.0071411,0.0044403,0.0018768,0.005661,0.0065765
0.0049438,0.0055847,0.0049438,0.0023346,0.0039673,0.004425
0.0031586,0.0043488,0.0045319,0.0016632,0.0028992,0.0016785
0.0027924,0.0023956,0.0019989,-0.00032043,0.0021973,0.0017548
0.0018768,0.0005188,9.1553e-05,-0.0017242,0.0013428,0.0023346
0.0011597,0.00047302,0.00041199,-0.0017853,0.00021362,0.00177
0.00030518,0.0011749,0.00068665,-0.002243,-0.00088501,0.00042725
-0.0007782,1.5259e-05,-0.00012207,-0.0030212,-0.0011139,-0.0011597
-0.00073242,-0.0012207,-0.001236,-0.0035553,-0.0017395,-0.0012207
-0.00059509,-0.0011597,-0.0032959,-0.005249,-0.0030212,-0.0020752
-0.0012054,-0.0012817,-0.0043488,-0.0061798,-0.0041199,-0.0041656
-0.0027618,-0.0018768,-0.0029449,-0.0049286,-0.0053101,-0.0041351
-0.0050507,-0.003479,-0.0026093,-0.0035553,-0.005188,-0.0042725
-0.0069427,-0.0047302,-0.0033112,-0.002533,-0.0032349,-0.005127
-0.0057373,-0.0050201,-0.0016174,-0.0018616,-0.0016174,-0.0041046
-0.0038147,-0.003479,-0.001236,-0.0018158,-0.0012817,-0.0040588
-0.0052185,-0.00053406,-0.0023193,-0.001236,-0.0021515,-0.0055237
-0.0056152,-0.00064087,-0.00021362,-0.0013885,-0.0036011,-0.0052185
-0.0050201,-0.002533,-0.00045776,-0.0025177,-0.0043335,-0.0050964
-0.005661,-0.0038757,-0.0028839,-0.002243,-0.0045624,-0.0060577
-0.0048828,-0.005722,-0.0031586,-0.0031433,-0.0048676,-0.0059662
-0.0048523,-0.0062103,-0.0053101,-0.0060272,-0.0059662,-0.0056152
-0.007019,-0.0066528,-0.0077057,-0.0072479,-0.0072479,-0.0054169
-0.0085297,-0.0086365,-0.0090485,-0.0082703,-0.0072174,-0.0063629
-0.0077362,-0.0095673,-0.011429,-0.0095215,-0.0075073,-0.0077515
-0.0068817,-0.01004,-0.01236,-0.0090942,-0.0089722,-0.0075531
-0.0076447,-0.011017,-0.012466,-0.0090637,-0.0098114,-0.0070038
-0.0091095,-0.011642,-0.012695,-0.0091248,-0.010101,-0.0076141
-0.010483,-0.01207,-0.011292,-0.008194,-0.0099182,-0.0090179
-0.01001,-0.011749,-0.010986,-0.0073395,-0.0075226,-0.0092926
-0.0091248,-0.010452,-0.010712,-0.0058136,-0.0062256,-0.008606
-0.0085144,-0.0089874,-0.0064087,-0.0038147,-0.0082092,-0.0082092
-0.0081329,-0.0070038,-0.0037842,-0.0028076,-0.0081635,-0.0085297
-0.0087738,-0.0049591,-0.0047455,-0.0022125,-0.0065002,-0.0094604
-0.0080109,-0.0038452,-0.0033875,-0.0018921,-0.0062561,-0.0078888
-0.0051575,-0.0027313,-0.0011444,-0.0017548,-0.004837,-0.0045929
-0.0019989,-0.0016479,-0.00091553,-0.00054932,-0.002533,-0.0023193
-0.0009613,-0.00082397,-0.0009613,-4.5776e-05,-0.0013123,-0.00054932
-0.0017853,0.00033569,-0.00053406,0.00024414,-0.00038147,-0.00056458
-0.0020447,0.00035095,-0.00071716,0.0016022,-0.00028992,-0.0023041
-0.0016022,-0.0021515,-0.0020599,0.0014496,-0.0020142,-0.0020905
-0.0013885,-0.0036926,-0.0028992,-0.00030518,-0.0029449,0.00015259
-0.00068665,-0.0018616,-0.0019531,-0.0011597,-0.0018921,0.0014648
0.0011139,-0.00030518,-0.0016327,-4.5776e-05,-0.00061035,0.0019379
0.002121,0.0007019,-0.0011902,0.0012665,0.00097656,0.0016327
0.0024872,0.0014038,0.00059509,0.0020905,0.0018768,0.0016022
0.0020447,0.00021362,0.0002594,0.0027008,0.0021362,0.0029144
0.0012512,0.00010681,3.0518e-05,0.0028992,0.0028534,0.0036316
0.0022125,0.00028992,0.00071716,0.0029449,0.0025787,0.00354
0.0020142,-0.0011749,-0.00094604,0.0018005,0.0021362,0.0026093
0.00032043,-0.0010681,-0.0019073,0.00045776,0.0020294,0.0024261
0.00013733,-0.0012054,-0.0014954,0.00056458,0.0016785,0.0027771
0.00024414,-0.0019531,-0.00177,0.00050354,0.0018005,0.0009613
-0.00045776,-0.00032043,-0.0014191,0.00036621,0.00090027,1.5259e-05
-0.00042725,-0.00050354,-0.00094604,0.0002594,-0.0011444,-0.00053406
-0.0013885,-0.0019379,-0.0012207,0.00030518,-0.0022583,-0.0032959
-0.0045471,-0.0019684,-0.00076294,0.00015259,-0.0034332,-0.0056305
-0.0068512,-0.0033112,-0.0010681,-0.0010376,-0.0053711,-0.0076141
-0.0074463,-0.0038605,-0.0023346,-0.0015564,-0.0063477,-0.0084686
-0.006012,-0.0029449,-0.0015717,-0.0026245,-0.0062103,-0.006134
-0.0037994,-0.0029449,-0.0002594,-0.0019989,-0.0055847,-0.0040131
-0.0019073,-0.0022278,-0.00042725,0.0005188,-0.0042725,-0.0027008
0.00074768,-0.00048828,-0.0007019,0.00061035,-0.0020905,-0.00050354
0.0019226,0.0012054,0.00028992,0.0012512,1.5259e-05,0.0005188
0.001358,0.0028687,0.0020905,0.0027618,0.0014801,0.00036621
0.0019836,0.0038757,0.0036621,0.0035858,0.0028687,0.00061035
0.0031891,0.005127,0.0048828,0.0051727,0.0026245,0.0015259
0.0032654,0.0054626,0.0069733,0.0071106,0.0028839,0.0019989
0.0037689,0.0054016,0.0097504,0.0088806,0.0053558,0.0023346
0.0047607,0.0077057,0.010208,0.0097198,0.0062714,0.0047607
0.0063171,0.0088959,0.009201,0.0087433,0.0074158,0.0073547
0.0092773,0.0090179,0.0091705,0.0070343,0.0091553,0.0080872
0.009964,0.010422,0.0092926,0.0070343,0.008255,0.0092773
0.0087738,0.010345,0.0095978,0.0073547,0.0075684,0.0099182
0.0090332,0.0091705,0.0086975,0.0059204,0.0088959,0.0087585
0.0086975,0.0077362,0.006424,0.0059357,0.0092773,0.0087891
0.0070343,0.0054474,0.0054169,0.0062866,0.0079193,0.0085602
0.0055237,0.0034485,0.00354,0.003479,0.0066223,0.0072784
0.0041809,0.0011139,0.00033569,0.001358,0.0046234,0.0053253
0.0018158,-0.00080872,-0.00068665,0.00036621,0.0011597,0.00079346
-0.0014343,-0.00094604,-0.0011444,-0.0018463,-0.0018005,-0.0026245
-0.0032196,-0.0015564,-0.0036011,-0.0048218,-0.00354,-0.0038605
-0.0046234,-0.00354,-0.0056915,-0.0081024,-0.0052338,-0.0051117
-0.0065002,-0.0051422,-0.0065155,-0.0089111,-0.0078125,-0.0056915
-0.0072937,-0.0065155,-0.0074615,-0.0079193,-0.010284,-0.0075226
-0.0083466,-0.0088654,-0.0087128,-0.0089111,-0.01123,-0.01004
-0.0097046,-0.010941,-0.010712,-0.01088,-0.01181,-0.010574
-0.0095978,-0.0098572,-0.012085,-0.011841,-0.012238,-0.010208
-0.0080261,-0.0068359,-0.011642,-0.011307,-0.011215,-0.0091095
-0.0059204,-0.0064545,-0.0094604,-0.0091248,-0.0099945,-0.0070038
-0.004425,-0.0069733,-0.0068207,-0.0070648,-0.0078278,-0.0052185
-0.0037689,-0.0051117,-0.0069885,-0.0054626,-0.0042572,-0.0037842
-0.0032501,-0.0032196,-0.0071259,-0.0031433,-0.002182,-0.0016174
-0.0014954,-0.0025635,-0.0039368,-0.0017395,-0.0014496,-0.00071716
-0.00064087,-0.001236,-0.0020294,-0.00085449,-0.0025482,-0.0024567
-0.0020294,-0.00032043,-0.00177,-0.00027466,-0.0040588,-0.0032349
-0.0022736,-0.0016937,-0.0012817,-0.00094604,-0.0023804,-0.0027771
-0.0027924,-0.0026093,-0.0011597,-0.00071716,-0.00053406,-0.001709
-0.0041504,-0.0021515,-0.00030518,0.00088501,-0.00022888,-0.00090027
-0.0037079,-0.00088501,-0.00038147,0.0020294,-0.00053406,-0.0026855
-0.0023193,0.0002594,-0.00057983,0.0014648,-0.0018463,-0.0030975
-0.00059509,-0.00074768,0.00032043,0.00010681,-0.0020752,-0.0016174
0,-0.0015259,-0.00059509,0.00030518,-0.0016327,-0.0014648
-0.0011597,-0.0010834,-0.0016479,0.00042725,-0.0022736,-0.0012817
-0.0014954,-0.0016479,-0.0021362,-0.00065613,-0.0023193,-0.00032043
-0.0011902,-0.0019226,-0.0037384,-0.0014343,-0.0013885,-0.00041199
-0.0017395,-0.00015259,-0.0034637,-0.0018463,-0.0010834,-0.0018921
-0.0023956,9.1553e-05,-0.0013275,-0.0009613,-0.0016479,-0.0019836
-0.0019531,-0.0026245,-0.0013123,-0.00041199,-0.0011597,-7.6294e-05
-0.0014191,-0.0041199,-0.0031433,-0.00071716,0.00010681,0.0012817
-0.0018311,-0.00383,-0.0047455,-0.00030518,0.00073242,0.00018311
-0.0030212,-0.0040283,-0.0049438,-0.00018311,0.0007782,-0.0018311
-0.0049438,-0.0050964,-0.0045319,-0.00061035,-0.00097656,-0.0023956
-0.0046997,-0.0067291,-0.0054932,-0.0018158,-0.0026093,-0.0014343
-0.0033264,-0.0068054,-0.0055389,-0.0018005,-0.0014801,-0.00018311
-0.0045471,-0.0039368,-0.0035248,0.00041199,-4.5776e-05,-0.0007782
-0.0046844,-0.0024109,-0.001358,0.0024414,0.0013275,-0.0010986
-0.0019226,-0.0025177,-0.00028992,0.0036774,0.0035248,0.00091553
0.00022888,-0.00079346,-0.00028992,0.0045166,0.0046387,0.0016632
0.00071716,-3.0518e-05,0.0013885,0.0057068,0.0044403,0.0024109
0.0017548,-0.00013733,0.0033875,0.0062256,0.004303,0.0046082
0.0027771,0.0014954,0.0029297,0.0056152,0.0048218,0.0030823
0.0012817,0.0035248,0.0035248,0.0055695,0.0035095,-0.00068665
0.00053406,0.004303,0.0063019,0.0050507,0.00062561,-0.0011902
0.0023804,0.003479,0.0064392,0.0040131,0.00013733,0.00027466
0.0028534,0.0040894,0.0052643,0.0042267,0.0009613,0.0017395
0.0031891,0.0064392,0.0067139,0.0048828,0.0026245,0.0034027
0.0058289,0.0074158,0.0064545,0.0050964,0.0056305,0.0039825
0.0078278,0.0081787,0.0055237,0.0055847,0.0064545,0.0048523
0.0089111,0.0084229,0.0077667,0.0057373,0.0056305,0.0074005
0.0098419,0.0078888,0.0070801,0.0047913,0.0059204,0.0087433
0.0099335,0.0088501,0.0052643,0.0041351,0.0065155,0.0088043
0.0093994,0.0094147,0.0073853,0.0046234,0.0067596,0.0080872
0.0080414,0.0088654,0.0089264,0.0060577,0.0060883,0.0067596
0.0079193,0.0080414,0.0095673,0.0066986,0.0052948,0.006424
0.008728,0.0074921,0.0092468,0.0067902,0.0065613,0.0069885
0.0079651,0.0082245,0.0072784,0.0069427,0.0084381,0.0079498
0.0071106,0.0074921,0.0066071,0.005127,0.0089722,0.00737
0.0063019,0.0055237,0.0058136,0.0045776,0.0072784,0.0061188
0.0050049,0.0040741,0.0048981,0.00354,0.0045776,0.0059814
0.0032959,0.002121,0.0037994,0.00042725,0.0028992,0.0043488
0.0017548,0.0014648,0.0018616,0.0010834,0.002182,0.0025635
0.0011902,0.0016937,0.0025177,0.0016785,0.0021362,0.001236
0.0013885,0.002121,0.0038757,0.00061035,0.0015259,-0.00033569
0.0015106,0.0030823,0.0032654,0.0011597,0.0014038,0.0007782
0.0017853,0.0028381,0.003418,0.00093079,0.0024109,0.0027924
0.0039063,0.0030823,0.003891,0.0016174,0.0038147,0.0039825
0.0050507,0.0048981,0.0054626,0.003952,0.005722,0.0049744
0.0054169,0.0069122,0.0084534,0.005127,0.0071564,0.0055542
0.0062103,0.0073547,0.0082855,0.0061188,0.0085297,0.0060883
0.0057831,0.0061493,0.0071106,0.006485,0.0083771,0.0061188
0.0067596,0.0065308,0.0087433,0.0063171,0.0070038,0.0063782
0.0077057,0.0083618,0.0099792,0.0072632,0.0070801,0.0068054
0.0081787,0.0093842,0.010071,0.0073395,0.0086365,0.0079651
0.009613,0.0096741,0.010742,0.0067902,0.010925,0.0096436
0.0096893,0.010818,0.011139,0.007309,0.012161,0.010483
0.009903,0.011459,0.011169,0.0075989,0.012772,0.011032
0.01091,0.0103,0.010452,0.0067444,0.012466,0.010757
0.009964,0.010529,0.0095978,0.005722,0.010132,0.0098114
0.0079346,0.010773,0.0096283,0.0050354,0.008316,0.0080566
0.0078278,0.008194,0.008316,0.0032806,0.0079956,0.0070038
0.008255,0.0057068,0.0049591,0.0016632,0.0073242,0.0070801
0.0064392,0.004303,0.0022888,0.00015259,0.0063019,0.0066528
0.0039673,0.0028992,0.00177,-0.0013428,0.0055237,0.0063324
0.0025635,0.0024261,0.0013733,-0.00073242,0.0039673,0.0045471
0.0016785,0.0023956,0.0021057,-0.0011749,0.0028229,0.0019531
0.0010376,0.0018616,0.0034027,-0.0018768,0.0022125,0.00056458
0.00016785,0.0010529,0.0021057,-0.00076294,7.6294e-05,-0.00050354
-0.00091553,-7.6294e-05,0.0010223,-0.0021667,-0.0020905,-0.0013275
-0.0015259,-0.0010223,-0.00022888,-0.0050964,-0.0034485,-0.0018158
-0.0018311,-0.0013428,-0.00177,-0.0063019,-0.004364,-0.0025482
-0.0020294,-0.0011139,-0.0011444,-0.0064697,-0.0043182,-0.0033875
-0.0022736,-4.5776e-05,-0.0010071,-0.005661,-0.0038147,-0.0032196
-0.0023193,0.00018311,-0.0017853,-0.0045624,-0.0024567,-0.0032349
-0.0018463,-0.00050354,-0.0013733,-0.003479,-0.0014496,-0.0029907
-0.0014496,-0.00071716,0.0010071,-0.0018005,-0.0014648,-0.0015717
-0.0015106,-0.00048828,0.0020142,-0.001709,-0.0007019,-0.00042725
0.00013733,0.0011444,0.0007019,-0.002533,0.00048828,0.0012817
0.0032501,0.0023193,0.0005188,-0.0023804,0.001709,0.0030975
0.0045013,0.0025024,-4.5776e-05,-0.0019531,0.0020294,0.00383
0.0042419,0.0029907,0.00067139,-0.00048828,0.0015106,0.0037384
0.0035706,0.0025177,0.0021973,4.5776e-05,0.0024567,0.0027313
0.0029297,0.0013123,-0.00019836,-0.0010681,0.0028687,0.0018768
0.0019073,-9.1553e-05,-0.0021667,-0.0020294,0.0015564,0.0023499
0.00041199,-0.0013428,-0.0029755,-0.0045319,0.00083923,0.0035095
0.00054932,-0.0026398,-0.0042267,-0.0055542,0.00033569,0.0026093
0.00054932,-0.0031891,-0.0040283,-0.00354,-0.00024414,0.00050354
-0.0013275,-0.0028534,-0.004364,-0.0039215,-0.001297,-0.00021362
-0.002243,-0.0031433,-0.0043945,-0.0062408,-0.0034485,-0.0014954
-0.0014954,-0.0027008,-0.0040131,-0.0071869,-0.0050964,-0.0031586
-0.0010529,-0.0022278,-0.0043335,-0.0065308,-0.0058441,-0.0038147
-0.0015411,-0.0028229,-0.0033264,-0.0049744,-0.005722,-0.0043182
-0.0025787,-0.0016937,-0.0020142,-0.0032806,-0.0044861,-0.0045013
-0.0020447,0,-0.0010071,-0.002243,-0.0034943,-0.00354
0.00050354,0.00082397,0.00048828,-0.0022888,-0.0038605,-0.0030518
0.0010834,0.0026703,0.0012054,-0.0020905,-0.0035095,-0.0024872
0.0010071,0.0037231,0.0018311,-0.00088501,-0.00093079,-0.00062561
0.0027618,0.0023193,0.0025024,0.00086975,0.0012512,0.00027466
0.0032959,0.0027924,0.0029297,0.0022278,0.0017548,0.0017242
0.0034637,0.0051727,0.0042572,0.003006,0.003067,0.0030823
0.0036163,0.0050201,0.0048523,0.0049744,0.0051422,0.0020447
0.0019684,0.0038605,0.0052795,0.0056915,0.0055084,0.0020905
0.0010986,0.0016327,0.0048523,0.0031128,0.005127,0.0028992
0.0019226,-9.1553e-05,0.0010834,0.00085449,0.0053101,0.0021667
0.0019226,0.0011597,-0.0010681,0.00010681,0.0039825,0.002182
0.0013885,-0.00024414,-0.00073242,-0.00061035,0.001709,0.002594
0.0011139,-0.0022125,-0.0013275,-0.0010071,0.0019073,0.0016937
-0.00050354,-0.0012512,0.00036621,0.00045776,0.0019989,0
-0.0024719,-0.00099182,0.0032959,0.0025787,-3.0518e-05,-0.0011902
-0.0013123,-0.00099182,0.0025635,0.0015717,-0.00047302,-0.0011139
0.0014038,4.5776e-05,7.6294e-05,-0.0016174,-0.00013733,-0.00047302
0.0017242,0.0018005,-0.0010223,-0.0024109,-0.00042725,-0.00036621
0.00045776,0.0010681,-0.00039673,-0.00097656,0.00013733,-0.00042725
-6.1035e-05,-0.0018463,-1.5259e-05,-0.0005188,0.00082397,0.0016785
0.00013733,-0.0015869,-0.00056458,-0.00090027,0.0012665,0.0022583
-4.5776e-05,0.00073242,0.0011749,-0.00018311,0.0015411,0
-0.00012207,0.0021973,0.0041962,0.0017395,0.0014954,0.00068665
0.0011749,0.0036316,0.004364,0.0020599,0.0021057,0.0019226
0.0034027,0.0053558,0.0027771,0.0010834,0.0038605,0.0030212
0.0056458,0.006073,0.0033875,0.0021057,0.0049133,0.0046997
0.0059967,0.0058289,0.0052185,0.003006,0.0047913,0.0047913
0.0045776,0.0047455,0.0045776,0.0022278,0.0042114,0.0054932
0.0042725,0.0031891,0.00354,0.001297,0.0030365,0.0039063
0.0027924,0.0034943,0.0034027,-1.5259e-05,0.00093079,0.00064087
1.5259e-05,0.0028992,0.0017548,-0.0011292,-0.00012207,0.00024414
0.00054932,0.0011139,-0.00054932,-0.00097656,0.0014191,0.00042725
0.0020142,0.0012665,-0.00039673,4.5776e-05,0.0021515,0.0016632
0.0020905,0.00065613,0.0013428,0.00042725,0.0023956,0.003479
0.0021667,-0.00068665,0.0012817,0.00088501,0.0033264,0.0037537
0.0018616,3.0518e-05,0.00099182,0.0018005,0.0042877,0.0041962
0.0025024,0.0018463,0.0017548,0.0023041,0.0062256,0.0045013
0.003891,0.0025024,0.0022278,0.0036316,0.006134,0.0041962
0.0033417,0.0031281,0.0036621,0.0039825,0.0053406,0.003891
0.0028076,0.0044708,0.005188,0.0027008,0.006073,0.0034027
0.0033569,0.0035706,0.0049286,0.0020599,0.0055237,0.0034332
0.0025482,0.0029602,0.0039978,0.0022583,0.0040741,0.0039978
0.0025787,0.0038452,0.0034485,0.0024261,0.0040283,0.0043182
0.0045013,0.0031128,0.0038147,0.0016785,0.0053558,0.004425
0.0045013,0.0034332,0.0044861,0.0017242,0.0047913,0.0040131
0.0033875,0.0043335,0.0046234,0.0025024,0.0037689,0.0027466
0.0030212,0.0035706,0.0039063,0.0020447,0.0040283,0.0021667
0.0022278,0.0037689,0.0033417,0.00177,0.0032501,0.002594
0.0017853,0.0040131,0.0043488,0.0019836,0.0019073,0.0013885
0.0010071,0.0029449,0.0040436,0.00090027,0.0010376,-0.00047302
-0.00032043,0.0015869,0.0015411,-0.0012207,0.0016479,-0.00080872
-0.0010529,-0.00097656,-0.00099182,-0.0027466,0.0012512,-0.00068665
-0.002243,-0.0033264,-0.0023651,-0.0032959,-0.0013733,-0.0009613
-0.0027313,-0.0037231,-0.0029449,-0.0037079,-0.0027924,-0.0028534
-0.0030365,-0.0038605,-0.0041199,-0.0042419,-0.0041046,-0.0043335
-0.0046387,-0.004364,-0.0053406,-0.0057526,-0.0057983,-0.0044708
-0.0055695,-0.0053711,-0.0059662,-0.0078583,-0.0053253,-0.0060577
-0.0057983,-0.0055542,-0.0058441,-0.0077972,-0.0051422,-0.0067444
-0.0062103,-0.0046692,-0.0057068,-0.007019,-0.0067596,-0.0063629
-0.0058289,-0.0050659,-0.0054474,-0.0071106,-0.0063171,-0.0062408
-0.0054626,-0.004776,-0.0046234,-0.0057373,-0.0056458,-0.0060425
-0.0053864,-0.0040588,-0.0041504,-0.0046387,-0.0058594,-0.0059662
-0.0041809,-0.0043335,-0.0034332,-0.0048523,-0.0050354,-0.0047455
-0.0033112,-0.002655,-0.0036316,-0.0047913,-0.005249,-0.0041199
-0.0037842,-0.0017853,-0.004425,-0.0050507,-0.0045929,-0.0044556
-0.0036011,-0.0031586,-0.0037384,-0.0041962,-0.0037384,-0.004715
-0.0042114,-0.0029755,-0.0027771,-0.002182,-0.0052185,-0.0073853
-0.0069885,-0.0037231,-0.0020752,-0.0021667,-0.0066833,-0.0099945
-0.0079498,-0.0060577,-0.0026855,-0.0044708,-0.0074615,-0.0090637
-0.0076904,-0.0062256,-0.0057373,-0.0066223,-0.0077209,-0.0084534
-0.0081635,-0.0062408,-0.0071869,-0.0070801,-0.0085297,-0.0091858
-0.0075989,-0.0065918,-0.0063782,-0.0066681,-0.0096741,-0.0091705
-0.0075378,-0.006424,-0.0067291,-0.0064087,-0.0094452,-0.0094604
-0.0081787,-0.0081482,-0.0074463,-0.0072632,-0.010376,-0.0097351
-0.0084991,-0.0094299,-0.0082703,-0.0087585,-0.011368,-0.0088959
-0.0090942,-0.0099792,-0.010437,-0.0088501,-0.0090027,-0.0082245
-0.0097046,-0.011658,-0.012863,-0.009079,-0.0072479,-0.0086517
-0.010696,-0.012054,-0.013031,-0.00914,-0.0080414,-0.0088043
-0.011459,-0.012299,-0.011963,-0.0080719,-0.0097198,-0.0096588
-0.01268,-0.012787,-0.012253,-0.0094147,-0.013336,-0.012405
-0.014709,-0.013168,-0.013336,-0.011642,-0.015732,-0.014313
-0.015121,-0.01474,-0.015656,-0.012787,-0.015625,-0.014709
-0.015396,-0.015045,-0.018005,-0.01329,-0.015976,-0.015305
-0.016693,-0.015656,-0.017273,-0.011978,-0.015945,-0.01593
-0.01712,-0.017944,-0.016556,-0.011627,-0.016098,-0.0159
-0.016937,-0.017349,-0.017212,-0.012482,-0.016922,-0.015701
-0.016129,-0.016037,-0.016815,-0.012024,-0.0177,-0.015991
-0.014374,-0.016647,-0.016876,-0.011353,-0.017761,-0.01535
-0.012833,-0.015457,-0.016968,-0.010468,-0.015686,-0.013809
-0.010956,-0.011948,-0.01564,-0.0089417,-0.013092,-0.012161
-0.0085602,-0.0088654,-0.013489,-0.007019,-0.010315,-0.0096588
-0.0071869,-0.0071564,-0.010559,-0.0049438,-0.008255,-0.0073242
-0.0061493,-0.0059662,-0.0081177,-0.0040436,-0.0075989,-0.0058441
-0.0046844,-0.005188,-0.0064087,-0.0032043,-0.0067596,-0.0046692
-0.0028381,-0.004837,-0.0056763,-0.0010376,-0.006897,-0.0034027
-0.0013885,-0.0035553,-0.0056458,0.00042725,-0.0059509,-0.0029602
-0.0018616,-0.0018921,-0.0033264,0.001358,-0.003006,-0.002655
-0.0016632,-0.0012207,-0.00076294,0.0025177,-0.0019531,-0.0017853
0,-0.00048828,-0.0016937,0.0027924,-0.0013885,-0.0014343
0.00091553,-3.0518e-05,-0.0032654,0.0028381,0.00061035,0.0007019
0.0020905,-0.0013733,-0.0036469,0.0031433,0.0014801,0.0037994
0.0018158,-0.0023346,-0.0024109,0.0039978,0.0016022,0.0028076
-0.00010681,-0.0022278,-0.00039673,0.0049591,0.00079346,0.00028992
-0.00079346,-0.0019989,-0.001709,0.0041046,-0.001236,-0.00036621
-0.0021362,-0.0020599,-0.0031738,0.00177,-0.0015564,-0.0016022
-0.0039978,-0.0023499,-0.0018616,0.001297,-0.0023956,-0.0027466
-0.004425,-0.0015411,-0.0019836,0.0025177,-0.0044556,-0.0033417
-0.0034943,-0.00177,-0.002121,0.0026245,-0.004303,-0.0043182
-0.0021973,-0.0015259,-4.5776e-05,0.0026703,-0.0025177,-0.0033722
-0.0014801,0.00068665,0.0011292,0.0039368,-0.00083923,-0.0013428
-0.00094604,0.0010376,0.00068665,0.0048828,0.0005188,-0.00067139
-0.00094604,0.0010986,0.00099182,0.0054626,0.0016785,0.00042725
-0.00018311,0.0013733,0.0019989,0.0065002,0.0031738,0.0024567
0.0012054,0.0014954,0.0022125,0.0070038,0.0045624,0.0036011
0.0020752,0.00354,0.00354,0.0076294,0.0057068,0.0045776
0.0048828,0.004837,0.0054474,0.0088654,0.0075378,0.0074005
0.0088959,0.0050507,0.0058441,0.0092163,0.0091858,0.010605
0.010696,0.0063019,0.0063934,0.01001,0.0097809,0.011292
0.010513,0.0080109,0.0076599,0.011276,0.0098572,0.011017
0.011414,0.0098572,0.0087738,0.010117,0.010712,0.011078
0.011917,0.011383,0.0090942,0.0098114,0.011948,0.011856
0.010284,0.011215,0.0097809,0.011703,0.01181,0.012482
0.009903,0.0095367,0.010376,0.011749,0.01149,0.010529
0.010239,0.0090485,0.010269,0.011246,0.011383,0.0093994
0.0088043,0.008316,0.010574,0.01062,0.0103,0.0094299
0.0068665,0.0068512,0.0084991,0.0084229,0.0092163,0.0080872
0.006546,0.0065308,0.0061646,0.0066223,0.0085907,0.0074921
0.0069275,0.0058136,0.0066528,0.0053711,0.0066528,0.0064545
0.0061188,0.0058136,0.0053711,0.0033264,0.0042114,0.0059662
0.006073,0.0054321,0.0030365,0.0015717,0.00383,0.0062103
0.0057678,0.0039063,0.0022278,0.0010223,0.0031128,0.0035706
0.0028381,0.0033264,0.0018463,-0.00036621,0.00086975,0.0010223
7.6294e-05,0.001297,0.001358,-0.0017395,-9.1553e-05,-0.00079346
-0.0024719,-0.0019226,-0.0007782,-0.0013275,-0.00099182,-0.0020752
-0.0048218,-0.0040741,-0.0031586,-0.0022278,-0.0020294,-0.0022125
-0.0046234,-0.0041962,-0.0041962,-0.0040588,-0.0018921,-0.0037231
-0.0037079,-0.0026855,-0.004303,-0.0042267,-0.0028534,-0.0044708
-0.0028992,-0.0022125,-0.0026855,-0.0027313,-0.0037537,-0.00354
-0.0018005,-0.0021667,-0.0009613,-0.00091553,-0.0027924,-0.0033417
-0.0019226,-0.0017548,-0.0020294,-0.00074768,-0.0024567,-0.0033264
-0.0018158,-0.0014801,-0.0027313,-0.00071716,-0.0022888,-0.001297
0.0010223,-0.00035095,-0.0009613,-0.00056458,0.00010681,0.0011749
0.0025635,0.00079346,-0.00010681,-0.00028992,0.0018158,0.0020599
0.0020294,0.00079346,1.5259e-05,0.0014343,0.0014343,0.0024261
0.0028076,0.00086975,0.00021362,0.0019226,0.0021362,0.0024261
0.0018921,0.0015564,0.001358,0.0019073,0.0024261,0.0029144
0.001358,0.0021667,0.0026703,0.0018463,0.0011902,0.0033875
0.0037537,0.0027924,0.0016022,0,0.0014801,0.0026855
0.0041809,0.003479,0.00064087,0.00030518,0.0028992,0.0025177
0.0037842,0.0035248,0.0015564,0.0025635,0.0032349,0.0034027
0.0045166,0.003479,0.003006,0.0032043,0.003479,0.0035706
0.0048676,0.004425,0.0043793,0.0040741,0.0044708,0.0035858
0.0053253,0.0056,0.0055084,0.0046997,0.0042267,0.0045624
0.004715,0.0059204,0.0051422,0.0035095,0.0047455,0.0050964
0.0035858,0.0054016,0.0048676,0.0035095,0.0061951,0.004303
0.0027466,0.0041351,0.0053253,0.0052185,0.0046997,0.0024872
0.0010986,0.0021667,0.0049286,0.005722,0.0032349,0.00068665
-3.0518e-05,0.0014496,0.0055237,0.0049438,0.0039063,-0.00010681
-0.00050354,0.0024872,0.0051727,0.0032959,0.0030823,-0.00010681
-0.0012207,0.0024567,0.0037384,0.0015564,0.0012207,-0.0010223
-0.00045776,0.0023193,0.0037079,0.001358,7.6294e-05,-0.0017853
0.0013428,0.0032806,0.0034943,0.00042725,-0.0013123,-0.00094604
0.00054932,0.0032349,0.0033569,-0.0010529,-0.0020599,-0.0016785
-0.0015411,0.0024414,0.0023956,-0.0007019,-0.002121,-0.00354
-0.0015869,0.0009613,0.0015869,-0.00035095,-0.0021973,-0.0024414
-0.00030518,-0.00097656,0.0014801,-0.0007019,-0.0016937,3.0518e-05
0.0011902,-0.0007019,-0.00042725,-0.0013275,-0.00088501,0.0010376
0.0023651,0.0015106,-0.0009613,-0.0013733,0.0010529,0.0023804
0.0031891,0.0027008,0.00061035,-0.00019836,0.0036011,0.0033264
0.0039825,0.0024567,0.0014496,0.0011902,0.0037384,0.0029144
0.003418,0.0027771,0.0017853,0.0020905,0.0033112,0.0028229
0.0020599,0.0030365,0.0015869,0.0012817,0.0040131,0.0021515
0.0025787,0.0013733,7.6294e-05,-0.00054932,0.0020142,0.0019379
0.0014801,-0.00074768,-0.0032806,-0.0029907,-0.0016937,0.0012817
-0.0025635,-0.0031128,-0.0061188,-0.0057068,-0.0040894,-0.0014343
-0.0044098,-0.0068359,-0.0061493,-0.0067444,-0.0058594,-0.003006
-0.0056915,-0.0083771,-0.0066681,-0.0069275,-0.0059052,-0.0038452
-0.006958,-0.0066528,-0.00737,-0.0058594,-0.0046844,-0.0055084
-0.0063477,-0.0055695,-0.0053406,-0.0041809,-0.0043182,-0.0069427
-0.0069122,-0.0044708,-0.0042877,-0.0037994,-0.0044861,-0.006546
-0.0059052,-0.0033569,-0.0048218,-0.0031433,-0.0039673,-0.0042114
-0.0030518,-0.0048065,-0.0044403,-0.0035706,-0.0031738,-0.003418
-0.003952,-0.006012,-0.0037231,-0.003952,-0.0046844,-0.0042114
-0.0056152,-0.0055695,-0.0031738,-0.0030823,-0.006073,-0.0047455
-0.0049438,-0.0050659,-0.0047302,-0.0044098,-0.0050964,-0.0054779
-0.0046387,-0.004425,-0.0059509,-0.004837,-0.0057068,-0.0058289
-0.0051117,-0.004303,-0.0049133,-0.0039673,-0.0074005,-0.0063324
-0.0053101,-0.0049591,-0.0046692,-0.0039063,-0.0066681,-0.0066833
-0.0051727,-0.004364,-0.0039063,-0.0031738,-0.0049896,-0.0055237
-0.0055542,-0.002243,-0.003067,-0.0035706,-0.0046234,-0.0044708
-0.0054779,-0.0017242,-0.0021667,-0.0025177,-0.0044098,-0.0048676
-0.0050049,-0.002533,-0.00027466,-4.5776e-05,-0.0040894,-0.0053558
-0.0047302,-0.0032196,-0.0004425,6.1035e-05,-0.0046844,-0.0042877
-0.0029755,-0.0032959,-0.0015869,-3.0518e-05,-0.0034943,-0.0028229
-0.0011444,-0.0015411,-0.0016327,-0.00047302,-0.00056458,-0.0007019
0.0015259,-9.1553e-05,-0.00090027,-0.00097656,-0.00021362,0.0022583
0.0035858,0.0014191,-0.00021362,-0.00039673,7.6294e-05,0.0024567
0.0022278,0.0032501,0.00073242,0.0014038,0.00073242,0.0015717
0.0026398,0.002655,0.0033264,0.0031586,0.0004425,0.0015411
0.003418,0.0019073,0.0038605,0.0030975,0.0018768,0.0012054
0.0019684,0.0028992,0.002121,0.003067,0.0018921,0.002182
0.0024872,0.0032806,0.0016327,0.00067139,0.0016937,0.0028381
0.0038757,0.0028687,-0.00073242,-0.002121,0.0016479,0.0012817
0.0033569,0.0023193,-0.0015106,-0.0010834,-0.0021667,0.00021362
0.0010834,0.00024414,0.0011444,-0.00093079,-0.0037842,0.00041199
-0.00085449,-0.001709,0.00015259,-0.0018311,-0.0012665,9.1553e-05
-0.0011139,-0.0017395,-0.0016937,-0.0012054,0.00057983,6.1035e-05
-0.00036621,-0.00086975,-0.0010986,-4.5776e-05,0.00041199,0.00050354
0.0007019,-0.00019836,-7.6294e-05,0.0010376,0.00013733,-0.00056458
-0.00047302,-0.00050354,0.0010223,0.001358,0.00057983,-0.0016937
-0.0020447,9.1553e-05,0.0015106,0.0016174,-6.1035e-05,-0.00050354
-0.00048828,0.0013275,0.0019836,0.0016632,0.00079346,0.00097656
0.0011902,0.001709,0.0025024,0.0013428,0.0018616,0.00083923
0.0016327,0.0015106,0.0023956,0.0019684,0.0010223,0.0013733
0.002243,0.0010986,0.00085449,0.0017395,0.0019989,0.002533
0.0017548,0.00042725,-0.00054932,0.0015106,0.0031128,0.0024872
0.00019836,-0.00062561,0.00088501,0.0029144,0.0026398,0.0018158
-0.00057983,6.1035e-05,0.0022736,0.0033112,0.0011902,-3.0518e-05
-0.00067139,0.00073242,0.0014954,0.002243,-0.00039673,-0.002121
-0.00082397,-0.00074768,0.00090027,0.00030518,-0.00071716,-0.0018463
-0.00076294,-0.0013275,0.00019836,-0.0016327,-0.00071716,0.0014191
0.00061035,0.00050354,-0.00083923,-0.0019989,0.00093079,0.0031281
0.003479,0.0031586,0.0012817,0.00059509,0.0031128,0.0027771
0.005722,0.0049591,0.0045166,0.0041504,0.00354,0.0047913
0.0063324,0.006546,0.0045319,0.0050812,0.0052338,0.0058289
0.0066681,0.0068665,0.0055542,0.0050659,0.0060425,0.0059814
0.0069885,0.0058746,0.0082855,0.0053101,0.0046082,0.0068817
0.0068512,0.0063324,0.007431,0.0052948,0.0057526,0.0055695
0.0060425,0.0065155,0.0054321,0.0062866,0.007019,0.0055084
0.0060577,0.0055847,0.0061646,0.006897,0.0068054,0.0072479
0.0070496,0.0053711,0.0070801,0.0055847,0.0087891,0.0073395
0.0068054,0.005722,0.0071716,0.0064697,0.010117,0.0084381
0.0071259,0.0060272,0.008194,0.0091248,0.010345,0.0099487
0.0086212,0.0062408,0.0080872,0.0091248,0.012497,0.0097656
0.0091858,0.0073395,0.0075836,0.0088043,0.013199,0.010483
0.0087738,0.007843,0.0090942,0.0090332,0.012039,0.011093
0.0087128,0.0067902,0.0094299,0.0089569,0.011292,0.009903
0.0079193,0.0070801,0.0089874,0.0084839,0.010422,0.007309
0.0051575,0.0074768,0.0098724,0.007019,0.0089569,0.0055084
0.0044098,0.0064697,0.0095062,0.0054932,0.0075226,0.0063782
0.0058594,0.0062561,0.0080719,0.0037994,0.0071411,0.0061646
0.0059967,0.0069427,0.0076599,0.0033264,0.006073,0.0047455
0.0056763,0.0069275,0.007782,0.0038605,0.0049438,0.0043945
0.0055847,0.0054626,0.0066986,0.0028992,0.0046082,0.0036469
0.0053253,0.0047913,0.0052948,0.0018616,0.0040436,0.0037231
0.0050201,0.0054932,0.005188,0.00094604,0.0049591,0.0050507
0.0055084,0.0053558,0.0041962,0.00045776,0.0061035,0.0060577
0.006546,0.0055389,0.0042725,0.0021667,0.0069427,0.0069885
0.0081787,0.0069427,0.0069733,0.0043182,0.0082092,0.0082397
0.010483,0.0087738,0.0080414,0.0059967,0.0097809,0.0093536
0.01059,0.01001,0.0089569,0.0073395,0.011444,0.0097504
0.010254,0.0094604,0.010193,0.0066833,0.010818,0.0103
0.010941,0.0088654,0.0088959,0.0044708,0.0093079,0.01088
0.009552,0.0088501,0.0066986,0.0020142,0.0079193,0.01001
0.0085297,0.0068817,0.003891,-0.0002594,0.0058441,0.0085144
0.0087585,0.0040283,0.0022125,-0.00048828,0.0056,0.0077972
0.0062256,0.0026855,0.0028839,0.00079346,0.0057983,0.0063477
0.0027313,0.0018768,0.0020905,0.00033569,0.0048676,0.0041656
0.0018311,0.00061035,-0.00021362,-0.0017853,0.0042877,0.0034332
0.0013885,-0.00057983,-0.0019226,-0.0041199,0.0026093,0.0041046
0.00090027,-0.001358,-0.0035858,-0.0060425,0.00039673,0.0038757
0.0021515,-0.0016022,-0.0043182,-0.0061188,-0.0005188,0.0014343
0.0023346,-0.00073242,-0.0033417,-0.0049133,-0.00054932,0.00048828
0.00076294,-9.1553e-05,-0.0022888,-0.0048218,-0.00085449,0.0010681
0.00082397,-0.0007019,-0.0018158,-0.0048065,-0.0026855,3.0518e-05
0.0004425,-0.0010071,-0.0011749,-0.0036469,-0.0027924,-0.0013733
-0.0019836,-0.0009613,-0.00047302,-0.0036163,-0.0019226,-0.0030518
-0.0021667,-0.00088501,-0.00099182,-0.0045471,-0.00354,-0.0038605
-0.0018158,-0.00062561,-0.0014801,-0.0050659,-0.0041962,-0.0037231
-0.0033112,-0.0010834,0.0004425,-0.0041046,-0.0045624,-0.0045013
-0.0026093,-0.00071716,0.0027161,-0.0013428,-0.0043335,-0.0041351
-0.0015869,0.0011444,0.0030212,-0.00035095,-0.0014038,-0.0035248
-0.002182,0.0016632,0.0035553,-0.00019836,-0.00076294,-0.0037842
-0.0019684,0.00097656,0.0036469,0.00056458,-0.0027771,-0.0035858
-0.0017853,-0.00013733,0.001709,-0.00036621,-0.0033264,-0.0036926
-0.0020752,-0.00088501,0.00022888,-0.0022278,-0.0024414,-0.0037079
-0.0027924,-0.00065613,-0.0009613,-0.0036316,-0.0021362,-0.0040588
-0.0033875,-0.0016174,-0.0026093,-0.0038757,-0.0033264,-0.0044708
-0.0026855,-0.0033417,-0.0035553,-0.0049438,-0.0056,-0.0036926
-0.002533,-0.0045319,-0.0040588,-0.0075073,-0.0070648,-0.0033264
-0.0034332,-0.0043793,-0.004425,-0.0077972,-0.0066833,-0.0045624
-0.0036621,-0.0033112,-0.004776,-0.0060883,-0.0063324,-0.0059509
-0.0043182,-0.0040588,-0.0057831,-0.0057983,-0.0058289,-0.0055389
-0.0061646,-0.0058594,-0.0073853,-0.0070953,-0.0046234,-0.0057678
-0.0074463,-0.0076904,-0.0088959,-0.0079803,-0.0055237,-0.0069275
-0.0079498,-0.0097351,-0.010345,-0.009079,-0.0085144,-0.0067902
-0.0085754,-0.010529,-0.010544,-0.0103,-0.0097504,-0.0075836
-0.0097046,-0.010071,-0.0091705,-0.0089722,-0.010361,-0.0087585
-0.0098267,-0.0097961,-0.009201,-0.0079193,-0.011398,-0.010056
-0.0091858,-0.010437,-0.011261,-0.008728,-0.010956,-0.011505
-0.010818,-0.012283,-0.013779,-0.0094452,-0.011124,-0.0103
-0.013168,-0.014542,-0.015671,-0.011322,-0.011612,-0.01152
-0.015152,-0.015274,-0.015335,-0.011261,-0.012131,-0.015396
-0.017532,-0.015945,-0.013702,-0.010284,-0.014267,-0.01561
-0.017868,-0.017029,-0.014297,-0.011703,-0.015244,-0.015778
-0.017532,-0.015762,-0.014664,-0.010468,-0.01564,-0.017044
-0.01889,-0.01387,-0.012146,-0.0084076,-0.016525,-0.018051
-0.018845,-0.013626,-0.011429,-0.0093689,-0.015762,-0.019104
-0.016235,-0.014374,-0.013351,-0.010193,-0.016281,-0.016632
-0.01355,-0.013443,-0.01416,-0.0098724,-0.01561,-0.01268
-0.010422,-0.010254,-0.01239,-0.0076752,-0.011002,-0.010376
-0.006958,-0.0070801,-0.0098877,-0.0047302,-0.008255,-0.0073853
-0.005188,-0.0039673,-0.0074463,-0.0030212,-0.0063477,-0.0048523
-0.0040741,-0.0032501,-0.004837,-0.0015564,-0.0048676,-0.0045776
-0.0037079,-0.0042725,-0.0042572,-0.00053406,-0.0058594,-0.0042572
-0.004425,-0.0042419,-0.0045471,-3.0518e-05,-0.0049438,-0.0041046
-0.0048523,-0.0050201,-0.0050964,3.0518e-05,-0.0036469,-0.0041962
-0.0062561,-0.0053864,-0.0062866,-0.0009613,-0.0049744,-0.0047455
-0.0070343,-0.0056152,-0.0071869,-0.0018616,-0.0062408,-0.005722
-0.0065155,-0.0076904,-0.0074005,-0.0024567,-0.0070496,-0.0048523
-0.0074005,-0.0090027,-0.006897,-0.0033112,-0.0071106,-0.005249
-0.0081329,-0.007782,-0.0082092,-0.003006,-0.0062256,-0.0068665
-0.0076141,-0.0061798,-0.0084991,-0.0023804,-0.0053711,-0.0059662
-0.0056,-0.0071564,-0.0072174,-0.0019989,-0.0048523,-0.0044708
-0.0034485,-0.0075073,-0.0072479,-0.001297,-0.0046082,-0.0031891
-0.0030518,-0.0046387,-0.006012,-0.0014496,-0.0039673,-0.0018311
-0.0028992,-0.0028839,-0.005249,-0.0010834,-0.0035095,-0.0019684
-0.0029907,-0.0036011,-0.0044556,0.00012207,-0.0024261,-0.0023193
-0.0023041,-0.0047607,-0.003418,0.00099182,-0.00074768,0.00033569
-7.6294e-05,-0.0042725,-0.004776,0.0017853,0.00065613,0.0020752
0.00085449,-0.00177,-0.0034943,0.0023499,0.0016327,-6.1035e-05
-1.5259e-05,0.00062561,0.00024414,0.0031891,0.0010071,-0.00048828
0.00015259,0.0012665,0.0019684,0.0037384,-0.00042725,0
0.00036621,0.001358,0.0020447,0.0033417,-0.00177,-0.0016479
-0.0010834,0.002182,0.0019379,0.0031586,-0.0029907,-0.0020752
4.5776e-05,0.0013123,0.00088501,0.0029297,-0.0026398,-0.0004425
0.0027161,0.00015259,-0.0019989,0.0016327,3.0518e-05,0.0013885
0.0021667,0.0007782,-0.002182,0.0015259,0.0031433,0.0032501
0.0013885,0.00030518,-0.00015259,0.0037384,0.0038452,0.0049286
0.002243,-0.00013733,0.00094604,0.0051422,0.0036774,0.0050201
0.003067,0.0019836,0.0026398,0.0054169,0.0045776,0.0033417
0.0036011,0.0055542,0.0049591,0.007019,0.0041351,0.0021973
0.0045471,0.0082703,0.0082703,0.0091095,0.0038452,0.0028076
0.0062103,0.0095062,0.01004,0.0093994,0.0053253,0.0035095
0.0072632,0.0097656,0.0098267,0.0092316,0.0055847,0.0041962
0.0081482,0.0094757,0.010788,0.009964,0.0061035,0.0063019
0.0086823,0.009613,0.010849,0.0098419,0.0090027,0.0080872
0.0080719,0.010468,0.010056,0.010071,0.010849,0.0091095
0.0090942,0.011063,0.011002,0.011383,0.010788,0.010391
0.011078,0.010498,0.011108,0.010651,0.01062,0.011383
0.011826,0.010498,0.010605,0.0093231,0.010147,0.012817
0.012268,0.010956,0.011688,0.009613,0.010498,0.012497
0.011444,0.011673,0.011246,0.010086,0.011337,0.010193
0.01001,0.0121,0.011063,0.010544,0.011765,0.010651
0.010269,0.009903,0.011856,0.010086,0.011902,0.011703
0.010178,0.0096588,0.010757,0.0092773,0.011108,0.0097809
0.0081024,0.01123,0.011063,0.0096588,0.0093536,0.0081329
0.0074005,0.0089417,0.010941,0.0078735,0.0074158,0.0086517
0.008667,0.0066833,0.0080872,0.0047302,0.0079651,0.009079
0.0091248,0.0083008,0.0066681,0.0044556,0.0095825,0.0095825
0.010208,0.0098419,0.0074005,0.0056152,0.0097351,0.010956
0.012222,0.010056,0.0089417,0.0065308,0.011398,0.011734
0.011932,0.010986,0.010284,0.0080414,0.012573,0.011383
0.0096283,0.010757,0.011826,0.0092926,0.010239,0.0095673
0.0076904,0.0092468,0.011612,0.0075836,0.0089264,0.0076904
0.0073547,0.0077515,0.0080414,0.0047455,0.0096436,0.0072021
0.0083008,0.0059967,0.0069122,0.0037079,0.0089722,0.0076904
0.008255,0.0065002,0.0074463,0.0036011,0.007782,0.0077209
0.005661,0.0076141,0.0064392,0.0038452,0.0067291,0.0056458
0.0039978,0.0062256,0.0070953,0.0028839,0.0050964,0.0043793
0.0047607,0.0050201,0.0061646,0.0010376,0.0045319,0.0041809
0.0041656,0.0040283,0.0036469,0.00099182,0.0036774,0.0024109
0.0029449,0.0025177,0.0042114,0.00093079,0.002533,0.0019684
0.0015869,0.0015106,0.0033417,-0.00097656,0.0018921,0.0015106
-9.1553e-05,-0.00013733,-0.00054932,-0.0033112,-0.00094604,-0.0012054
-0.0007782,-0.0017242,-0.0023956,-0.0058289,-0.0032959,-0.0028687
-0.0031891,-0.0020142,-0.0024567,-0.0068054,-0.0044861,-0.0046387
-0.0053711,-0.0029602,-0.0027008,-0.0058899,-0.0063324,-0.0061035
-0.0054169,-0.0055695,-0.0038147,-0.0072479,-0.0061951,-0.0050659
-0.0056458,-0.0070496,-0.0071106,-0.0095673,-0.0048981,-0.0042419
-0.0046997,-0.006134,-0.009613,-0.0090637,-0.0038757,-0.0036316
-0.0032501,-0.0053558,-0.0084839,-0.0079193,-0.0041504,-0.0034637
-0.0030212,-0.0050507,-0.0073242,-0.0081177,-0.006134,-0.0048065
-0.0037689,-0.0043793,-0.00737,-0.0081177,-0.0064545,-0.0065002
-0.0059814,-0.0050659,-0.0066833,-0.0074768,-0.0063019,-0.0075531
-0.0073242,-0.0063324,-0.0065308,-0.0075684,-0.0072021,-0.0057983
-0.0049591,-0.0071106,-0.0075836,-0.0078278,-0.0060272,-0.0032349
-0.0018921,-0.0067596,-0.0072937,-0.0063324,-0.0040131,-0.0028534
-0.0011749,-0.0039978,-0.0046692,-0.0037842,-0.0027161,-0.0020294
-4.5776e-05,-0.002121,-0.0033112,-0.0016479,-0.00035095,0.0007019
0.0016785,-0.0011444,-0.0025482,-0.00013733,0.0021515,0.0028839
0.0016327,-0.00039673,-0.00039673,0.00086975,0.0033875,0.0033112
0.0015717,-0.00021362,0.00064087,0.0019836,0.00354,0.0029907
0.002182,0.0012665,0.0016937,0.0019073,0.0028992,0.0029144
0.0031738,0.0013428,0.0022736,0.00083923,0.0011597,0.0021667
0.0036011,0.0017395,0.00071716,-3.0518e-05,-0.00079346,0.00056458
0.002655,0.0030823,-0.00021362,-0.0016174,-0.00076294,0.00018311
0.0023193,0.00177,-0.00013733,-0.0016022,0.00012207,6.1035e-05
0.0017395,0.0010376,0.0002594,0.00016785,7.6294e-05,0.00035095
0.00039673,0.0012817,0.0012207,0.00097656,0.00083923,0.0012817
-0.0011139,6.1035e-05,0.0017853,0.00094604,0.0018616,0
-0.0024261,-0.0014343,0.0011292,0.00013733,0.0012207,-0.0016785
-0.0023346,-0.0020752,-7.6294e-05,-0.00032043,-0.00086975,-0.0019226
-0.0012665,-0.0020447,-0.00013733,-0.00093079,-0.0025787,-0.0016022
-0.00048828,-0.0010834,0.00071716,-0.0020752,-0.0022736,-0.001709
-0.00039673,0.00086975,0.00047302,-0.0015106,-0.0015564,-0.0023346
7.6294e-05,0.0016785,0.00013733,-0.0011749,-0.0013123,-0.00177
-4.5776e-05,0.00012207,-0.00013733,-0.0024261,-0.0018158,-0.0023193
-0.0024109,-0.0019226,-0.0017395,-0.0027466,-0.0039368,-0.0048828
-0.006134,-0.0043182,-0.0025482,-0.0027618,-0.0058899,-0.006134
-0.0084534,-0.0074768,-0.0044708,-0.004364,-0.0059052,-0.0065002
-0.0085907,-0.0083008,-0.0073242,-0.0056305,-0.0058594,-0.0071869
-0.0082092,-0.007309,-0.0068359,-0.006485,-0.0072937,-0.0079803
-0.0080719,-0.0075226,-0.0073395,-0.0075684,-0.007843,-0.0077667
-0.0080719,-0.0074005,-0.0097046,-0.0072174,-0.0073547,-0.0070496
-0.0073242,-0.0072479,-0.0091858,-0.0070801,-0.008255,-0.0078888
-0.0072021,-0.0076294,-0.0084381,-0.0081787,-0.0097351,-0.0084839
-0.006897,-0.0075073,-0.0089264,-0.0091095,-0.010635,-0.0077057
-0.0062103,-0.0079956,-0.0097809,-0.0093842,-0.0103,-0.0077667
-0.0074463,-0.0076904,-0.010803,-0.0085602,-0.0099792,-0.0089111
-0.0085754,-0.0077667,-0.010361,-0.0077667,-0.011414,-0.0098114
-0.0095062,-0.0099487,-0.011169,-0.0085754,-0.011673,-0.010254
-0.011108,-0.011108,-0.012405,-0.0099945,-0.011124,-0.010773
-0.012299,-0.011307,-0.011032,-0.0091858,-0.012299,-0.01149
-0.012466,-0.011093,-0.010635,-0.0076294,-0.012482,-0.012085
-0.011688,-0.010361,-0.011932,-0.0080109,-0.011749,-0.012863
-0.011307,-0.0097656,-0.011459,-0.0069885,-0.011826,-0.01265
-0.011032,-0.010071,-0.0098419,-0.0054626,-0.01059,-0.010788
-0.011368,-0.011307,-0.010956,-0.0057983,-0.0096283,-0.0095825
-0.011826,-0.011612,-0.01149,-0.0052185,-0.010178,-0.0091705
-0.010315,-0.010895,-0.009201,-0.003891,-0.0092621,-0.0088196
-0.0095215,-0.0097046,-0.0097961,-0.0035095,-0.0088959,-0.0097351
-0.010269,-0.0091248,-0.011398,-0.0048676,-0.0099487,-0.0098877
-0.010391,-0.0095825,-0.011047,-0.0061798,-0.0094452,-0.0084381
-0.010498,-0.009903,-0.011292,-0.0054321,-0.0093079,-0.0091553
-0.010071,-0.010376,-0.011032,-0.0039825,-0.0097961,-0.009903
-0.0091553,-0.010666,-0.0094147,-0.0031738,-0.0084686,-0.0081635
-0.0092773,-0.0097198,-0.009079,-0.0020905,-0.0062866,-0.0080566
-0.0097961,-0.0072021,-0.0076599,0.00048828,-0.0048676,-0.0083466
-0.0094147,-0.0056,-0.0027924,0.0020905,-0.0052795,-0.0069885
-0.0073547,-0.0050507,-0.0011749,0.0021515,-0.0052185,-0.006134
-0.0043182,-0.0034485,-0.0019226,0.003006,-0.0020142,-0.0036163
-0.0011139,-0.0021362,-0.00057983,0.0046539,0.0010071,7.6294e-05
0.00082397,0.0002594,0.00038147,0.0061188,0.0016785,0.0020905
0.001358,0.0029602,0.0025482,0.0059204,0.0023804,0.0033264
0.0033569,0.0036163,0.0052032,0.0058899,0.0029144,0.0039825
0.0043945,0.0048065,0.0050354,0.0074615,0.0018921,0.0036469
0.0032196,0.0045166,0.0044861,0.0079041,0.0018463,0.0021667
0.0037689,0.0019989,0.0028992,0.0060272,0.003418,0.0031891
0.003952,0.0014954,-0.00036621,0.00383,0.0046387,0.0052795
0.002655,0.0027618,0.00010681,0.0037994,0.0045013,0.0041809
0.0022278,0.0025177,0.002182,0.0041656,0.0024719,0.0041962
0.0019379,0.0012207,0.0012054,0.0036011,0.0014954,0.0039368
0.0023193,0.0017395,-7.6294e-05,0.0034027,0.0024109,0.0024719
0.0032959,0.0024109,0.00038147,0.0033722,0.0030212,0.0027008
0.0029602,0.0021362,0.0010529,0.0036316,0.0031891,0.0023499
0.0023651,0.0024567,0.00064087,0.0033264,0.0023956,0.0028992
0.002182,0.0027771,0.00094604,0.0026855,0.0012665,0.0030518
0.0015259,0.0025787,0.0020142,0.0028534,0.00036621,0.0010071
0.0016327,0.0020599,0.0019531,0.0023804,-0.00021362,0.0010529
0.0027771,0.0022583,0.0011902,0.0017548,0.00083923,0.0024567
0.0031891,0.0028534,0.0014191,0.0028076,0.0026398,0.0026855
0.0026703,0.0034637,0.0031738,0.0045013,0.0040131,0.002655
0.002243,0.0042877,0.0050049,0.0062408,0.0049438,0.0029755
0.0029144,0.0043488,0.0064545,0.0083618,0.0053711,0.0034637
0.0032959,0.0041656,0.0067596,0.0085449,0.0057526,0.0037537
0.002594,0.0041504,0.0063019,0.0065613,0.0065308,0.0036469
0.0027008,0.003952,0.006073,0.0059967,0.0067596,0.003479
0.0032196,0.0040894,0.006073,0.0067596,0.0058746,0.0049133
0.0041199,0.004364,0.0061188,0.0062256,0.0056305,0.0056
0.0051117,0.0053253,0.0056915,0.0053406,0.0053864,0.0032196
0.0039368,0.0069122,0.0070343,0.0054779,0.0036469,0.0019531
0.0031433,0.0070038,0.0081635,0.004715,0.0023499,0.0024261
0.0042572,0.0057068,0.0056152,0.0026398,0.00177,0.0031281
0.0045319,0.0046082,0.0034332,0.00091553,0.0012512,0.0036469
0.0044403,0.0041656,0.0031738,0,0.00177,0.0036774
0.0045929,0.0034485,0.0029144,0.0013733,0.002533,0.0043488
0.0043488,0.0031128,0.0030518,0.0030365,0.0037079,0.0047455
0.0040741,0.0045013,0.0041046,0.0028839,0.0054169,0.004425
0.0036621,0.0050049,0.005249,0.0041351,0.0062714,0.0041046
0.0040436,0.0039063,0.0056458,0.005127,0.0052795,0.0037689
0.0043945,0.0039215,0.0056,0.0037842,0.0033875,0.0042572
0.0036163,0.0049286,0.0049133,0.003006,0.0038147,0.0048523
0.0044708,0.0050201,0.0050812,0.0036621,0.0053711,0.0051117
0.0051575,0.0054779,0.0065765,0.0053558,0.0068054,0.0044708
0.0035095,0.0066223,0.0082703,0.0070801,0.0075378,0.0032349
0.002594,0.0060577,0.0095062,0.0066528,0.0065002,0.0046539
0.0029602,0.0049744,0.0077209,0.005127,0.0065613,0.0057526
0.0049438,0.0044861,0.0058441,0.0044403,0.006958,0.0065765
0.0079346,0.0048676,0.0057983,0.0034943,0.0071716,0.0092163
0.0081635,0.0072632,0.0049896,0.0033417,0.0070496,0.007431
0.0067139,0.0080261,0.0063171,0.0034485,0.004425,0.003952
0.0062561,0.0053406,0.0067444,0.0015259,0.0026093,0.0036469
0.0052185,0.0039673,0.0029755,-0.00022888,0.0033417,0.0035553
0.00383,0.0049896,0.0018768,-0.00091553,0.00354,0.0033264
0.0041046,0.004303,0.0027771,-0.00094604,0.0020294,0.0032959
0.0049896,0.0024872,0.001236,-0.0019836,0.00064087,0.0033569
0.0046997,0.0016937,-0.00057983,-0.0041046,-0.00016785,0.0031586
0.0038452,0.00076294,-0.0013733,-0.0034485,-0.001297,0.0016327
0.0033875,0.0010376,-0.0017242,-0.0027161,-0.00056458,0.00010681
0.0021362,0.0018311,-0.0016327,-0.0036926,0.0007782,0.00022888
9.1553e-05,0.00064087,-0.0020294,-0.0030975,-0.00088501,0.00048828
-0.0011902,-0.0015564,-0.0033875,-0.0036316,-0.0028229,0.00013733
-0.00074768,-0.0040588,-0.0045319,-0.0060577,-0.0026093,-0.00013733
-0.00038147,-0.0046539,-0.0060425,-0.0068359,-0.0019379,-0.0011902
-0.0017242,-0.0029907,-0.0060883,-0.0054169,-0.0019379,-0.0014496
-0.0018768,-0.0026398,-0.004303,-0.0037689,-0.0027008,-0.00068665
-0.0014496,-0.0029297,-0.0045471,-0.0042725,-0.0028229,-0.0014038
-0.0023041,-0.0028839,-0.0041046,-0.0055237,-0.002182,-0.0019989
-0.0026398,-0.0031281,-0.0034332,-0.0047913,-0.0030212,-0.0018921
-0.003418,-0.0033264,-0.0049133,-0.0037231,-0.0053101,-0.0037231
-0.0048523,-0.0041656,-0.0045319,-0.0047455,-0.0066376,-0.006134
-0.0053253,-0.0046082,-0.0044098,-0.0060272,-0.006897,-0.0066528
-0.0054626,-0.0037231,-0.0059052,-0.0061798,-0.0073242,-0.0066986
-0.0052948,-0.0029144,-0.0054474,-0.0055695,-0.0074005,-0.0065002
-0.0045776,-0.0029602,-0.0039978,-0.0044708,-0.0072021,-0.0061798
-0.0042572,-0.0028381,-0.0031433,-0.004303,-0.0071106,-0.0063629
-0.0042419,-0.0022888,-0.0032043,-0.0045013,-0.0072479,-0.0058136
-0.0037689,-0.0028687,-0.004303,-0.004425,-0.007019,-0.0048065
-0.0037231,-0.0037537,-0.0062561,-0.0047302,-0.0050049,-0.0038147
-0.0044556,-0.0041351,-0.0067596,-0.003952,-0.0044861,-0.0040131
-0.0047302,-0.005188,-0.0058594,-0.0031891,-0.0065155,-0.0057831
-0.0049744,-0.0057983,-0.005249,-0.0042114,-0.006897,-0.0065765
-0.0053101,-0.0056152,-0.0051727,-0.0051727,-0.0072784,-0.0059357
-0.0056305,-0.0061646,-0.007782,-0.0058289,-0.0080566,-0.0056763
-0.0061493,-0.0067902,-0.0092468,-0.0057526,-0.0074158,-0.0059662
-0.0054169,-0.0071869,-0.0071106,-0.0052643,-0.0077362,-0.0061188
-0.0048523,-0.0069122,-0.0057983,-0.0052948,-0.0073242,-0.0061493
-0.0053711,-0.0045776,-0.0054626,-0.0034485,-0.0056152,-0.0056458
-0.0043488,-0.0023651,-0.003952,-0.0014343,-0.0053101,-0.0053253
-0.0031128,-0.0019531,-0.0020294,-0.00041199,-0.0049133,-0.0040741
-0.0026703,-0.0028687,-0.0023041,0.00057983,-0.0023804,-0.0023193
-0.0018463,-0.0029449,-0.0029907,0.0012054,0.0004425,-0.0016022
-0.0011444,-0.00071716,-0.00094604,0.0028076,0.0016479,0.00086975
0.00073242,0,0.0013733,0.0037079,0.0031128,0.0031433
0.002533,-0.00019836,0.0015259,0.004364,0.0041809,0.0034332
0.0027008,0.0017242,0.001709,0.0058136,0.0042419,0.0037537
0.0028381,0.0037689,0.0037079,0.0065308,0.0053406,0.0034637
0.0024261,0.0045471,0.0054932,0.0070038,0.0059814,0.0032501
0.0021667,0.0032196,0.006134,0.0063477,0.0054932,0.0044098
0.0030365,0.002121,0.0055695,0.0053558,0.0054474,0.0056915
0.0039368,0.0037384,0.0036774,0.0048065,0.0057068,0.0057068
0.0045471,0.0043182,0.0029602,0.0046234,0.0051575,0.0048981
0.0048981,0.0031586,0.0045319,0.0055389,0.0050964,0.0044556
0.0040131,0.0029602,0.0053711,0.0058899,0.0059662,0.0042419
0.0027924,0.0028381,0.004776,0.0057831,0.006485,0.0042725
0.0030365,0.0023193,0.0039978,0.0052338,0.0065613,0.004715
0.0036469,0.0029907,0.0028839,0.0042419,0.0061493,0.005722
0.0059967,0.003952,0.0035248,0.0036621,0.0059357,0.0066223
0.0084839,0.0054779,0.0045013,0.0039673,0.0056915,0.0067139
0.0074768,0.0076599,0.0056,0.0053558,0.0068359,0.0070496
0.0061646,0.0075989,0.0076752,0.0061798,0.0081482,0.0066833
0.005127,0.0066528,0.0072327,0.0062561,0.0074921,0.0053101
0.0040131,0.005249,0.0073547,0.0061951,0.0067749,0.004837
0.0043793,0.0034027,0.0068665,0.0055542,0.0054169,0.0045624
0.0036621,0.0033264,0.0040741,0.0037842,0.0042877,0.0039368
0.0016327,0.0023956,0.0037994,0.0015717,0.0035706,0.0025177
-0.00035095,0.00047302,0.0031738,-1.5259e-05,0.0023193,1.5259e-05
-0.0028534,-1.5259e-05,0.0011597,-9.1553e-05,0.00057983,-0.0014038
-0.0032349,-0.0013123,-0.00015259,-0.00035095,-0.0012207,-0.0018616
-0.0022736,-0.0033417,-0.0024109,-0.0028992,-0.00093079,-0.0024719
-0.0028076,-0.0037689,-0.0038605,-0.0042725,-0.00090027,-0.0024872
-0.0035858,-0.0042572,-0.00354,-0.004425,-0.0030823,-0.0026398
-0.004715,-0.0054321,-0.0045929,-0.0050201,-0.0052338,-0.004303
-0.0055695,-0.0055542,-0.0057983,-0.0057678,-0.0066071,-0.0060577
-0.0067444,-0.0055542,-0.0058746,-0.0075989,-0.0074158,-0.0073547
-0.0086975,-0.0058289,-0.006485,-0.0082855,-0.008194,-0.0097809
-0.0087585,-0.0056915,-0.0061646,-0.0078125,-0.009079,-0.010834
-0.0084686,-0.0064545,-0.0052338,-0.0075531,-0.0092163,-0.0090027
-0.0085297,-0.007782,-0.0057068,-0.0073547,-0.0079956,-0.0079803
-0.0080414,-0.0068665,-0.0069122,-0.0070343,-0.0073547,-0.0082703
-0.0072937,-0.0044098,-0.0060425,-0.0054932,-0.0077362,-0.0075378
-0.0053558,-0.0042419,-0.0029602,-0.0037231,-0.006958,-0.0071716
-0.0044403,-0.0045624,-0.0015869,-0.0023499,-0.0059052,-0.0075073
-0.0050507,-0.0030975,-0.0010681,-0.0011444,-0.0043793,-0.0059052
-0.0041046,-0.0028229,-0.00053406,-0.0010529,-0.0027313,-0.0036774
-0.0027618,-0.0030212,-0.0016632,-0.0011444,-0.0024414,-0.002243
-0.0024719,-0.0026245,-0.0018158,-0.0016785,-0.0021973,-0.00080872
-0.0013275,-0.001709,-0.0014954,-0.0023804,-0.0025024,-0.00085449
0.00024414,-0.00021362,-0.0017395,-0.0010681,-0.0018311,-0.0012207
0.00015259,-0.00056458,-0.00057983,1.5259e-05,0.00022888,-0.00050354
-0.00059509,-0.00015259,0.00010681,-0.00035095,0.00019836,-0.0012207
-0.00064087,0.001297,-0.00035095,-0.00090027,-0.0014038,-0.0024872
-0.0009613,0.00012207,-0.0011749,-0.0012512,-0.0029297,-0.0023804
-0.0019073,-0.00083923,-0.0016632,-0.0012512,-0.0026855,-0.0019073
-0.0022278,-0.001358,-0.0012512,-0.0019989,-0.0014191,-0.0019989
-0.0018768,-0.0027008,-0.0028381,-0.0026855,-0.0030823,-0.0022888
-0.0014343,-0.002533,-0.004303,-0.0032043,-0.0044708,-0.0019836
-0.0011139,-0.002243,-0.0031586,-0.003479,-0.0036163,-0.0023193
-0.0021057,-0.0024261,-0.0032806,-0.0019684,-0.003952,-0.0036774
-0.0035858,-0.0019379,-0.0039063,-0.0014038,-0.0035248,-0.003891
-0.0036926,-0.0025482,-0.0033569,-0.0029297,-0.0031586,-0.0030518
-0.0025177,-0.0037689,-0.0032196,-0.00354,-0.0045471,-0.002243
-0.0016785,-0.0036774,-0.0033264,-0.0019836,-0.0041656,-0.0020294
-0.0020752,-0.0019531,-0.0029907,-0.00027466,-0.0019684,-0.0030365
-0.0015106,0.00015259,-0.001297,0.00015259,0.00010681,-0.0026093
-9.1553e-05,0.0014343,0.0011139,0.0016022,0.00027466,-0.00093079
0.0010071,0.0025177,0.0025177,0.0032196,-0.00093079,3.0518e-05
0.0027618,0.0019379,0.0026093,0.0014801,-0.00067139,0.0018463
0.0037842,0.0011139,0.00056458,-0.00041199,0.00085449,0.0027618
0.0033569,0.0021973,-0.0009613,0.0012054,0.0022278,0.0027313
0.0024261,0.0018768,0.0015717,0.0034637,0.0034485,0.0036011
0.0023651,0.0016632,0.0029907,0.0046539,0.003891,0.00383
0.0030518,0.0030518,0.0021057,0.0042419,0.0033112,0.0037384
0.0030823,0.0032654,0.0023346,0.0016327,0.0023956,0.0032501
0.0030823,0.0031891,0.0012665,0.00050354,0.0016327,0.0019531
0.0019836,0.0020142,0.0011902,0.0023804,0.0012512,0.0010071
0.00033569,-0.00082397,0.0024414,0.0034332,0.00071716,0.0012054
0.00042725,-0.0014343,0.00073242,0.0018768,0.0016327,0.00093079
-3.0518e-05,0,-0.00039673,0.00061035,0.0019684,-0.0004425
-0.0016632,-0.001236,0.00010681,0.00071716,-0.00054932,-0.001236
-0.0017395,-0.0034027,-0.0018463,-0.00065613,-0.0012207,-0.0013275
-0.00088501,-0.0026855,-0.004425,-0.002121,-0.00030518,0.00019836
0.00024414,-0.002594,-0.0041962,-0.0018158,-0.00068665,0.0020905
0.0014038,-0.00383,-0.0032959,-0.002121,-0.00061035,0.0011902
0.00015259,-0.0028534,-0.003418,-0.0018616,-0.00086975,-0.0011139
-0.0013428,-0.0012665,-0.0031281,-0.00093079,-0.0021515,-0.0012512
-0.00076294,-0.0015411,-0.0032654,-0.0017548,-0.0013123,-0.00074768
-0.00045776,-0.0021973,-0.0034332,-0.0015411,-0.00068665,-0.0019226
-0.00099182,-0.0023346,-0.00177,0.00016785,-0.0018463,-0.0019684
-0.0010223,-0.0026703,-0.0010681,-0.00045776,-0.00074768,-0.0018005
-0.0014496,-0.0014648,-0.0024719,-0.0015259,-0.00076294,-0.0025635
-0.0022125,-0.00030518,-0.0019073,-0.0010529,-0.0033722,-0.0023956
-0.0014648,-0.0019684,-0.0010681,-0.0018311,-0.0031433,-0.0029144
-0.0018005,-0.0021057,-0.002594,-0.0019989,-0.0023651,-0.0031281
-0.0024872,-0.0014496,-0.0021667,-0.00074768,-0.003006,-0.0016479
-0.00094604,-0.0028992,-0.00076294,-0.00053406,-0.0016022,7.6294e-05
-9.1553e-05,-0.0021973,-0.00091553,0.00088501,0.00039673,0.0017395
0.00010681,0.00068665,0.00053406,0.0028687,0.0021057,0.0026093
0.0020905,0.0014648,0.0024872,0.0035706,0.0039673,0.0037994
0.0042877,0.001709,0.002182,0.0038757,0.0045776,0.0056152
0.0042725,0.0035706,0.0026245,0.0034637,0.0050964,0.0057831
0.0049286,0.0045319,0.0050507,0.0040741,0.0061798,0.0052338
0.0066681,0.0050812,0.0057526,0.0060272,0.0066986,0.0058746
0.0055695,0.0058136,0.0059662,0.0068054,0.0062866,0.0064392
0.0046387,0.0051117,0.0074158,0.0077972,0.0056305,0.0054169
0.0059204,0.0048676,0.007309,0.0084991,0.0066376,0.0040894
0.0052643,0.0065155,0.0074768,0.0079346,0.0072479,0.0030975
0.0042877,0.0072327,0.0098114,0.0072937,0.0049744,0.003479
0.0054932,0.0057983,0.0095673,0.0055542,0.0041046,0.0047302
0.0048981,0.0050507,0.0056915,0.0046997,0.0050659,0.0038605
0.0028839,0.004425,0.0034637,0.0032959,0.0041962,0.0031128
0.0027008,0.0025482,0.0028839,0.0010223,0.0033417,0.0024872
0.0022125,0.0023193,0.0020142,0.0018311,0.0040436,0.001297
0.00074768,0.0029907,0.0025177,0.0020294,0.0033722,0.0019531
0.00056458,0.0016479,0.0025024,0.00032043,0.0016632,0.0018005
0.00065613,0.00071716,0.0013428,-0.0005188,0.0011749,-1.5259e-05
0.00035095,0.0012512,0.0017853,-0.00018311,0.00010681,-0.00048828
0.00071716,9.1553e-05,0.002243,7.6294e-05,-0.00024414,0.0014343
0.0010223,-0.00016785,0.00047302,-0.0010223,0.00082397,0.0022278
0.001236,0.0016785,0.00022888,-0.00076294,0.00093079,0.00024414
0.0011597,0.0013123,0.0025024,0.0014038,0.0020294,0.00061035
0.00059509,0.0014801,0.0033264,0.0028687,0.0037994,0.0019379
0.0010376,0.0030365,0.0032196,0.0032349,0.0027466,0.00071716
0.0013275,0.0022736,0.0033112,0.0016479,0.00091553,0.00083923
0.00082397,0.0017548,0.0026093,-0.00021362,0.0014496,0.0016174
0.00042725,0.0021973,0.0024567,3.0518e-05,0.0018311,0
-0.00061035,0.00057983,0.0027466,0.0011139,0.00027466,-0.0011597
-0.0015259,-0.0010681,0.0014343,0.0012512,-0.00032043,-0.00068665
-0.0014801,-0.00032043,0.00019836,4.5776e-05,0.00091553,-0.00074768
-0.00062561,6.1035e-05,-3.0518e-05,-0.0010376,0.00088501,-0.0011444
-0.0011902,-4.5776e-05,-0.00036621,-0.0016785,-0.00041199,-0.0014496
-0.0019531,0.00035095,0.00082397,-0.0016632,-0.0010529,-0.00061035
-0.00015259,-0.00045776,0.0023651,-0.0010529,3.0518e-05,0.00047302
-0.00039673,-1.5259e-05,0.0025787,0.00065613,0.002243,-0.00050354
-0.0016022,0.0019226,0.0037994,0.0037537,0.0026855,-0.00016785
0.00099182,0.0011902,0.0050354,0.0042725,0.0034943,0.0025635
0.0052032,0.00074768,0.0030365,0.0032349,0.0058594,0.0054932
0.0071411,0.0033875,0.0018921,0.0037384,0.0066986,0.0063171
0.0060425,0.0059509,0.004364,0.0035248,0.0074005,0.0054016
0.0065613,0.0077667,0.0057983,0.0028076,0.0077972,0.0061188
0.008194,0.007843,0.0058594,0.0028992,0.0053558,0.0068665
0.0068817,0.0063782,0.0059509,0.0030518,0.0037689,0.0062256
0.0054626,0.0053406,0.005249,0.002182,0.0041962,0.0048676
0.0048676,0.0037689,0.0039368,0.00076294,0.0027771,0.0037079
0.003479,0.0029755,0.0019989,-0.00027466,0.00083923,0.0027618
0.002182,0.002533,0.0010986,-0.0015106,0.00064087,0.0015106
0.0022736,0.0010376,0.00056458,-0.0036774,0.00085449,0.0017395
0.0027771,0.0011597,-0.0012207,-0.0052032,-0.00015259,0.0029449
0.0029297,0.0014191,-0.0016327,-0.0033569,-0.00050354,0.0036316
0.0035248,0.0009613,-0.0005188,-0.0014038,0.00054932,0.0028687
0.0033264,0.0021362,0.00074768,-0.0019073,0.00021362,0.0018768
0.0036774,0.0029449,0.0016479,-0.0019073,0.00056458,0.0022583
0.0045166,0.0025787,0.00099182,-0.00062561,0.0016174,0.001709
0.0027161,0.0021973,0.00054932,1.5259e-05,0.0010986,0.00088501
0.0002594,0.0015411,0.0019836,-0.00024414,-4.5776e-05,0.0010834
-0.00038147,0.00082397,0.0032806,-0.00039673,-3.0518e-05,3.0518e-05
-0.00039673,0.0013275,0.0030518,-0.00050354,0.001709,-0.00024414
0.00057983,0.0028992,0.003067,0.00074768,0.0022125,0.002655
0.0041809,0.0031586,0.0036316,0.0021973,0.0033875,0.0039978
0.0047302,0.0038452,0.0032501,0.0023346,0.0052338,0.0021515
0.00085449,0.0045929,0.0035095,0.0022125,0.0033722,0.0020294
0.00042725,0.0020752,0.0041046,0.00038147,0.0013123,0.0016479
0.0013428,0.0012665,0.0028229,-0.00048828,0.00032043,-0.0010529
3.0518e-05,0.002243,0.0027924,0.00041199,-0.00068665,-0.0015717
-0.0016174,0.00054932,0.0037384,0.00039673,0.00016785,-0.00036621
-0.0031128,-0.0010529,0.0012665,0.00028992,0.0020752,-0.00059509
-0.0031738,-0.0020294,-0.0011597,-3.0518e-05,0.0016632,-0.0018005
-0.0030975,-0.0027161,-0.0013123,-0.00048828,-0.0004425,-0.0023193
-0.0037994,-0.0028992,-0.0021667,-0.0025482,-0.00079346,-0.0031586
-0.0037231,-0.0042267,-0.0041046,-0.0049591,-0.0018005,-0.0035095
-0.0036926,-0.0053558,-0.005188,-0.0054321,-0.0029297,-0.0020599
-0.0041656,-0.0058289,-0.0052643,-0.005722,-0.0029297,-0.0019836
-0.003891,-0.006134,-0.0064392,-0.0062408,-0.0046844,-0.0028381
-0.0034027,-0.0057678,-0.0076752,-0.0074005,-0.0058899,-0.0028687
-0.0036621,-0.0054169,-0.0081329,-0.0081024,-0.0061798,-0.0037079
-0.0042419,-0.0054321,-0.0077972,-0.0077209,-0.006958,-0.0039215
-0.0040894,-0.0049896,-0.0059052,-0.0071716,-0.0059814,-0.0028534
-0.0026703,-0.0036316,-0.0038605,-0.0048218,-0.0042877,-0.0030823
-0.0018921,-0.0018768,-0.0021362,-0.0019379,-0.004364,-0.0030975
-0.001236,-0.00083923,-0.00062561,-0.0011292,-0.0034637,-0.0024109
-0.00027466,-0.00039673,-0.00019836,-0.0013885,-0.0014648,-0.003067
-0.0013275,0.0005188,0.00062561,-0.00067139,-0.0028381,-0.002655
-0.0017548,0.00067139,0.0023956,0.00030518,-0.0034943,-0.0012665
-0.0007782,-9.1553e-05,0.0011902,-0.00010681,-0.00056458,-0.0011292
-0.00083923,-0.0002594,-0.0011902,-0.00021362,-0.00054932,-0.00073242
-0.001236,-0.0010071,-0.0015869,-0.00016785,-0.0023651,-0.00080872
-0.0017395,-0.0017548,-0.0022583,-0.0013885,-0.0019073,-0.0014343
-0.0020752,-0.0019379,-0.0019226,-0.0021057,-0.0027313,-0.0024872
-0.0024261,-0.0026398,-0.0021362,-0.0023956,-0.0040131,-0.0040283
-0.0021667,-0.0026398,-0.0044403,-0.0035706,-0.0031128,-0.0026855
-0.00048828,-0.002655,-0.0050507,-0.0039825,-0.0026245,-0.00086975
0.00062561,-0.0018463,-0.0042114,-0.0023346,-0.002243,-0.00079346
0.0011444,6.1035e-05,-0.0019989,-0.00088501,-0.00085449,0.00016785
0.0016479,0.00064087,-9.1553e-05,-0.00024414,0.00024414,0.0014343
0.0023499,0.0011902,0.00032043,0.0010834,0.0014191,0.0028687
0.0040283,0.002121,0.0017853,0.0018158,0.0024719,0.0036774
0.0050507,0.0035553,0.0021667,0.0024414,0.0022125,0.0035553
0.0049438,0.0049744,0.0037537,0.0033569,0.0021973,0.0041046
0.0055084,0.0057526,0.0058594,0.0041351,0.0031738,0.0043793
0.0055542,0.007309,0.0052643,0.0057373,0.0039978,0.0040436
0.0046844,0.007019,0.0060883,0.0056458,0.0047913,0.0040436
0.0051727,0.0053406,0.0059662,0.0039825,0.0054626,0.0050812
0.0054932,0.0053711,0.0046387,0.0040588,0.0053711,0.0060883
0.0046082,0.0041809,0.0040283,0.0043793,0.0053253,0.0056915
0.0040894,0.0023346,0.0027618,0.0043335,0.006012,0.0047913
0.0034637,0.0028076,0.003418,0.0052795,0.0050507,0.0041656
0.0023956,0.0032043,0.0048065,0.0048828,0.0042419,0.0041351
0.0019226,0.0023956,0.0036316,0.0034332,0.0049744,0.0041962
0.002121,0.0013733,0.001297,0.0029297,0.0041962,0.0036011
0.0027618,0.0007782,0.0021362,0.002655,0.0041199,0.0037537
0.0028992,0.0014496,0.0036774,0.003006,0.0049591,0.0040283
0.0013123,0.0023346,0.0032654,0.0045929,0.0050201,0.0030212
0.0015411,0.0020599,0.0056305,0.0061035,0.0054016,0.0032806
0.0034943,0.0020142,0.0066376,0.0059509,0.0063171,0.0038757
0.0022278,0.0035706,0.0048828,0.0049896,0.0069275,0.0035553
0.0010986,0.0038605,0.005722,0.0050659,0.0066986,0.0045013
0.0030365,0.0027466,0.0048523,0.0059509,0.0069885,0.0056305
0.0045166,0.0034485,0.0037842,0.0053253,0.0074921,0.005249
0.0046844,0.0058594,0.006485,0.0040741,0.0070953,0.0055695
0.0062103,0.0073853,0.0079498,0.0046844,0.0077209,0.0075226
0.0085754,0.0075226,0.0074921,0.0057983,0.009552,0.0083618
0.0090485,0.0088348,0.0081787,0.0070496,0.0093384,0.0090485
0.009491,0.0098419,0.011063,0.0077209,0.0085754,0.0092163
0.010391,0.0098267,0.012589,0.007782,0.0090485,0.0076752
0.0098267,0.011383,0.011887,0.0078888,0.0093079,0.0078125
0.0095673,0.012848,0.012421,0.0067444,0.0092316,0.0085907
0.011078,0.01265,0.012177,0.0064697,0.0085449,0.0093994
0.013245,0.011307,0.011093,0.0059814,0.0093842,0.011429
0.013855,0.011505,0.010223,0.0045776,0.010895,0.012741
0.013336,0.012253,0.0098572,0.0048523,0.011337,0.013458
0.013519,0.011581,0.010651,0.0050507,0.012222,0.014145
0.013428,0.012283,0.011398,0.0059204,0.011765,0.013672
0.01268,0.012787,0.013229,0.0077362,0.010635,0.011475
0.012085,0.014053,0.014725,0.0075836,0.01059,0.0087433
0.011749,0.015015,0.014603,0.006134,0.010345,0.0081635
0.010712,0.012558,0.013031,0.0046692,0.0096741,0.0087738
0.008667,0.010269,0.010071,0.0031433,0.0078125,0.0076904
0.0066833,0.00737,0.0076752,0.0017548,0.0049133,0.006134
0.005127,0.0047455,0.0062866,0.00039673,0.0036621,0.0048523
0.0041046,0.003891,0.0056915,7.6294e-05,0.0046997,0.0038147
0.0031891,0.0028992,0.0047302,0.00094604,0.0052948,0.0044098
0.0037231,0.0033875,0.0038147,0.00068665,0.0055695,0.0051575
0.0049896,0.0044861,0.0044861,0.00022888,0.0065308,0.0053101
0.0052643,0.0046234,0.0056915,0.001358,0.0064697,0.0061188
0.0067596,0.0054779,0.0064392,0.0022583,0.006897,0.0075531
0.0084534,0.0077209,0.007431,0.0033722,0.0080261,0.0076599
0.0087128,0.0094757,0.0094604,0.0048828,0.0082703,0.0065308
0.0083618,0.0095367,0.010635,0.0043488,0.0089569,0.007431
0.0084381,0.0096588,0.0097504,0.0035248,0.0088654,0.0075836
0.0088348,0.010757,0.009903,0.0040436,0.0077362,0.0056915
0.0081177,0.010971,0.01123,0.0032349,0.0071716,0.0060425
0.0072937,0.0095062,0.0099945,0.0010681,0.0064545,0.0063477
0.0068817,0.0079803,0.0075531,-0.00022888,0.0050812,0.005249
0.0055695,0.0065155,0.0056915,-0.0011139,0.0029297,0.0044556
0.0032196,0.0038757,0.0033722,-0.0020752,0.0016937,0.0020294
0.00022888,0.00074768,0.0011902,-0.0035858,0.001297,-0.00086975
-0.0023804,-0.0020905,-0.0013428,-0.0056305,-0.00074768,-0.002121
-0.0042877,-0.0052643,-0.0049591,-0.0079803,-0.0033722,-0.0039673
-0.0075836,-0.0088959,-0.0084229,-0.011475,-0.0066376,-0.0059357
-0.011276,-0.011749,-0.011536,-0.014618,-0.010056,-0.0081329
-0.014023,-0.012878,-0.014069,-0.017242,-0.012283,-0.012466
-0.015961,-0.014297,-0.016068,-0.018631,-0.014816,-0.015259
-0.016617,-0.01738,-0.017929,-0.017914,-0.016968,-0.016769
-0.017593,-0.02034,-0.019012,-0.018524,-0.018829,-0.017426
-0.018005,-0.021317,-0.020462,-0.020401,-0.019196,-0.016495
-0.018372,-0.02034,-0.021881,-0.020294,-0.0177,-0.017761
-0.019287,-0.019791,-0.020798,-0.018494,-0.017746,-0.017593
-0.01828,-0.019485,-0.019363,-0.017029,-0.017059,-0.015869
-0.016922,-0.01799,-0.018616,-0.015564,-0.015976,-0.016296
-0.01593,-0.015442,-0.01619,-0.013,-0.016144,-0.015839
-0.014938,-0.012619,-0.01355,-0.011017,-0.013824,-0.015167
-0.014236,-0.011917,-0.01181,-0.010437,-0.012558,-0.015244
-0.013641,-0.012268,-0.011063,-0.01088,-0.014145,-0.014679
-0.01387,-0.011627,-0.012299,-0.012024,-0.014374,-0.013748
-0.01416,-0.01236,-0.013168,-0.011703,-0.01416,-0.012756
-0.013824,-0.014221,-0.014404,-0.011078,-0.014114,-0.012863
-0.013138,-0.014435,-0.01593,-0.011658,-0.013504,-0.013596
-0.013519,-0.014084,-0.014633,-0.010803,-0.013794,-0.013199
-0.013397,-0.013489,-0.013596,-0.0099487,-0.015106,-0.012711
-0.011856,-0.011765,-0.013672,-0.010406,-0.014389,-0.013687
-0.01329,-0.011948,-0.013077,-0.0096893,-0.01329,-0.014084
-0.01503,-0.01442,-0.012894,-0.008728,-0.015305,-0.012955
-0.014221,-0.015167,-0.013962,-0.0097046,-0.015656,-0.013321
-0.014771,-0.014343,-0.016342,-0.011963,-0.014328,-0.01413
-0.014618,-0.014923,-0.018143,-0.012741,-0.01506,-0.012665
-0.012009,-0.015656,-0.017899,-0.01088,-0.014069,-0.010406
-0.011032,-0.014008,-0.014923,-0.0079041,-0.011154,-0.0089264
-0.010437,-0.010696,-0.010681,-0.0054626,-0.0094604,-0.0090332
-0.0078888,-0.0068512,-0.0088959,-0.0041351,-0.0079498,-0.0091705
-0.0063171,-0.005127,-0.0083618,-0.0028992,-0.0072327,-0.0071106
-0.0054932,-0.0055389,-0.0066071,-0.0016479,-0.0078125,-0.0057526
-0.0051575,-0.0053406,-0.0057526,-0.00090027,-0.0073242,-0.0061951
-0.0067902,-0.0064087,-0.0054779,-0.00042725,-0.0065308,-0.0061493
-0.0079498,-0.0074158,-0.0048676,0.00056458,-0.0062256,-0.0064697
-0.0075989,-0.0063324,-0.0044556,0.0014801,-0.0050659,-0.0077362
-0.00737,-0.0053711,-0.004303,0.0011902,-0.0043793,-0.0072784
-0.007431,-0.0052032,-0.0051727,0.00056458,-0.0044403,-0.0054932
-0.0067596,-0.006485,-0.0060272,0.0005188,-0.0042419,-0.004425
-0.0053711,-0.0071259,-0.0062103,0.00099182,-0.0030975,-0.0033264
-0.0041504,-0.0066681,-0.0055847,0.00056458,-0.0019226,-0.002182
-0.0037994,-0.0062714,-0.0060425,0.00097656,-0.0026398,-0.00082397
-0.0032959,-0.0055542,-0.0070343,0.0021667,-0.0023193,-0.0010529
-0.0020447,-0.0056763,-0.0054779,0.0010376,-0.0017853,-0.0014343
-0.0017395,-0.0040283,-0.0037842,-0.0002594,-0.0022125,-0.00016785
-0.0011292,-0.001297,-0.0034943,0.00042725,-0.0018768,7.6294e-05
9.1553e-05,-0.0012207,-0.0026703,0.0026093,-0.002243,0.0011749
0.0012665,-0.00045776,-0.00076294,0.0036469,-0.00047302,0.0011444
0.002182,0.0023956,-0.00019836,0.0037231,0.0023193,0.00028992
0.0024109,0.0031433,0.00065613,0.0045929,0.0014801,0.0016937
0.0024872,0.0023956,0.0036621,0.0056763,0.0010071,0.0013123
0.0015106,0.0025482,0.0050507,0.0066528,0.0019836,0.0007019
-4.5776e-05,0.0019226,0.004837,0.0068207,0.0014954,0.0002594
-0.0013733,0.0022125,0.0052185,0.0076294,0.0015106,-0.00093079
-0.0014343,0.0027161,0.0055389,0.0075073,0.0016479,-0.0007019
-0.00013733,0.0023346,0.0034637,0.0060272,0.0013428,0.00015259
0.0018311,0.0036621,0.0027466,0.0057373,0.0025482,0.0014648
0.0029755,0.00383,0.0043488,0.0054474,0.0030518,0.0013733
0.0011597,0.0028229,0.0032654,0.0063019,0.0019989,0.00050354
0.0004425,0.0013885,0.0042419,0.0068512,0.00177,0.0013885
0.0010834,0.0007019,0.0052795,0.0065155,0.0023346,0.0013733
0.00038147,0.0036316,0.0032501,0.0072632,0.0022278,0.00033569
0.0016022,0.0044861,0.0035248,0.0054474,0.0028992,0.00177
0.0036316,0.0029907,0.0026398,0.003006,0.0046997,0.0036926
0.0038757,0.0037994,0.0021515,0.0045624,0.0045471,0.0045013
0.0045319,0.0040588,0.0049744,0.0068665,0.004715,0.0060272
0.0049133,0.0044403,0.0054626,0.0069275,0.0068665,0.0059357
0.0044861,0.0059509,0.0058441,0.0067444,0.0076294,0.0059204
0.0058136,0.0059814,0.0081024,0.0072021,0.0072784,0.007782
0.007431,0.0065002,0.007782,0.0081177,0.0076752,0.0076752
0.0080872,0.0086365,0.0069275,0.009552,0.0088654,0.0082092
0.0091858,0.0098572,0.0085907,0.009201,0.0094604,0.0099487
0.010117,0.0099487,0.0098877,0.0086823,0.0089874,0.0092621
0.0096893,0.010147,0.0103,0.0090485,0.0094299,0.0082397
0.0087585,0.0087433,0.009491,0.0087891,0.0093079,0.0089874
0.008194,0.0068817,0.0080719,0.0091553,0.0088196,0.009964
0.0076141,0.0078888,0.010117,0.0087128,0.0093231,0.0079193
0.0073547,0.0094452,0.011292,0.0085297,0.008728,0.005722
0.0073395,0.0096283,0.0097198,0.0080566,0.0077057,0.0065918
0.0077209,0.0091858,0.0088501,0.0048065,0.0062561,0.0070343
0.0069122,0.0081024,0.0078125,0.0037537,0.0052338,0.0072174
0.0055847,0.0063477,0.0086517,0.0050354,0.0057831,0.0078583
0.006134,0.0060272,0.0089874,0.0059967,0.0066681,0.0062408
0.0060425,0.007309,0.0073395,0.0070648,0.0071411,0.0031433
0.0056915,0.0066223,0.0078735,0.0059967,0.0059204,0.003418
0.0061035,0.0057983,0.0073242,0.0036163,0.0045471,0.0052643
0.0061493,0.0063477,0.0052338,0.0029297,0.0040436,0.0049744
0.0059814,0.0063171,0.0056915,0.0022125,0.0042877,0.0055237
0.0051117,0.0063782,0.0059204,0.00035095,0.0046844,0.0062103
0.0050049,0.0056305,0.0041199,0.0004425,0.0039063,0.0053711
0.0052643,0.0045013,0.0032806,0.0012207,0.0030212,0.0036774
0.0034027,0.0036011,0.0034027,0.00064087,0.001358,0.0011749
0.00065613,0.0025177,0.002243,0.00039673,0.00094604,-0.00036621
-0.0004425,0.0025024,0.0030212,0,0.0024261,-0.00050354
-3.0518e-05,0.0020142,0.0048676,-0.00080872,0.0010529,0.00015259
-0.00073242,0.0013123,0.0026703,-0.0013733,-0.0002594,0.00030518
-0.0011597,0.00036621,0.00032043,-0.0012512,-0.00068665,-0.0010223
-0.00013733,-0.0015564,-0.00019836,-0.0018158,-0.0022888,-0.0016327
0,-0.00090027,-0.0014343,-0.0033875,-0.0014954,-0.0016479
0.00016785,0.0007019,-0.0010529,-0.0032349,-0.00071716,-0.0016479
0.00073242,0.00067139,0.00067139,-0.0017548,-0.0014496,-0.00045776
0.0015717,0.0016785,0.00086975,-0.0016327,0.00021362,0.00085449
0.0025177,0.0020905,0.0015564,-0.0018311,0.0011444,0.0016174
0.0012207,0.0013428,0.0024567,-0.00064087,-0.00018311,0.0018311
0.00033569,0.0014954,0.00064087,-0.0014954,0.00048828,0.00090027
0.00071716,1.5259e-05,-0.0023499,-0.0036316,-0.00073242,-0.00024414
-0.00045776,-0.0024719,-0.0039063,-0.0048218,-0.0040588,-0.00083923
-0.0013733,-0.0040436,-0.0047302,-0.0072021,-0.0044403,-0.0020142
-0.0037079,-0.0053101,-0.0070953,-0.0085144,-0.0057068,-0.00383
-0.0071259,-0.0063934,-0.0081635,-0.0091095,-0.0073547,-0.0061951
-0.0091248,-0.0080872,-0.0084076,-0.0098877,-0.008316,-0.0092621
-0.011826,-0.0093689,-0.010422,-0.0095978,-0.010193,-0.010056
-0.01178,-0.010681,-0.01149,-0.010132,-0.010864,-0.0087891
-0.0089569,-0.012558,-0.012589,-0.011215,-0.011307,-0.0091705
-0.0087433,-0.01207,-0.013321,-0.012009,-0.0112,-0.009903
-0.0096893,-0.0097809,-0.013123,-0.011719,-0.011261,-0.0095978
-0.010208,-0.0098419,-0.013168,-0.01123,-0.012161,-0.0099945
-0.010071,-0.011215,-0.012894,-0.010529,-0.011719,-0.0098114
-0.0093994,-0.01059,-0.012177,-0.0079498,-0.010605,-0.0087128
-0.0092926,-0.0093079,-0.0096893,-0.006424,-0.0086517,-0.0081024
-0.0085449,-0.007309,-0.0068512,-0.0040741,-0.0071564,-0.0063782
-0.0056458,-0.0055237,-0.0049286,-0.0017548,-0.0060577,-0.0042877
-0.0026703,-0.004715,-0.0045929,-0.0025482,-0.0037689,-0.0033112
-0.0020599,-0.002594,-0.0047455,-0.001709,-0.0028229,-0.0017548
-0.0013275,-0.00093079,-0.0028992,-0.00047302,-0.0020599,-7.6294e-05
-0.00071716,-0.00042725,-0.00080872,0.00054932,-0.00059509,0.00036621
0.00050354,-7.6294e-05,0.00085449,0.0020142,0.00036621,0.0011292
0.0036469,0.0009613,7.6294e-05,0.0024109,0.001709,0.0023041
0.0031891,0.0016327,-0.0018158,0.0028534,0.0021515,0.0018768
0.00076294,-0.00027466,-0.0014191,0.0012817,0.00057983,0.00099182
0.00053406,-0.0015869,-0.0011749,-0.00050354,-0.00094604,0.0012207
-0.00083923,-0.0016785,-0.0016174,0.00038147,-0.00053406,0.0007019
-0.0024719,-0.0019073,-0.0016785,0.0015106,-0.00039673,-0.00016785
-0.00088501,-0.0025024,-0.0013428,0.0010986,-0.0014648,-0.0002594
9.1553e-05,-0.0024414,-0.0018768,-0.00019836,-0.0010834,-1.5259e-05
-0.0013428,-0.0004425,-0.0018616,0.00010681,-0.0016632,-0.00088501
-0.0022278,-0.0012817,-0.00086975,0.00042725,-0.0037537,-0.0035858
-0.0031891,-0.00354,-0.0022583,-0.0019379,-0.0037537,-0.0048065
-0.0045776,-0.0037537,-0.0046387,-0.0028839,-0.0037384,-0.0034943
-0.0045929,-0.0041809,-0.0053864,-0.0016937,-0.0032806,-0.0018005
-0.0025482,-0.0041809,-0.0038147,-0.0007019,-0.00074768,-0.00083923
-0.00019836,-0.0026855,-0.0016937,0.0012665,0.0014496,0.00039673
0.0010223,0.00013733,0.00056458,0.0028229,0.0025635,0.0016327
0.001709,0.0028076,0.0033875,0.0036011,0.0027618,0.002121
0.0026093,0.0050659,0.0047455,0.0044708,0.0037994,0.0032349
0.0046539,0.0063629,0.006012,0.0058899,0.0054016,0.0045319
0.0062561,0.0058441,0.0066681,0.0083008,0.0064087,0.0059052
0.0058746,0.0058136,0.0068207,0.008667,0.0084076,0.0064392
0.0052185,0.0063324,0.0081024,0.0080566,0.00914,0.0064087
0.0058746,0.0067749,0.0077515,0.0081482,0.0082397,0.0083618
0.007782,0.0072174,0.0073547,0.0074615,0.0085907,0.0096436
0.0089874,0.0074615,0.0089569,0.0069122,0.0089417,0.0096436
0.0097046,0.0084991,0.0090179,0.0072174,0.0085144,0.010025
0.010635,0.01001,0.0080261,0.0089722,0.0095062,0.0091553
0.0088501,0.0095062,0.0093536,0.0090485,0.010086,0.0075226
0.0060425,0.0067139,0.009201,0.0060425,0.0082703,0.0069427
0.0048523,0.0051727,0.0066986,0.005249,0.0074615,0.0076447
0.0054474,0.0050964,0.0067902,0.0052948,0.0067444,0.0070038
0.0058441,0.0047913,0.0066071,0.004303,0.004303,0.0040741
0.0039978,0.0048676,0.0059357,0.0040588,0.0031128,0.0027008
0.0045624,0.0050354,0.0067596,0.0031128,0.0032654,0.0036926
0.0051117,0.0055084,0.005188,0.0032501,0.0043793,0.0042572
0.0037079,0.0059662,0.0046692,0.0034637,0.0069275,0.0045319
0.0047913,0.0057526,0.0065613,0.0033569,0.0075989,0.0055237
0.0055847,0.0067596,0.0069275,0.0059357,0.0065155,0.0066833
0.0073547,0.0083771,0.0094757,0.0064392,0.0066071,0.0069427
0.009201,0.0086823,0.011322,0.0053558,0.0066833,0.0067291
0.0080566,0.0093536,0.0093384,0.0069275,0.0083466,0.0077515
0.0088959,0.0086823,0.0097504,0.0071716,0.010971,0.0079803
0.0088959,0.007309,0.0097198,0.005188,0.010178,0.0076447
0.0062256,0.0092163,0.0079651,0.0050964,0.008194,0.0087891
0.0074005,0.0091095,0.0091858,0.0054779,0.0085907,0.0083466
0.0094147,0.0068665,0.0092926,0.0046387,0.0093536,0.0073547
0.0084991,0.0080566,0.0077667,0.0052643,0.0090332,0.0090179
0.0094299,0.0090485,0.0087585,0.0060883,0.0097504,0.010193
0.010681,0.0081787,0.0087738,0.0058594,0.010925,0.0090637
0.0080566,0.0071411,0.0077972,0.0057983,0.0112,0.0087128
0.0061493,0.0051727,0.0079346,0.0044403,0.010056,0.009201
0.0061951,0.0040436,0.0057983,0.0024414,0.0075989,0.0088043
0.0049896,0.0039063,0.0033875,0.0010529,0.0058746,0.0069275
0.0032654,0.0030975,0.002655,-0.00061035,0.0045013,0.0036011
0.0026245,0.0023651,0.0021973,-0.0011444,0.0024261,0.0018311
0.0034485,0.0022736,0.0024261,-0.00074768,0.0016174,0.0022888
0.0038605,0.0027924,0.0026245,-0.0023499,0.0025177,0.0029449
0.0032043,0.0028381,0.0021667,-0.0041046,0.00177,0.0028229
0.0021667,0.0033875,0.0010986,-0.0019531,0.0011139,0.0032043
0.0023193,0.0039063,0.0030365,-0.00041199,0.0039673,0.0031738
0.0027771,0.0022583,0.006546,-1.5259e-05,0.004303,0.00090027
0.0016632,0.0032806,0.0061951,0.0027466,0.0028534,0.0022888
0.0040131,0.006012,0.0068817,0.0019684,0.0036316,0.0041351
0.0058594,0.0054932,0.0068207,0.00061035,0.0020905,0.002121
0.0033417,0.0058594,0.0052643,0.0013123,0.0016937,0.0025177
0.0050354,0.0056915,0.0065918,0.0011139,0.0043488,0.0024719
0.0045776,0.0044556,0.0066223,0.0020752,0.0054474,0.0024567
0.0015869,0.0046997,0.0058289,0.0026703,0.0047302,0.0041809
0.0045776,0.0041962,0.0056763,0.0021515,0.0043182,0.0038147
0.0052643,0.0040588,0.0051117,0.00076294,0.0043182,0.0033112
0.0037689,0.0039215,0.0046844,0.00085449,0.0044556,0.0046997
0.0053101,0.0043182,0.0052032,0.0016327,0.0059052,0.0064545
0.0066071,0.0050507,0.0048828,-0.00022888,0.0060272,0.0059509
0.0050659,0.0052948,0.0025635,-0.00048828,0.0049591,0.0065002
0.0048523,0.0044556,0.0014954,-0.0010834,0.005127,0.0074158
0.0068359,0.00090027,0.0011597,-0.0041656,0.0037842,0.0046692
0.0032959,-0.00091553,-0.00036621,-0.00354,0.00082397,0.0027924
-0.0010223,0.00019836,-7.6294e-05,-0.0016632,-0.00015259,0.00094604
-0.00079346,-0.00054932,0.00080872,-0.00177,0.0014343,-0.0010986
-0.00056458,-0.0018005,-0.00076294,-0.0013733,0.0022583,6.1035e-05
1.5259e-05,-0.0014343,-0.0014038,-0.0011749,0.0015564,1.5259e-05
-0.00085449,-0.0018158,0.00016785,-0.0024109,0.0009613,-0.0013885
-0.0027466,-0.0018921,0.0009613,-0.0010681,-0.00022888,-0.0010986
-0.0014191,-0.00012207,0.0025024,0.00036621,0.0016937,0.00047302
0.00050354,0.00086975,0.0035248,-0.0031586,0.0023804,0.00039673
0.00041199,0.0012817,-0.00012207,-0.00354,-0.0015411,0.0007019
0.0021362,0.0032043,-0.0012512,-0.0025482,3.0518e-05,0.0019379
0.004776,0.0022125,0.001709,-0.0052338,0.0020142,-0.00027466
0.0014343,0.00028992,0.00054932,-0.0029144,-0.0010529,0.0017395
0.001709,0.0024872,-0.00088501,0.00067139,0.0011749,0.0055542
0.0067902,0.0022888,0.0023193,-0.00015259,0.004837,0.002243
0.0032349,0.001709,0.0029297,0.00094604,0.0033417,0.0022583
0.001709,0.0043488,0.0018768,0.0002594,0.0030823,0.0049591
0.0049133,0.0031738,0.0022736,-0.0025024,0.0022736,0.0026093
0.0019684,0.0018158,0.00088501,-0.0021973,0.0011749,0.0035858
0.0018463,0.00048828,-0.00035095,-0.0031738,0.0018463,0.0045166
0.0036774,-0.0016785,-0.0021057,-0.00383,0.00061035,0.0023956
0.0024719,0.0013428,-0.0034332,-0.0014038,-0.00065613,0.0034485
0.0048523,0.0025177,-0.0015106,-0.0027008,0.0004425,0.0026245
0.004715,-0.00032043,-0.00082397,-0.0061035,0.0011444,0.0014648
0.00061035,-0.00024414,-0.0023651,-0.0021057,-0.00016785,0.0027924
0.00039673,0.00019836,-0.00083923,0.0013275,0.0013123,0.0010834
0.00079346,-0.0027313,-0.00045776,-0.0037384,0.0034485,0
-0.0019989,-0.0028992,-0.0040741,-0.005249,0.00085449,0.0028534
-0.0013428,-0.0007019,-0.0036163,-0.0020294,-0.00042725,0.0029297
0.0018158,-0.0023804,-0.0009613,-0.0027008,0.00073242,-0.0014191
-0.0010529,-0.0028992,-0.0019684,-0.0018158,-0.00053406,-0.0027008
-0.0030823,-0.00061035,-0.0020599,-0.00050354,-0.0012665,-0.00024414
0.00012207,-0.0016479,-0.0012512,-0.0014496,-7.6294e-05,-0.001358
-0.0019073,-0.0027008,-0.0014648,-0.0018768,0.00088501,-0.0019531
-0.0039673,-0.0022125,-0.00030518,-0.002594,-0.0002594,0.00064087
-0.00021362,-0.0021667,-0.00021362,-0.00099182,0.00024414,0.0012512
0.00064087,0.0017395,-0.00074768,0.00057983,0.0027618,0.00048828
0.0013885,0.0028076,0.0022583,0.0009613,0.0019684,0.00016785
0.0023041,0.0010376,0.0052795,0.0012817,0.0015869,0.00093079
0.001358,0.003891,0.0042725,0.0019073,0.0016937,0.0019989
0.0024872,0.0042267,0.0039215,0.0039825,0.00177,0.0011597
0.0020142,0.0022278,0.004303,0.0018158,0.002594,0.00065613
0.00080872,0.0029755,0.0027771,0.00045776,0.0013428,0.0015106
0.0010986,0.0033875,0.002594,0.0010223,0.0017548,0.0004425
0.0010071,0.0030518,0.0037537,-0.0035553,-3.0518e-05,-0.00053406
0.0014038,0.0033722,0.0015411,-0.0010986,-0.0029602,-0.00038147
0.0016022,0.0049286,0.00091553,0.0016022,0.00059509,-0.0014496
0.0022736,0.0024872,0.003418,-0.00093079,0.0010071,-0.0024872
0.00039673,-0.00065613,0.0021973,0.00039673,-0.00039673,0.0010681
0.00018311,0.0013428,0.0012207,0.00042725,0.0012512,0.0030975
0.0016174,0.0016937,0.0019226,0.0016022,0.0012817,-0.00010681
-0.0018158,0.00086975,0.0032043,-0.0015564,-0.0004425,-0.0011444
-0.0014954,0.00015259,0.00045776,-0.0041504,-0.0039673,-0.0018616
-0.0013733,0.00035095,-0.0021515,-0.00030518,-0.0030823,-0.0031281
-0.0023193,-0.001236,0.00064087,-0.0026398,-0.0019531,-0.004364
-0.002182,-0.0031891,-0.0018616,-0.004364,-0.0048065,-0.0033264
-0.0037689,-0.0012512,-0.0037842,-0.0031891,-0.0034943,-0.0018768
-0.002243,-0.0022278,-0.0018005,-0.002121,-0.0015106,-0.0037994
-0.0030975,-0.0031433,-0.0014191,-0.0023956,-0.00093079,-0.0041504
-0.0050964,-0.0033875,-0.0024567,-0.0047607,-0.0029297,-0.0046234
-0.005249,-0.0038757,-0.0056763,-0.0014954,-0.0062408,-0.0037537
-0.0052795,-0.0050507,-0.0031128,-0.0048828,-0.0039063,-0.0048065
-0.0070343,-0.0097504,-0.0036163,-0.0094452,-0.0068359,-0.0088959
-0.012756,-0.008667,-0.010712,-0.0044861,-0.010361,-0.0075073
-0.011032,-0.0072174,-0.0072479,-0.0060425,-0.0062714,-0.011642
-0.0099335,-0.011078,-0.0063171,-0.0054626,-0.0084991,-0.014542
-0.014648,-0.0091858,-0.0086365,-0.0055847,-0.0091248,-0.00737
-0.008728,-0.0080719,-0.0064392,-0.011215,-0.0073395,-0.0082703
-0.0061188,-0.0097198,-0.011642,-0.0053864,-0.0092926,-0.0066528
-0.0077057,-0.0072937,-0.0095978,-0.0036621,-0.0043488,-0.0023499
-0.0039673,-0.0076904,-0.0037842,-0.0084076,-0.0031738,-0.0071564
-0.0075836,-0.0054932,-0.0083466,-0.0022278,-0.0062866,-0.004715
-0.0050507,-0.00067139,-0.0053711,0.00016785,-0.0023499,-0.0022736
0.0021667,-0.003479,-0.00061035,-0.0048676,-0.0021057,-0.0051422
-0.0032043,-0.0026398,-0.0049591,-0.0021057,-0.0046997,-0.001358
-0.002655,0.0014801,-0.0036011,0.0016785,-0.0021057,0.00073242
0.00354,-0.00030518,0.0019684,-0.0023193,-4.5776e-05,-0.00099182
0.0009613,0.00088501,0.0007782,-0.00094604,-0.0024567,0.0011597
0.0018463,0.0052338,0.00053406,0.006073,-0.00018311,0.0038147
0.0071411,0.0051727,0.006485,0.0022888,0.004364,0.0005188
0.0036163,0.0036316,0.0037537,0.0023346,-0.00027466,0.0011444
0.0015106,0.0065918,0.0010071,0.0047913,0.00053406,0.0063019
0.0085449,0.0056305,0.0068512,-0.00079346,0.0022583,0.00047302
0.0033569,0.0019531,0.0020142,0.0031281,-0.0016937,-0.00039673
-0.0022278,0.0045319,0.0011139,0.0017395,0.00073242,0.0022888
0.0030365,0.00082397,0.002243,-0.0017242,-0.0019073,-0.0033722
-0.0039063,-0.0033569,-0.0046387,0.0019989,-0.0019531,-0.0025024
-0.0056152,-0.0034637,-0.0020294,-0.0024261,-0.00082397,-0.003479
-0.0027771,-0.0057983,-0.0025787,-0.0028839,-0.0070648,-0.0048065
-0.0069885,-0.0041046,-0.0066986,-0.0018311,-0.0049133,-0.0033417
-0.00354,-0.003891,-0.0038605,-0.0057373,-0.0039825,-0.0091705
-0.0076141,-0.0065002,-0.0038147,-0.006134,-0.010406,-0.0091705
-0.011429,-0.0068512,-0.0070953,-0.0047913,-0.011139,-0.0049896
-0.0064545,-0.0067139,-0.0066528,-0.0057831,-0.0069733,-0.010269
-0.0090179,-0.0088043,-0.0065308,-0.0075073,-0.0084229,-0.011353
-0.010284,-0.0089569,-0.0084991,-0.0030823,-0.0089722,-0.0046997
-0.0068817,-0.0069427,-0.0051727,-0.0016327,-0.0027466,-0.0068817
-0.0049591,-0.006485,-0.0047302,-0.0040436,-0.0032501,-0.0071259
-0.0039063,-0.0041199,-0.006073,-0.0023346,-0.0053406,0.00012207
-0.00061035,-0.0026093,-0.0037537,-0.0011444,-0.0025024,-0.00016785
0.0011139,-0.0004425,-0.0029602,0.0032654,-0.00015259,-0.0018616
-0.0027771,-0.00016785,0.0024567,0.0025024,0.00090027,-0.0020447
-0.0032349,-0.0031891,0.002533,-0.0010376,-0.0021515,-0.0020905
-0.0011292,0.0012512,-0.0022888,0.0038757,-0.0016174,0.00059509
0.00041199,0.0016937,0.00093079,0.003006,0.0028992,-0.0010834
0.0007019,-0.0034637,0.0011444,-0.0010529,-0.00015259,-0.0011444
-0.002182,-0.00061035,-0.0032043,0.00015259,-0.003479,0.0018158
-0.0002594,0.0021667,-0.0038757,-0.00057983,-0.00082397,-0.0005188
0.0016174,-0.002121,-0.002243,-0.0028534,-0.0027008,-0.0026703
-0.003891,-0.0054321,-0.0045319,-0.0032959,-0.0049438,-0.0022125
-0.0056305,-0.0046997,-0.0064087,-0.0022278,-0.0040131,-0.0053253
-0.0053253,-0.0070496,-0.0062714,-0.0017853,-0.0056458,-0.005661
-0.007309,-0.0075989,-0.0079803,-0.0076752,-0.0046234,-0.0033569
-0.0053406,-0.0069733,-0.0095978,-0.0090332,-0.0073242,-0.0062256
-0.0059357,-0.0083313,-0.010986,-0.00383,-0.0094604,-0.0044708
-0.0064697,-0.007782,-0.008728,-0.0067444,-0.006546,-0.0061798
-0.0085144,-0.0094452,-0.0091248,-0.0090637,-0.0095825,-0.010468
-0.012329,-0.0084686,-0.012451,-0.0058594,-0.011276,-0.0065155
-0.0077362,-0.0084839,-0.010803,-0.0033875,-0.0079193,-0.011246
-0.010696,-0.011505,-0.0073395,-0.0058899,-0.0084381,-0.013641
-0.013672,-0.0099335,-0.0074921,-0.0055847,-0.011795,-0.0066376
-0.0078735,-0.0064697,-0.0080566,-0.0015564,-0.0072174,-0.0097961
-0.0080719,-0.0057526,-0.0058441,-0.0018158,-0.0045166,-0.010284
-0.0070648,-0.0071259,-0.0052795,-0.0010986,-0.0065613,-0.0036316
-0.0054169,-0.0056305,-0.0037689,-0.0019836,-0.0054932,-0.0051422
-0.0046234,-0.0034027,-0.005127,9.1553e-05,-0.0053253,-0.0034485
-0.0015259,-0.0032501,-0.0044861,0.0013275,-0.00061035,-0.0015106
-0.00093079,-0.0033417,-0.0014801,0,0.00053406,-0.0016174
-0.00088501,0.00056458,-0.0031891,0.0051422,0.00018311,0.0039978
0.0014954,0.0007782,0.0011902,0.005188,0.0023956,-0.00016785
0.0017395,-0.0024872,0.0027771,0.0023499,-0.0012512,-0.0013885
-0.0014343,0.00071716,-0.00062561,0.0022888,-0.002121,0.0020142
3.0518e-05,0.0016785,-0.0012512,0.0028381,-0.00097656,-0.00065613
0.0022736,0.00073242,-0.0021667,0.0014801,0.0021667,0.00045776
-0.00018311,-9.1553e-05,-0.0011139,-0.0022125,0.0014954,0.00015259
0.00059509,0.00035095,-0.0023041,0.0025787,-0.0032196,0.0037079
0.0042267,0.0023193,-0.0014496,0.0042419,0.0017395,0.0026093
0.0032806,-0.00099182,0.0011597,0.0018463,0.0034027,-0.00085449
0.00067139,0.00050354,0.0014496,0.0028992,0.00028992,0.0060577
0.0019836,0.0030518,-0.0002594,0.003006,0.00097656,0.00354
0.0033112,0.0024567,-0.0015106,0.0056763,0.0045013,0.0026398
0.0030823,0.0012817,0.0043488,0.0033722,0.0054779,0.0024872
-0.0013733,-0.0019226,0.0031128,0.0041351,-1.5259e-05,0.00032043
-0.00054932,0.0046082,0.0017853,0.0091095,0.00083923,0.0053864
0.0075378,0.0053406,0.0070648,0.0068359,0.0063019,-0.00059509
0.00083923,0.0011902,0.0081177,0.001297,0.003891,-0.0012665
-0.0018311,0.0044403,0.002182,0.0048828,-0.0032043,0.0054779
0.0062408,0.0043945,-0.0012665,0.0073395,0.0027008,-9.1553e-05
0.0027618,0.0010986,0.0045929,-0.0039673,0.0017853,-0.004303
-0.00354,-0.001297,-0.0013123,-0.0039063,-0.0090027,0.0011597
-0.0011902,0.0026855,-0.0029297,-0.00091553,-0.0017548,-0.00076294
0.0023193,-0.00050354,7.6294e-05,-0.0016022,-0.0019073,-0.0044403
-0.0025024,-0.0043945,-0.003418,-0.0004425,-0.00083923,0.0016479
-0.0009613,-0.00036621,-0.0011444,-0.0049286,0.003067,0.00041199
0.003891,0.00079346,-0.0050049,0.00061035,-0.0042419,0.0030365
0.0035858,0.0033569,-0.00035095,0.0036011,0.0024261,0.004837
0.0050049,0.0013428,0.0053253,-0.00065613,0.002533,-0.0016174
-1.5259e-05,-0.00097656,0.00019836,0.0050049,-0.0020905,0.0028839
-0.0019226,0.00091553,0.00094604,0.007019,0.0059357,0.0032196
0.0016632,-0.0010834,0.0017548,0.00027466,0.0048981,-0.00094604
-0.0023346,-0.0034485,0.00086975,-0.00083923,-0.001709,-0.001358
-0.0052338,-0.0015564,-0.0024719,0.005249,-0.0026093,-0.0027008
-0.0011444,-0.00082397,0.0012665,0.00090027,-0.00079346,-0.0040283
-0.0017853,-0.0045166,0.0035553,-0.0035858,-0.0028229,-0.0035858
-0.0061188,-0.0022736,-0.003891,0.0020752,-0.0026245,0.00067139
-0.0009613,0.00041199,-0.00074768,0.0023193,0.0016022,-0.0020599
-0.00024414,-0.0028687,0.0016022,0.0035095,0.0013885,-0.0029297
-0.0041199,-0.0019379,0.0020294,0.0011749,0.00062561,0.00059509
0.0010071,-0.00030518,0.0014954,0.0013885,-0.00010681,-4.5776e-05
-0.00012207,0.0034485,0.00090027,0.0063019,0.003952,0.0024414
0.0010071,0.0025635,0.0062714,4.5776e-05,0.0054626,0.00085449
0.0037384,-0.00012207,0.0018005,-0.00041199,-0.0017242,0.0028229
0.0019989,0.0061951,-0.00082397,0.0060425,0,0.0053864
0.0068359,0.0029602,0.0042877,0.0019379,0.0059967,-0.0015411
0.0018768,0.00016785,0.0028992,-0.0031281,0.0002594,0.0016632
0.00085449,0.0046844,-0.0010681,0.0026398,0.00027466,0.0064545
0.0080719,0.0037231,0.0023651,0.0047607,0.0075684,0.00030518
0.0036469,0.0028534,0.005188,0.0016174,0.0031128,0.0039063
0.0032501,0.0041046,0.0031891,0.00010681,0.0028381,0.0089569
0.0083618,0.0057373,0.0016785,0.0015869,0.0039368,0.0056152
0.01004,0.0072021,0.0030975,0.0050812,0.004837,0.0088806
0.0088501,0.0062103,0.0087585,0.002243,0.01004,0.0081482
0.0070648,0.0058441,0.0059357,0.0040131,0.0043488,0.010345
0.0093231,0.010208,0.0029297,0.010773,0.0078888,0.01297
0.010071,0.0095673,0.010208,0.0076141,0.01535,0.003891
0.0074768,0.0034637,0.011368,0.0019226,0.0055847,0.0062561
0.0048065,0.0078125,0.0041351,0.0065613,0.0016174,0.011368
0.00914,0.011597,0.004776,0.0089417,0.0094757,0.0056305
0.011444,0.0031433,0.010315,0.0021515,0.0076752,0.0036011
0.0011292,0.0040588,0.0061646,0.0043945,0.0031738,0.0072784
0.0029449,0.008667,0.0042725,0.0072632,0.0085602,0.0056458
0.0070648,0.0040894,0.0060577,0.0041962,0.0061951,0.0028076
0.00042725,0.0031891,0.0049744,0.0031586,0.0036316,0.0041199
0.0031281,0.003067,0.0059967,-1.5259e-05,0.0046539,0.0016632
0.0055695,0.0033417,0.0019379,0.0053101,0.00079346,0.0050201
0.0050964,0.0061493,0.0047913,0.0050354,0.0071564,0.0062408
0.0055695,0.0025177,0.0092621,-0.00068665,0.0055084,-0.00061035
0.0011292,0.0041504,0.0035553,0.0072937,0.0014191,0.0060425
0.0036926,0.0097046,0.0064697,0.0057831,0.0099792,0.0042419
0.0071869,0.002533,0.0073242,0.00015259,0.0063934,-0.00082397
0.0013428,0.0016479,0.0031738,-0.00035095,0.00086975,0.0074005
0.002594,0.0044708,0.00047302,0.00082397,0.0019226,0.0024567
0.0042114,0.0012207,0.00022888,0.00083923,0.0024414,-0.0018616
-0.0016479,0.00061035,0.0032349,-0.0070953,-0.0023956,-0.00056458
-0.0025635,-0.00019836,-0.002121,-0.0034637,-0.0053711,-0.0038605
-0.0019836,0.0017548,-0.0033112,-0.00019836,-0.00071716,-0.0045166
-0.0015564,-0.001709,0.00048828,-0.0081024,-0.003952,-0.0039673
-0.0026703,-0.0036011,-0.0026398,-0.0059357,-0.0072784,-0.0037079
-0.0029449,0.0007782,-0.0038605,-0.0025787,-0.0057068,-0.0041351
-0.00039673,-0.003418,-0.00053406,-0.0061188,-0.003952,-0.0063934
-0.0048676,-0.0042877,-0.0034485,-0.005661,-0.0057983,-0.0046997
-0.0056458,-0.00071716,-0.0058136,-0.0057068,-0.0049286,-0.0016022
-0.0018158,-0.0038147,-0.0033722,-0.0063477,-0.0019684,-0.0074158
-0.0048981,-0.0041199,-0.006897,-0.0015717,-0.006546,-0.0037842
-0.0030212,-0.0029144,-0.00090027,-0.003479,-0.0024719,-0.00094604
-0.00083923,-0.0041962,0.0026398,-0.0055695,-0.0032806,-0.0095673
-0.0067596,-0.00085449,-0.0067902,0.0024109,-0.0074768,-0.0028076
-0.0039825,-0.001358,0.00088501,-0.0065613,0.00071716,-0.0015106
0.00086975,-0.0060425,-0.0012054,-0.011276,-0.0075226,-0.0062561
-0.0057526,0.0011292,-0.011917,0.0050659,-0.0075378,0.0013885
-0.0030365,-0.0011749,0.0033569,-0.0057373,0.0037994,-0.0073242
-0.0041504,-0.014099,-0.0024414,-0.011536,-0.011688,-0.011124
-0.015396,-0.0032501,-0.017609,0.00090027,-0.011856,0.00064087
-0.0027771,-0.0045776,-0.0053864,-0.011475,0.00018311,-0.010895
-0.0056915,-0.017319,-0.0096436,-0.011963,-0.011887,-0.014145
-0.019211,-0.0086212,-0.017441,-0.0021667,-0.011261,-0.00015259
-0.0019531,-0.0090637,-0.0052185,-0.01355,-0.0013275,-0.0083466
-0.0052795,-0.011658,-0.011276,-0.0078583,-0.010269,-0.011002
-0.015686,-0.0045929,-0.013367,-0.00018311,-0.0077515,-0.0011292
9.1553e-05,-0.0096741,0.0002594,-0.011932,-0.0032959,-0.008606
-0.0057373,-0.010452,-0.0097046,-0.0010223,-0.010406,-0.0049591
-0.010178,0.00090027,-0.0064545,0.0036926,0.0010071,0.0035095
0.0071259,-0.0045471,0.0056305,-0.0057831,0.0026703,-0.0049133
-0.0025787,-0.0024109,-0.004837,0.0088348,-0.0035095,0.0022888
-0.0020142,0.0083313,0.0024567,0.0086365,0.0089417,0.0071411
0.010559,-0.0014801,0.0088043,-0.0032043,0.005722,-0.003418
-0.0053864,0.0009613,-0.0033264,0.00737,-0.0022583,0.0041199
0.00064087,0.0078735,0.0016022,0.0094452,0.0078125,0.0084686
0.010635,4.5776e-05,0.0087738,0.00085449,0.0094604,-0.0020905
-0.0044403,0.00024414,0.0010834,0.0019379,-0.0013123,0.0050049
0.0018158,0.003418,-0.0026703,0.0055389,-0.00071716,0.0077972
0.0093994,0.00016785,0.0014648,0.0016632,0.0060425,-0.0039825
-0.0036621,-0.0033569,-0.00086975,-0.0034637,-0.0014648,0.001236
-0.0053406,-0.0010834,-0.0048523,-0.001709,-0.0065918,0.0027466
0.0019989,-0.0010529,-0.0020599,-0.0020294,-0.00074768,-0.0076599
-0.0042419,-0.0069122,-0.0031738,-0.0061493,-0.0030518,-0.0054321
-0.0091858,-0.0055237,-0.0072021,-0.0068665,-0.010696,-0.0016327
-0.0033417,-0.0042419,-0.0076752,-0.0053253,-0.0079956,-0.0066223
-0.0073547,-0.0079346,-0.0058441,-0.0078735,-0.0077515,-0.011185
-0.012817,-0.0090179,-0.0078583,-0.007431,-0.01149,-0.0095062
-0.012802,-0.0099487,-0.0090179,-0.0080109,-0.0075989,-0.010529
-0.012451,-0.012558,-0.01152,-0.0072174,-0.011536,-0.01178
-0.01001,-0.010254,-0.012207,0.00021362,-0.0078125,-0.0098572
-0.010559,-0.0099487,-0.0015411,-0.0084534,-0.0039825,-0.013031
-0.01152,-0.010727,-0.0076294,-0.0093536,-0.015961,-0.0078278
-0.009552,-0.0015564,-0.013931,0.0011749,-0.0098724,-0.0072784
-0.0043945,-0.0055847,9.1553e-05,-0.0058289,-0.0041962,-0.015213
-0.010742,-0.011078,-0.0016022,-0.005127,-0.013229,-0.0085297
-0.013657,-0.0010071,-0.0080719,0.003006,-0.0088348,-0.0040283
0.00030518,-0.0028992,-0.00057983,-0.0014038,-0.00073242,-0.010925
-0.0059967,-0.0078888,0.0014038,-0.0036163,-0.0067596,-0.0086365
-0.012558,-0.0011749,-0.0039063,0.004837,-0.0081024,-0.00045776
0.0019836,0.00071716,-0.0011902,0.0020447,0.0019836,-0.004776
7.6294e-05,-0.0054169,-0.00010681,-0.0034637,-0.0029602,-0.005661
-0.0088196,-0.0017242,-0.0036316,0.00383,-0.004776,0.0032654
0.0030212,0.0016479,0.0028229,0.0004425,0.0025482,-7.6294e-05
0.0053101,-0.00073242,-0.00076294,-0.0014343,-0.0037689,-0.0027618
-0.0045776,0.0049438,-0.0054169,0.0007782,-0.0044556,0.0032806
0.0036774,-0.0012817,0.0010529,-0.0018616,-0.00080872,-0.0019531
-0.0011597,-0.005249,-0.00083923,-0.0002594,-0.0023041,-0.0055237
-0.0097504,0.00054932,-0.0046539,-0.0016632,-0.0051117,-0.00057983
4.5776e-05,-0.0027466,-0.0029297,-0.00071716,-0.0055084,-0.0030823
-0.0038605,-0.0036774,-1.5259e-05,-0.00067139,-0.002121,-0.0088501
-0.0066681,-0.0027008,-0.0029144,-0.0030518,-0.006546,-0.0056
-0.00065613,-0.0019684,-0.0040588,-0.0034332,-0.011047,-0.0014191
-0.0041656,-0.0041809,-0.0026093,-0.0053864,-0.0089264,-0.0070496
-0.0059357,-0.0046234,-0.0063934,0.0002594,-0.0054474,-0.006897
-0.0020447,-0.0028229,-0.0017395,-0.002594,-0.0026855,-0.0026398
-0.0036469,-0.0026398,-0.0011139,-0.0027771,-0.0055084,-0.0021973
-0.002655,0.0036011,-0.0053406,0.00737,0.00054932,0.002594
0.0048218,3.0518e-05,0.0051727,0.00079346,0.0043945,-0.0022888
0.00057983,-0.0026398,0.0031738,0.002243,-0.0014648,1.5259e-05
-0.00027466,0.01004,0.00019836,0.0081787,0.0021515,0.011292
0.012421,0.0063324,0.0073547,0.0084076,0.006958,0.00018311
0.0048218,0.00047302,0.007431,0.0069885,0.0093994,0.0025787
0.0024414,0.0081635,0.0063782,0.0043335,0.0035095,0.014496
0.012619,0.010468,0.0031281,0.008667,0.0071716,0.0074005
0.0067596,0.0069427,0.0075989,0.0041962,0.011185,0.0059662
0.0063171,0.0028992,0.0061798,0.0039978,0.0014954,0.0081329
0.0054321,0.0065308,0.00016785,0.0091858,0.007782,0.0075378
0.0062714,0.0045166,0.004715,0.0037842,0.0094604,0.0072327
0.0083313,0.0010834,0.0032196,0.0033417,0.0040588,0.0065613
0.0029755,0.0052948,0.0020752,0.0047455,0.0078888,0.006424
0.0046692,0.003067,0.0044403,0.00047302,0.0039825,0.0050964
0.003479,0.0041046,-0.0018616,0.002655,-0.00073242,0.0047302
0.002594,0.0012665,-0.0018158,0.0029602,0.0045776,0.00074768
0.0018158,-0.0056915,0.0038757,-0.0021362,0.0019836,-0.00030518
-0.0030518,0.0016632,-0.0039215,0.00054932,-0.0032501,0.0022278
0.0011597,0.0019073,-0.0025635,0.0014038,0.00177,-0.0034943
9.1553e-05,-0.004425,0.0074463,-0.0049896,-0.0023346,-0.0036011
-0.0054779,0.0014496,-0.0029602,-0.0023346,-0.0057831,0.0014038
0.00099182,0.0029755,-0.0061493,0.0039978,0.0017395,-0.0013275
0.0021973,-0.0041809,0.0045013,-0.00067139,0.0016785,-0.0029144
-0.0051575,-0.00061035,0.001709,-0.0036774,-0.001709,0.00018311
-0.00045776,0.0026855,-0.0030365,0.0023346,-0.0023193,0.00041199
0.0025787,-0.0023041,0.00053406,-0.0016937,0.00012207,-0.0019226
-0.0012054,0.00038147,-0.00012207,-0.0029449,-0.0029755,-0.0011444
0.0013733,0.0017853,-0.0016479,0.00094604,-0.0024261,0.00097656
0.00093079,-0.0017395,0.0026703,-0.006897,-0.00018311,-0.0024872
-0.00099182,-0.0017395,-0.0068817,0.00177,-0.0063171,0.00088501
-0.0013885,0.00090027,-0.0047913,0.0018616,0.0024567,0.0023651
-0.00035095,-0.0081482,0.0050659,-0.0053253,0.0011292,-0.0084686
-0.0062256,-0.0063324,-0.0063934,0.00071716,-0.0039825,0.00022888
-0.0034485,0.0044861,-0.0052338,-0.0053406,-0.0016479,0.00093079
0.0025635,-0.0057831,-0.0036774,0.0020447,-0.0045776,-0.0063019
-0.006546,-0.0051422,-0.0021057,-0.0021362,0.0037842,0.0016785
-0.0021667,-0.0056763,-0.002655,-0.0060272,-0.00057983,-0.0019531
-0.0026703,-0.007843,-0.0079956,0.0056915,-0.00050354,0.0019379
-0.0016632,0.00083923,0.0012817,-0.0042877,0.00097656,0.0029755
0.0035095,-0.001709,-0.0049286,0.0018463,-0.0013428,-0.0036163
-0.0041504,-0.0031738,-0.00076294,-0.0018158,0.0042877,0.00024414
0.0023956,-0.0016479,0.00018311,-0.0041962,-0.0093994,0.0042572
-0.0013123,0.0042419,-0.0063324,0.0075684,0.0029144,0.0014343
-0.0022278,-0.0033417,0.0062103,-0.0017548,0.0079498,-0.008255
-0.0007782,-0.0072021,-0.0026398,0.0052643,-0.0059662,0.0026398
-0.00737,0.0059204,-4.5776e-05,0.0040894,0.0065765,0.0049133
0.0076141,-0.0036621,0.0063477,-0.0018616,0.0019379,-0.0055084
-0.0023346,-0.00090027,-0.0018616,0.00080872,-0.0055084,0.0024261
-0.006012,0.0056458,-0.0015411,-0.00076294,-0.0024719,-0.0016785
0.0066071,-0.0045319,0.0020905,0.0037079,0.00062561,-0.0054169
-0.0048981,-0.00091553,0.0041046,-0.0058746,-0.0028076,0.00045776
-0.0019531,0.0011902,-0.0059357,-0.0048828,-0.007019,-0.001709
1.5259e-05,-0.0014038,-0.0045013,0.00012207,-0.0023804,-0.0044708
-0.0054779,-0.0035858,-0.0042725,-0.0070496,-0.0075226,-0.0047913
-0.0041504,-0.0057373,-0.0078888,-0.0072784,-0.0050507,-0.0056763
-0.0041504,-0.007019,-0.006073,-0.0091095,-0.0071869,-0.0058136
-0.0058899,-0.0054474,-0.013687,-0.0042572,-0.010941,-0.0035095
-0.0063782,-0.0067139,-0.0072479,-0.0053101,-0.0032196,-0.0080872
-0.0064545,-0.014603,-0.0059509,-0.0098267,-0.01091,-0.010147
-0.013107,-0.0064545,-0.010925,-0.0069122,-0.010529,-0.0071716
-0.0081635,-0.0036926,-0.010803,-0.007019,-0.0070648,-0.010941
-0.0041504,-0.01445,-0.013153,-0.0072937,-0.011108,-0.0088654
-0.014191,-0.011658,-0.0085754,-0.011139,-0.010254,-0.0075836
-0.012466,-0.0065308,-0.011765,-0.0068359,-0.010223,-0.011627
-0.0082092,-0.012543,-0.013229,-0.0028229,-0.0089111,-0.010742
-0.011902,-0.016388,-0.0094757,-0.012497,-0.01033,-0.0079956
-0.0089569,-0.0063019,-0.012268,-0.0059814,-0.0112,-0.0081177
-0.006546,-0.0062561,-0.010178,0.0019226,-0.0065308,-0.0083771
-0.0088501,-0.012009,-0.0020294,-0.011429,-0.0050507,-0.0087585
-0.0086823,-0.0052795,-0.010529,-0.0042572,-0.011993,-0.0064545
-0.0071716,-0.003418,-0.011353,0.0018616,-0.0068207,-0.0057526
-0.0053558,-0.0096436,0.0005188,-0.010223,-0.0043335,-0.014145
-0.013611,-0.0078888,-0.011658,-0.0031891,-0.015823,-0.011948
-0.012451,-0.0066376,-0.011948,1.5259e-05,-0.01091,-0.006546
-0.0060425,-0.010559,-0.0037842,-0.0083313,-0.0070038,-0.014099
-0.01445,-0.012253,-0.011795,-0.0079956,-0.012909,-0.015976
-0.014267,-0.011627,-0.012299,-0.0036163,-0.012344,-0.0058441
-0.0085754,-0.0068359,-0.0083923,-0.004776,-0.009079,-0.0089874
-0.0075378,-0.0094604,-0.011215,-0.0099487,-0.0083923,-0.014114
-0.0080719,-0.011002,-0.013962,-0.0055847,-0.011765,-0.0027161
-0.0068054,-0.0089874,-0.0080566,-0.001709,-0.0069427,-0.0036926
-0.0065613,-0.0050354,-0.0066833,-0.0032501,-0.0042267,-0.0086212
-0.006012,-0.0062561,-0.0070038,-0.0024872,-0.0076447,-0.0056915
-0.0063629,-0.009491,-0.0045624,-0.0033112,-0.0086212,-0.0039673
-0.0033417,0.0013275,-0.0056763,0.0032654,-0.0074158,-0.0023804
0.0023193,-0.00022888,0.00082397,0.0068817,0.0030823,-0.004364
-0.0026855,0.00038147,0.0030975,-0.0013123,0.0015564,0.0016632
0.00068665,0.0032806,-0.0004425,0.0070038,-0.0014191,0.0028229
0.0032654,0.0023041,0.0027161,0.018982,0.010559,0.0013428
0.0042572,0.0074615,0.013428,0.0027161,0.0065613,0.0038757
0.0040436,0.00033569,0.0060272,0.0016479,-0.0038147,0.0019531
-0.00059509,0.0080566,-0.0037231,0.020233,0.0059357,0.010223
0.012878,0.0073242,0.016724,0.010452,0.013992,0.0013275
0.0033112,-0.00093079,0.010361,0.0019684,0.004425,0.001358
-0.002243,0.012711,-0.0054626,0.010025,0.0025177,0.017273
0.015244,0.0061951,0.006897,0.010162,0.009964,0.0028381
0.0057831,4.5776e-05,0.0099335,0.007019,0.0084839,0.0028381
0.004425,0.0068207,0.0072632,0.0083771,0.004364,0.013519
0.0097809,0.0098419,0.0080719,0.0094147,0.0090637,0.0082855
0.0099487,0.012054,0.0084229,0.012802,0.013168,0.0073547
0.0090179,0.0072479,0.0099945,0.012619,0.0094604,0.010941
0.0063629,0.0068359,0.013275,0.0012207,0.012085,0.010895
0.011719,0.014069,0.0040131,0.012833,0.0074158,0.0091858
0.0112,0.014587,0.0082092,0.019241,0.011108,0.010727
0.013916,0.0046844,0.025803,0.001236,0.0168,0.0059204
0.01033,0.012482,0.0055084,0.011032,0.0014343,0.016464
0.01506,0.024429,0.0074463,0.018143,0.017609,0.020279
0.023148,0.011139,0.028656,0.0080109,0.021637,0.0028381
0.0067749,0.012527,0.012604,0.011139,0.0046997,0.015976
0.012863,0.023636,0.012421,0.016235,0.014786,0.017609
0.02005,0.012741,0.020676,0.015121,0.014114,0.0024719
0.006424,0.0092316,0.016418,0.0085907,0.013779,0.010956
0.0098419,0.016342,0.01442,0.011627,0.010834,0.013733
0.015549,0.015366,0.01236,0.013947,0.010544,0.013229
0.015747,0.012253,0.014389,0.0022125,0.017166,0.0082855
0.0087433,0.0096283,0.0091248,0.010315,0.0052643,0.011871
0.0089111,0.014175,0.015884,0.012436,0.014801,0.016373
0.017776,0.013718,0.017609,0.0012207,0.017715,0.0025787
0.0059509,0.011169,0.0051727,0.014771,0.0046387,0.014587
0.012985,0.012863,0.02037,0.011536,0.017853,0.01503
0.020035,0.0090332,0.017868,0.001297,0.014862,0.0058289
0.0079346,0.015839,0.0025787,0.012863,0.0096436,0.024323
0.023682,0.014969,0.017151,0.005249,0.020996,0.017059
0.01944,0.011032,0.0177,0.00074768,0.013626,0.0085907
0.0071564,0.018311,0.0041656,0.016342,0.009079,0.019958
0.017853,0.012619,0.01564,0.0025787,0.017624,0.0089417
0.0093231,0.0013123,0.01442,-0.0085144,0.0052643,0.0029907
-0.0016479,0.0054932,-0.0080719,0.013229,-3.0518e-05,0.015976
0.0071564,0.0079803,0.012329,-0.0015869,0.019287,0.0019989
0.0070801,-0.007843,0.010056,-0.018845,-0.00097656,-0.0045776
-0.010986,0.0027924,-0.022049,0.011276,-0.011261,0.013168
0.0088043,0.0069885,0.010025,-3.0518e-05,0.019989,-0.0056
0.0088043,-0.013428,0.012756,-0.024582,-0.0035553,-0.010452
-0.022049,0.0037842,-0.019272,0.00057983,-0.021103,0.012405
0.0077057,0.0082092,0.00071716,0.00090027,0.010284,-0.0078583
0.0054169,-0.013092,0.0083771,-0.014984,-0.0011749,-0.020218
-0.023865,-0.004425,-0.01123,-0.0083618,-0.016342,0.0041656
0.0025787,0.0052795,-0.0079956,-0.0076141,-0.00035095,-0.00054932
0.0078278,-0.0069885,0.0037842,-0.010056,-0.0054169,-0.016617
-0.014984,-0.0057983,-0.0098114,-0.0046387,-0.012207,-0.0023804
-0.003952,0.0013733,-0.0054932,-0.013428,-0.0045013,-0.0011139
0.0040283,-0.010361,-0.0012512,-0.013123,-0.013168,-0.011917
-0.01413,-0.0029907,-0.017349,0.0018005,-0.0059662,-0.0045013
-0.0030975,-0.0055389,0.0045929,-0.016098,0.00030518,-0.010437
-0.0056152,-0.018738,-0.0076599,-0.017502,-0.019211,-0.0059204
-0.016891,0.0030518,-0.026321,0.0072784,-0.0048981,0.0028534
0.0082855,-0.01062,0.0046844,-0.0082397,0.0092926,-0.01712
-0.013687,-0.019867,3.0518e-05,-0.026321,-0.013779,-0.0066071
-0.020966,0.0030212,-0.023941,0.0063629,-0.018829,0.0079803
0.0097961,-0.0047913,-0.0053406,0.00024414,0.0094299,-0.016129
-0.0090179,-0.020279,0.0040894,-0.028152,-0.0070801,-0.016113
-0.021881,-0.0098267,-0.022705,0.00045776,-0.024261,0.0086517
0.001709,0.00383,-0.010193,-0.00097656,0.006012,-0.0098572
0.00048828,-0.017761,-0.0016632,-0.014359,-0.0041656,-0.019165
-0.025909,-0.01442,-0.014023,-0.0076599,-0.016312,0.0023346
-0.0065918,-0.00074768,-0.008255,-0.0072632,-0.0059052,-0.0085907
0.0016327,-0.0097504,-0.012665,-0.0010529,-0.0027924,-0.011719
-0.01738,-0.010468,-0.0048828,-0.010422,-0.0042725,-0.0048218
-0.0068054,-0.012802,-0.0022736,-0.0065002,-0.011856,-0.0076141
-0.0091248,-0.00028992,-0.0089264,0.0042877,-0.0041199,-0.0040741
-0.0026398,-0.00053406,-0.0015564,0.0027924,-1.5259e-05,-0.0062256
0.00094604,-0.011337,0.0027466,0.0016174,0.0025177,-0.0028534
-0.0097351,0.0013885,0.0033569,-0.0048676,0.0029449,0.0061035
0.0096741,0.0079041,-0.0057373,0.0095062,-0.00024414,0.0052948
0.011261,0.0070801,0.0013885,0.0043488,0.0079498,0.0044861
0.0023499,-0.0023193,0.0083313,-0.004715,0.0023041,0.0036163
-0.0004425,0.0015717,-0.0043793,0.004837,0.0019531,0.0028839
0.0012817,0.008728,-0.0015564,0.0044403,0.0014038,0.0033417
0.006134,-0.0081177,0.0055695,0.00039673,0.0011292,-6.1035e-05
-0.0097961,-0.002182,0.00080872,-0.011185,-0.0023804,-0.0031891
-0.0030823,0.0036316,-0.0094604,0.0086212,-0.0072479,0.00022888
0.0047455,-0.0025482,0.003891,0.003006,0.0074158,-0.0045471
-0.0046082,-0.0052338,0.0036011,-0.011795,-0.0065613,-0.0035553
-0.0017548,0.0024261,-0.0083771,0.0077515,-0.0020905,0.0094604
0.0081787,0.0039978,0.0041809,-0.00018311,0.0089264,-0.0047302
0.0035095,-0.0058594,-0.0014648,0.0022888,-0.0068665,0.0023804
-0.0037994,0.0059052,0.0027618,0.0050049,0.0083618,0.013962
0.010101,0.0030823,0.010254,-0.0013733,0.0092163,-0.006897
0.0029755,0.0055237,-0.0028381,0.0039825,-0.0063629,0.0084534
0.0033875,0.010162,0.0022278,0.0073547,0.00383,0.012878
0.012024,-0.0022125,0.011124,0.0065918,0.016266,-0.0077515
-0.0030518,0.0042114,0.0051117,-0.0016785,0.00056458,0.0068054
0.006012,0.0088348,-0.00177,0.0067902,-0.0030518,0.013474
0.012466,0.0092468,0.0047913,0.0090332,0.016235,0.00027466
0.0053711,0.0016632,0.013367,0.0028534,0.0045471,-1.5259e-05
0.0012512,0.0038147,0.0075684,0.0016479,0.00177,0.0080109
0.00045776,0.012878,-0.0036316,-0.0017548,0.0025787,0.0070801
0.012695,0.0016937,0.0007019,0.0066223,0.00050354,0.0022736
0.0045166,0.00097656,0.0094757,0.0033264,0.012405,0.0015106
-0.0055542,-0.0012817,0.0037384,-0.00099182,-0.0014191,0.00093079
0.0018158,0.0050659,0.0007782,0.0037689,-0.0060577,0.0046692
0.0057068,0.0081635,-0.0005188,0.0059204,0.0048523,-0.00039673
7.6294e-05,-0.012009,0.0055084,-0.0027771,0.0050354,-0.0065308
-0.007019,0.0010834,0.00088501,-0.011215,-0.0076904,0.0053101
0.0027924,0.010681,-0.013519,0.0083466,-0.0049133,0.004837
0.0046997,-0.0084991,0.0046082,-0.00083923,0.013916,-0.0095367
-0.0041809,-0.006073,0.004715,-0.01561,-0.010391,-0.0015259
-0.0037842,0.0037689,-0.015976,0.0050201,-0.013229,0.0066986
-0.00068665,-0.00057983,-0.0012817,0.0040131,0.010986,-0.0050201
0.0032959,-0.0084991,0.0090332,-0.0055542,0.00064087,-0.0089722
-0.0077515,4.5776e-05,-0.0041656,-0.0057068,-0.0082397,0.0017853
-0.0038757,0.0068665,-0.0049591,0.0013885,-0.0084381,0.0038757
0.0082703,0.0005188,0.0036163,-0.00010681,0.00071716,-0.011017
-0.0069122,-0.0027771,0.0024261,-0.005188,0.00022888,-0.01123
-0.0068665,-0.0046539,0.0010834,-0.00061035,-0.0091858,0.0022888
-0.00032043,0.0096588,-0.0021362,0.002533,-0.0046844,0.00027466
0.0034637,0.0058746,0.0019073,0.0040283,0.0075226,-0.010818
-0.0016937,-0.015472,0.010788,-0.0039825,-0.0013123,-0.0029297
-0.010178,0.0050354,-0.0034637,0.00035095,-0.011185,0.0079346
0.0044861,0.01239,-0.0034943,0.0054932,0.0076447,-0.010391
-0.0014954,-0.014664,0.0051117,-0.0010986,0.00012207,-0.0069275
-0.012482,-0.011276,-0.00027466,-0.0063629,-0.010483,0.0016327
-0.0049133,0.0062256,-0.010056,-0.00354,-0.0029755,-0.0050659
-7.6294e-05,-0.0050507,-0.011078,0.0066223,0.0021667,-0.0042725
-0.0036163,-0.020767,0.0066833,-0.0092773,0.0023804,-0.0063934
-0.010239,-0.0013123,-0.0059509,-0.0082703,-0.005661,0.0093994
0.0039673,0.0081024,-0.012207,0.017624,0.0060883,0.0060577
0.011551,-0.0027618,0.0092468,0.0016937,0.013733,-0.0048981
-0.0010681,0.00021362,0.0077362,-0.0069122,0.002121,0.0073853
-0.0010223,0.0036926,0.00094604,0.014297,-0.0026855,0.0086975
0.008728,0.010803,0.0012665,0.010986,0.009552,0.0012665
0.0038452,0.0011749,0.0085297,-0.0070038,0.011871,-0.0050812
-0.011459,-0.013077,-0.00079346,0.0037537,-0.0075073,0.0031281
-0.0036774,0.0052032,-0.0034027,0.0094147,0.0036011,0.0068665
0.0091248,0.0049591,0.0044098,-0.0053406,0.0079498,-0.0086365
-0.0062561,-0.014008,-0.0044403,0.0021973,-0.0069733,-0.0014954
-0.0073853,-0.0012665,0.0025787,-0.0011902,0.0010986,0.0036011
0.0065613,0.0090027,-0.0044556,-0.0030823,-0.0027313,-0.0040894
-0.0012207,-0.0040741,-0.0042725,0.0062714,0.00079346,-0.0011292
-0.0046844,-0.0069885,0.0073395,-0.0094604,0.0028076,-0.0013428
-0.00010681,0.0052185,-0.0064392,-0.0073547,-0.0080414,0.0056458
0.0040588,0.0002594,-0.0070953,0.0088348,0.0028534,0.001358
0.0045166,-0.0029602,0.0037689,-0.0052948,0.0017242,-0.0022125
-0.0016022,0.00027466,0.0012512,-0.0089874,-0.0046692,0.003952
-0.0025787,-0.0011749,-0.0083618,0.008606,0.002594,-9.1553e-05
0.0073853,0.0039215,0.00012207,-0.00085449,0.00035095,-0.0017853
0.0023956,-0.0043945,0.0037384,-0.013306,-0.0065002,-0.0025787
-0.012894,-0.0019531,-0.0069733,0.0088043,-0.0018921,-0.0015869
0.00090027,0.0029144,0.0050659,0.0045624,0.0059204,-0.0038147
0.0051117,0.0012054,0.0072632,-0.016266,-0.0070038,-0.0056152
-0.0039063,0.0012207,-0.007782,0.0084991,-0.007431,0.0034943
0.0014343,-9.1553e-05,0.0042419,0.0060883,0.005188,0.002594
0.0056458,0.0056915,0.007309,-0.0061951,0.0042267,-0.0068817
9.1553e-05,0.0016174,0.00015259,0.0044098,0.003067,0.0059204
0.0044556,0.00076294,0.0032349,0.0043182,-0.003479,0.0095215
0.0061035,0.0094452,0.0075378,0.010345,0.013565,-0.0040131
0.0036163,0.0079956,0.012115,0.0030823,0.013489,0.0054321
0.01358,0.006485,0.007309,0.0017242,-0.0072937,0.013824
0.0069427,0.015991,0.0072174,0.014938,0.011063,0.0059357
0.0079651,0.0074921,0.014053,0.0091858,0.017944,0.0015106
0.0071259,0.0027466,0.018433,0.00032043,-0.0028687,0.0052948
-0.0010529,0.019135,0.00054932,0.0048981,0.0012817,0.0099182
0.013824,0.0067291,0.00041199,0.0079041,0.013321,-0.00177
0.0056458,-0.010727,0.010941,-0.0059204,-0.0014038,-0.00082397
-0.010178,0.0067291,-0.0057526,-0.012878,-0.0080719,0.0093689
0.011597,0.0059357,-0.0097809,0.0050049,-0.0040131,-0.0026245
0.003479,-0.0089111,-0.0023804,-0.0050049,0.0021362,-0.0054932
-0.01123,-0.004776,-0.001236,-0.018066,-0.0034637,-0.00076294
0.0041962,-0.002594,-0.011963,0.00050354,-0.014877,0.0033264
-0.0043945,-0.00013733,-0.009079,-0.0016632,-4.5776e-05,-0.0049591
-0.0041504,-0.0085602,0.0013275,-0.011444,0.0023346,-0.013306
-0.0065613,-0.012009,-0.0080566,-0.0054626,-0.015335,0.00083923
-0.0096588,0.00039673,-0.0071411,-0.0040131,-0.008194,-0.0016479
0.0013275,-0.0052643,-0.0080872,-0.0079193,0.00094604,-0.01712
-0.011673,-0.014236,-0.012619,-0.0075531,-0.0093384,-0.0038757
-0.0075989,-0.0078583,-0.00094604,-0.0062561,-0.011917,0.0036926
-0.00076294,-0.0018616,-0.012817,-0.0024414,0.0018616,-0.011734
-0.0076141,-0.0071106,-0.0076752,-0.0045471,0.0011139,-0.0055847
-0.0042572,-0.013031,0.0053406,-0.0058594,-0.014099,0.0025177
-0.0037231,0.0043488,-0.010132,0.00091553,-0.0037994,-0.0033264
0.0044708,0.0032501,-0.0014343,0.004776,0.0026855,-0.0065765
-0.0031433,-0.013229,0.0055084,-0.0069275,-0.00054932,0.0010223
-0.0062256,0.0033112,-0.0063477,-0.0028687,-0.0018921,0.0044556
0.0086212,0.01178,-0.0035858,0.013824,0.002182,0.00027466
0.002533,-0.0083008,0.009552,-0.0065002,0.0072784,-0.0030212
-0.0092163,-0.0095367,-0.0060577,-0.0058289,-0.0063324,0.0019836
-0.00079346,0.0074768,-0.010269,0.011978,-0.00068665,0.0079041
0.013519,-0.0027924,0.009552,0.00035095,0.0081024,-0.0062408
-0.008728,-0.0048981,-0.00064087,-0.0052185,-0.00021362,-0.00088501
-0.009903,0.0016937,-0.0067291,0.001709,-0.0044556,0.0097504
0.013596,-0.0027771,-0.0013428,0.01001,0.003006,-0.0030975
-0.0082397,-0.0033875,0.00097656,-0.002121,0.01149,-0.0054321
-0.011978,-0.0088654,-0.0014801,-0.010895,-0.0056763,0.0010223
0.00056458,-0.0030212,-0.0097961,0.0072479,-0.010971,-0.0007782
-0.0084839,-0.0022278,-0.0039978,0.00085449,0.0013275,-0.011261
-0.0068817,-0.011719,-0.0042572,-0.01091,-0.0028839,-0.016769
-0.01442,-0.010162,-0.0056305,-0.0062408,-0.015213,-0.0041962
-0.010895,-0.0074921,-0.0093536,-0.00030518,-0.012604,-0.0017548
-0.00030518,-0.0037842,-0.0085297,-0.0015411,0.0032806,-0.015533
-0.012115,-0.013031,0.00033569,-0.0089722,-0.009201,-0.010834
-0.015289,-0.012253,-0.014084,-0.003418,-0.012329,0.0011902
-0.00085449,0.0031586,-0.0066071,-0.0049133,-0.0013275,-0.0089569
0.00053406,-0.010559,-0.0029297,-0.00064087,-0.0092163,-0.010757
-0.015869,-0.0098267,-0.006424,-0.0092621,-0.0058136,-0.00064087
-0.0026703,9.1553e-05,-0.0037537,-0.0073853,-0.011978,-0.010345
0.0026245,0.0007019,-0.009964,0.014206,-0.0045624,-0.0048523
-0.0037537,-0.0018311,0.012009,-0.016724,0.0015564,-0.0026703
-0.0032806,-0.0072174,-0.0065613,-0.004303,-0.015106,-0.0043488
-0.0057983,0.0072784,-0.011566,0.018188,0.002243,0.0035248
0.0088806,-0.0038452,0.014069,-0.012726,0.0016632,-0.011444
-0.0067596,-0.0063477,-0.0085297,-0.0030212,-0.0084534,0.0019684
-0.0089722,0.0044861,-0.0029907,0.0068359,-0.0013885,0.0034637
0.0062103,-0.0063477,0.0004425,0.00067139,0.0015717,-0.011932
-0.0088959,-0.00053406,-0.0044861,-0.0011444,0.0029449,0.0038147
-0.002594,-0.0053864,0.0033417,0.0026245,-0.0070648,-0.00021362
-0.0011597,-0.0029602,-0.0080414,0.0061646,0.0040436,-0.0032654
-0.0018768,0.00030518,0.0017242,-0.0039063,0.00045776,-0.0015106
0.0018921,-0.00177,0.0039063,0.0024109,-0.0068054,0.0015411
-0.001358,0.0085754,-0.0018616,0.0016632,0.0059509,0.00073242
0.0061493,-0.0046692,0.0033722,-0.0021667,-0.0045319,-0.0057983
-0.0033722,0.0018616,-0.0032501,0.0065613,-0.00090027,0.010147
0.0049591,0.0086365,0.0043182,-0.0039673,0.004776,0.00032043
0.0052643,-0.0041504,0.0019379,0.00059509,-0.0059204,-0.004715
-0.0062103,0.0069733,-0.0048218,0.0081177,0.0013123,0.0081787
0.014343,-0.0020447,0.0068207,-0.0053253,0.0031433,-0.005188
-0.0022278,-0.00047302,-0.00036621,-0.00033569,-0.0030365,0.0074158
0.0010834,0.01123,-0.0041504,0.0066986,7.6294e-05,0.0091858
0.016357,-0.0055237,0.0035706,0.0034637,0.0079041,-0.0046387
-0.0055389,0.0052948,0.0089111,0.0004425,0.0059204,0.0093994
0.0076141,0.009079,0.0057983,0.0090637,0.0015564,0.0074158
0.0071106,0.0087433,0.0044861,0.013275,0.010574,0.0038605
0.0046082,0.0042725,0.013351,0.0026245,0.0063171,0.0036011
0.0044708,0.0011902,0.0055389,0.0066833,0.0035553,0.004364
-0.0014496,0.016922,0.0053558,0.0096283,0.0040741,0.0041046
0.013229,-0.0037384,0.0073242,0.0011292,0.0026703,-0.00024414
-0.0020752,4.5776e-05,0.003006,0.0045013,0.0050507,0.0069733
0.0002594,0.009552,0.0081177,0.0024872,0.0032196,-0.0002594
0.0080261,0.00071716,0.0015106,0.0021362,0.0016174,0.0024719
0.00083923,0.0091095,0.0048676,0.006485,0.0016479,0.0080872
0.0085907,0.0033875,0.0097046,0.0007019,0.0080872,-0.0035248
0.00099182,0.004303,0.0053406,0.0077057,0.00059509,0.0053253
0.0041656,0.0058899,0.008728,0.0087128,0.00085449,0.010284
0.009552,0.0040131,0.0050659,0.00065613,0.015472,0.0023804
0.0024567,0.0036926,0.0069275,0.001358,0.00038147,0.0013123
0.00045776,0.0039673,0.0004425,0.011536,-0.001358,0.009903
0.0051117,0.011154,0.0062408,-0.0013428,0.020493,0.0046692
0.012711,-0.0027618,0.008667,-0.0050812,-0.0050507,-0.00094604
-0.0023804,0.0052643,-0.0057831,0.013718,-0.0013428,0.011093
0.0043182,0.010468,0.012863,-0.0059509,0.019119,-0.00012207
0.012039,-0.0027161,-0.00057983,-0.00073242,-0.0099335,0.0053101
-0.0021515,0.0097809,-0.0029755,0.0048981,0.0070953,0.0086212
0.0089722,-0.0015259,0.011902,0.00035095,0.0084229,-0.0043488
0.00076294,0.0047913,-0.0017242,0.012115,-0.0020294,0.010864
0.0025787,0.0088043,0.010239,-0.0082245,0.013077,0.0034943
0.0097046,-0.00093079,0.00079346,0.00027466,-0.0053864,0.0031586
0.0015411,0.0091095,-0.00039673,0.011902,0.0060577,0.0040131
0.0016479,0.00047302,0.0095673,-0.0059509,0.0092468,-0.0018921
0.0043488,0.0039063,-0.0023956,-0.0013123,-0.0078583,0.01413
0.010742,0.0010986,0.003418,0.0030975,0.0071564,-0.0053253
-0.0045319,0.0056305,0.0021362,0.0034637,0.0032501,0.0029297
0.0066528,0.0070343,0.0059052,-0.00083923,0.0040283,0.014252
0.010468,-0.0032196,0.0014801,-0.0042572,0.0052338,-0.0062103
-0.0034485,0.010941,-0.0017242,0.0032349,-0.003479,0.011154
0.0099335,-3.0518e-05,0.0078278,0.00062561,0.009201,0.00354
-0.0011597,-0.00061035,-0.004364,0.0013885,0.00015259,-0.0005188
0.0005188,0.0053711,0.0043945,-0.0023651,-0.00079346,0.0066071
0.00354,-0.0042114,0.0027924,0.0012054,0.0066528,-0.0074921
-0.0049438,0.0058289,-0.00013733,0.0039978,-0.0016327,0.0070343
0.0074615,0.00028992,0.0075989,-0.0011749,0.004837,0.0027771
0.00030518,0.0034027,-0.00021362,0.0040436,0.0081177,-0.00094604
0.0052185,0.0028992,0.0053253,-0.0012817,-0.0018158,0.0085297
0.00086975,-0.0012207,-0.0021362,0.006134,0.0027466,0.002182
-0.0016937,0.0098267,0.0085449,0.0022125,0.01506,0.0032501
0.011063,-0.0098724,0.004303,-0.0098114,-0.009613,-0.003418
-0.0168,0.0013275,-0.012283,0.0027771,-0.0088043,0.0041046
0.0027618,0.0078735,0.0069275,0.0018463,0.015381,-0.0029144
0.0086365,-0.014252,-0.00028992,-0.0096893,-0.0063019,-0.011719
-0.016251,0.0035248,-0.0053101,-0.0041351,-0.0099945,0.012695
0.013092,0.0091095,-0.00050354,0.001236,0.010483,0.0018921
0.0083466,-0.0043945,0.0021667,0.0037231,0.0026245,-0.0061493
-0.0029297,0.0013733,0.0057678,-0.0016174,-0.0040741,0.013214
0.0077515,0.0078125,-0.0028076,-0.0063477,0.0093079,0.0048676
0.0065308,0.0068665,0.0031586,0.01001,0.0040588,0.0010529
0.0046844,0.0049744,0.0063477,-0.0026093,-0.0023041,0.0062103
0.0049744,-0.001358,0.00099182,-0.0069275,0.0048828,0.0007019
0.0027161,0.0041656,-0.0026245,0.0059509,-0.0046234,0.0073242
-0.0024414,0.0045166,-0.0010376,-0.0035706,0.0024567,0.00038147
0.005127,-0.0089569,0.0071869,-0.0019379,0.0084076,-0.012314
-0.0090027,-0.0013123,-0.0066376,-0.0010529,-0.013855,0.0041656
-0.0083313,0.0076447,-0.0037537,0.0022583,-0.00057983,0.00056458
0.0088196,-0.0090027,0.0091858,-0.0016937,0.006012,-0.018311
-0.014771,-0.0090637,-0.0052338,-0.0099335,-0.014603,0.0035095
-0.0030212,0.0031586,-0.0065765,-0.00064087,-0.0031586,0.0067596
0.0047455,0.0015869,-0.0036163,-0.0039215,0.0016785,-0.013306
-0.010117,-0.0070953,-0.0014801,-0.0068054,-0.0048828,-0.0045929
-0.0036926,-0.013458,-0.0037079,-0.0082092,-0.0078583,-0.0020294
-0.010315,0.0032501,-0.016357,-0.0027771,-0.010818,-0.0050812
0.00056458,-0.0015564,-0.0037994,-0.0052643,0.0002594,-0.01088
-0.0082703,-0.019165,-0.00012207,-0.023636,-0.013,-0.014679
-0.016281,-0.0066528,-0.019745,0.0012817,-0.017639,0.0016022
0.0007019,0.00383,-0.0057526,0.0024719,0.0055084,-0.008667
-0.0067444,-0.013535,0.0058136,-0.013092,-0.008316,-0.0168
-0.012558,-0.013351,-0.012268,-0.00056458,-0.0037384,0.0025177
-0.0084381,0.0035248,-0.013535,-0.0059357,1.5259e-05,-1.5259e-05
0.0039368,-0.010406,-0.0018616,0.0070343,-0.0080109,-0.0062408
-0.0053406,-0.0049744,0.006958,-0.0066223,0.013702,-0.0052338
-0.006546,-0.00097656,-0.0051727,-0.010986,-0.017166,0.0015411
0.0059814,-0.0012665,-0.013733,0.020782,-0.0094452,0.0037842
-0.0014648,0.0073547,0.011627,-0.0069275,0.022751,-0.0094757
0.0036163,-0.007309,0.0081787,-0.0091705,-0.012878,-0.0016022
-0.0052032,0.0077209,-0.010895,0.014145,-0.0075989,0.0089569
0.0084686,0.011154,0.0049286,0.0082092,0.013702,-0.0032196
0.010132,-0.010635,0.012039,-0.003479,0.0039063,-0.0077667
-0.02182,0.0013123,-0.0026245,-0.0078735,-0.013123,0.0065613
0.0085449,0.0063782,-0.0030975,0.016006,-0.001297,0.0053406
0.011383,-0.0010376,0.0059967,0.0032654,0.017624,-0.012024
-0.012253,-0.0019684,0.002533,-0.013641,-0.0080261,0.0058441
0.0044403,0.00010681,-0.0027313,0.0045013,-0.0025635,0.014114
0.0080109,0.0059662,-0.0014343,0.0054626,0.01001,-0.010559
0.0014343,0.0009613,-0.002182,0.0065613,-0.00054932,0.0054321
-0.00027466,-0.0015564,0.0059357,-0.010315,0.0082397,0.0068207
0.0039978,-0.0018921,0.00091553,-0.003891,-0.0084076,-0.0099487
-0.0071716,0.0058136,-0.0099945,0.017883,-0.002655,0.0069275
0.00080872,-0.0020142,0.01297,-0.011765,0.0092468,-0.0072937
0.0059509,-0.015488,-0.001236,-0.0070953,-0.015823,-0.0032501
-0.018616,0.012299,-0.019028,0.0091095,0.0020905,0.0095215
0.009491,-4.5776e-05,0.01413,-0.0058136,0.011063,-0.017044
0.00022888,-0.018433,0.00054932,-0.002594,-0.014313,0.0032806
-0.020386,0.0084839,-0.015305,-0.0004425,-0.002533,0.0077972
0.014847,0.0019836,0.0042419,0.0010529,0.0072937,-0.019211
-0.0067291,-0.01236,-0.0016022,0.00079346,-0.0094757,0.0014648
-0.012421,-0.004364,-0.0035858,-0.009491,-0.00383,0.00033569
0.0042267,0.00050354,-0.0069275,-0.00010681,-0.0032196,-0.0089417
-0.0092621,-0.0037842,-0.0029602,0.0032349,-0.0048676,-0.00061035
0.00013733,-0.0092163,0.0041199,-0.0065155,0.0015106,-0.0036163
-0.0024109,0.0016937,-0.009964,0.0020599,-0.003479,0.0030212
-0.0016632,0.0010529,0.0023193,0.00059509,0.0047607,-0.0040131
0.0020447,-0.0036621,-0.0014496,0.0032501,0.001236,0.0016327
-0.0025024,0.0032501,-0.0010376,0.0050507,-0.00022888,0.0052795
0.0045319,-0.0055389,0.0085754,-0.004837,0.0018463,-0.0049591
-0.0063629,0.0038452,-0.0095215,0.00090027,-0.0027924,0.0098877
0.0036621,0.002121,0.00074768,0.0016785,0.0039673,-0.0013733
0.0090485,-0.0079956,0.00012207,0.00018311,0.0024109,0.0002594
-0.0022278,0.0051422,-0.0034332,-0.0031281,0.00053406,0.01384
0.0050354,0.001236,-0.00064087,0.0072937,0.0063324,-0.0024567
0.0049744,0.0031738,0.0054474,0.010284,0.0059052,0.007843
0.0077209,0.0033722,0.01123,-0.0061035,-0.0019073,0.0083618
-0.00062561,0.0067902,-0.0056152,0.0080414,0.011185,-0.00079346
0.0091248,0.0076904,0.0090179,0.0042267,0.0084991,0.012756
0.017746,0.0028687,0.0025024,0.00085449,-0.0073547,0.010223
-0.0014343,0.010788,-0.0019379,0.008606,0.015686,0
0.0095062,-0.0025024,0.013702,-0.0066833,0.0031891,0.0052643
0.0027313,0.0036469,-0.0068054,0.013718,-0.0076752,0.012085
-0.00073242,0.011032,0.0077667,0.0065002,0.01799,-0.0023651
0.010742,-0.0066071,0.011612,-0.0051575,0.00083923,-0.0045166
-0.012589,0.0044098,0.00080872,0.0089264,0.0010223,0.01358
0.0081787,0.0072784,0.0012054,0.005188,0.0073853,0.006134
0.01767,-0.0014954,0.0015106,0.014526,0.0054321,-0.0055542
-0.012604,0.0049286,0.021667,-0.0086517,0.013184,0.0075989
0.0082397,0.0085602,-0.0040436,0.0028534,-0.0031281,0.018005
0.017609,0.0090942,0.00047302,0.022308,0.01178,-0.00062561
0.0014038,0.0039215,0.021378,-0.006958,0.014664,0.0039063
0.002121,0.0030365,0.00024414,0.0031281,-0.002594,0.014297
0.0065765,0.0055389,0.0014038,0.011932,0.0068054,0.0021667
0.013596,0.011017,0.0042267,0.0039673,0.012085,0.01088
0.0083008,0.0024872,0.015594,-0.0010223,0.010773,-0.00057983
-0.0059967,0.0037231,0.0028839,0.0043335,-0.0016785,0.0093536
0.010712,0.020828,0.00041199,0.011337,0.0096436,0.014465
0.016861,0.00035095,0.018753,-0.0012207,0.014893,-0.010208
-0.0059814,-0.0016022,0.003006,0.0023346,-0.002533,0.015808
0.0047913,0.011139,0.0062408,0.0048523,0.008316,0.014252
0.017868,0.0086212,0.0019226,0.0079498,0.012848,-0.0015564
0.0061188,0.0028534,0.0089264,0.0065155,0.0065155,0.0093689
-0.00010681,-0.0010529,0.016922,-0.0079498,0.0063782,0.0086975
0.0095825,0.022156,-0.0042725,0.014862,0.0085907,0.011505
0.018051,0.0087433,0.01358,0.013947,0.0099487,0.0025635
0.0041809,0.00012207,0.018402,-0.0075073,0.010468,0.0080414
0.0050049,0.021103,0.0064392,0.0071869,0.0088654,0.015701
0.014999,0.005249,0.010666,0.017548,0.0074463,0.00068665
0.0073242,0.013367,0.013458,0.0069275,0.010986,0.01088
0.008728,0.0096741,0.014908,-0.0047455,0.0075836,0.0049591
0.0041809,0.0018921,0.0051117,0.010071,0.006897,0.0039673
0.0084686,0.022629,0.0096283,0.012634,0.0094147,0.013641
0.013916,0.0042572,0.012115,-0.0045166,0.0088348,-0.0045471
-0.0032043,-0.00036621,0.0097351,0.00061035,0.00354,0.0084991
0.0014496,0.010162,0.0055389,0.004303,0.00080872,0.0075531
0.010757,0.010864,-0.0026093,-6.1035e-05,0.0086975,-0.0051422
0.0081482,-0.0038147,0.0092316,-0.0027466,0.0011597,0.010132
-0.0034332,-0.0050964,0.00093079,-0.0077057,-0.0046844,0.001236
-0.002243,0.017258,-0.0074005,-0.00048828,0.0027618,-0.0038757
0.010345,-0.0077515,0.0078735,0.0019989,-0.0009613,-0.00067139
-0.0061798,-0.0062408,0.0042877,-0.0090332,0.00039673,-0.0062561
-0.0029602,0.012146,-0.0093231,-0.0046234,0.00083923,0.0047913
0.0057068,-0.0070648,-0.0010071,0.0009613,-0.0017853,0.0022736
-0.0027618,-0.0033264,0.0086212,-0.0044403,0.0019226,-0.0054016
0.00033569,0.0032043,-0.0069275,-0.0061646,-0.00053406,-0.00045776
-0.0059509,-0.0056152,-0.003952,-0.0022888,-0.0079041,1.5259e-05
-0.00022888,-0.0021057,0.0062561,-0.0039063,-0.0011444,-0.0027618
-0.00041199,0.0042267,-0.0059967,-0.0044098,0.0035248,-0.010727
-0.0094604,-0.0069122,0.0012054,-0.0024109,-0.008255,-0.0023956
-0.0051422,-0.0081635,-0.002121,-0.0099945,-0.006546,-0.0012817
-0.0032349,0.0028992,-0.013809,-0.0031891,-0.0014191,-0.0054321
0.0049591,-0.0047913,0.0030518,-0.0055084,-0.002121,-0.0033417
-0.0082245,-0.011673,-0.0057526,-0.015793,-0.0095673,-0.0062714
-0.0075226,0.0017853,-0.015442,-0.0033417,-0.0082703,0.0053253
0.0071106,0.0014801,0.0011597,-0.0070801,-0.0010071,-0.006134
-0.0067139,-0.013901,-0.0036469,-0.0090637,-0.0052185,-0.010742
-0.0071106,-0.00035095,-0.0086365,-0.00088501,-0.0026245,0.0010223
-0.0033569,0.0050201,-0.0023499,-0.0069427,-0.0038757,-0.0007782
0.0039368,-0.0089722,0.00065613,-0.0011139,0.0030365,-0.00073242
0.0019379,0.00074768,-4.5776e-05,0.0023804,0.0014648,-0.002533
-0.0080414,-0.0010223,-0.0016632,0.00088501,-0.00041199,0.0098572
0.0064392,-0.0010529,0.0054779,-0.00047302,0.012939,0.0050507
0.0094452,0.0083923,-0.0034943,-0.0025787,-0.001358,-0.0014191
0.00016785,-0.0039215,-0.002655,0.0090332,0.004425,0.0062256
-0.0029907,-0.0027466,0.008194,-0.0063934,0.0030823,0.0010223
0.0010986,0.0041199,-0.0068817,-0.006073,-0.010376,0.0035095
0.002121,-0.0013428,-0.0016937,0.0075531,0.010422,-0.010376
-0.0084381,-0.010727,0.0056915,-0.012268,-0.012802,-0.0080414
-0.010132,-0.0014496,-0.0074921,-0.0071259,-0.013916,0.0050049
-0.00071716,0.0034943,-0.0089722,0.0015106,0.0054779,-0.01619
0.00042725,-0.013092,0.001236,-0.003479,-0.01152,-0.0064087
-0.014267,-0.0049591,-0.00050354,-0.0079651,0.0011902,-0.00079346
-0.0073853,0.0011139,-0.011368,-0.00047302,-0.0054474,-0.004776
0.011368,-0.0012207,0.0012817,0.0028992,0.0002594,0.00082397
-0.0068512,-0.0027466,0.0046539,-0.0046082,0.0053253,-0.010437
-0.008606,-0.0010681,-0.0017548,0.00024414,-0.013977,0.0065765
0.010605,0.0085602,0.0056152,-0.0025177,0.0059662,0.0059967
0.0033875,0.006897,0.0032501,0.0080566,0.0031738,-0.0085297
0.0017242,0.00012207,0.0073853,0.0010986,9.1553e-05,0.0022583
0.0026703,0.0005188,0.0020599,-0.0027924,0.0025024,0.0088348
0.0074768,0.015076,-0.00030518,0.013092,0.0053253,0.008194
0.015289,0.0050812,0.012802,-0.0057068,0.010437,-0.0025482
-0.0031738,-0.004837,0.0027313,0.0045319,-0.0050812,0.0097961
0.0010071,0.017242,0.0062714,0.010529,0.0099182,0.015396
0.019958,0.0091248,0.0084381,-0.0032196,0.0067291,-0.0085297
-0.0046692,-0.0028076,0.0024261,0.011612,0.0047913,0.0041046
-0.0031891,0.0061646,0.011002,-0.0015564,0.0094452,0.014053
0.018143,0.0048065,-0.0025787,0.0024109,-0.0075684,-0.0019684
-0.00177,0.0068207,0.00065613,0.0089569,0.014923,0.0052948
0.0012054,-0.0034637,0.012772,-0.0082092,0.0060577,0.0030212
0.0034332,-0.0014038,-0.0034485,0.0040588,-0.0092163,0.0021515
-6.1035e-05,0.011093,-0.0033112,0.0032959,0.0099182,0.0068054
0.010056,0.00041199,0.0060577,-0.0016937,0.0053253,-0.0078888
-0.0074005,-0.0055695,0.0053406,-0.005661,-0.0056305,0.00022888
-0.0048828,-0.00057983,-0.0053711,0.0065155,-0.007782,0.0046997
0.009903,0.014435,0.00045776,0.0056152,0.013504,-0.0076904
-0.00047302,-0.010284,0.011429,-0.016174,-0.0037537,-0.0055695
-0.015305,-0.0096283,-0.0076141,0.0082703,-0.01413,0.0051422
0.0019531,0.017029,-0.004425,0.0020752,0.012802,-0.0039978
0.0082855,-0.015137,0.0048676,-0.014481,-0.0086365,-0.01442
-0.021683,-0.010223,-0.0084686,-0.0007782,-0.0092773,0.0028839
-0.0068207,0.0011444,-0.012863,-0.0077057,-0.00099182,-0.0051575
0.0035858,-0.016251,-0.0061188,-0.010376,-0.013412,-0.016205
-0.016632,-0.0082855,-0.0063019,-0.010376,-0.009201,-0.0056763
-0.016785,-0.0061646,-0.016602,-0.013458,-0.010818,-0.01239
-0.0074158,-0.01767,-0.011368,-0.010559,-0.018204,-0.013748
-0.0069885,-0.0090637,-0.010773,-0.010895,-0.011139,-0.014359
-0.020416,-0.0056915,-0.01506,-0.012939,-0.0068817,-0.01413
-0.010971,-0.018478,-0.010742,-0.013748,-0.022476,-0.0086517
-0.0043335,-0.011307,-0.018616,-0.0088348,-0.011475,-0.014084
-0.016052,-0.0078125,-0.010742,-0.0090332,-0.0046844,-0.012604
-0.015091,-0.017593,-0.0065308,-0.015396,-0.021484,-0.015579
-0.017197,-0.014694,-0.019745,-0.010056,-0.013947,-0.012711
-0.0097351,-0.0099182,-0.016296,-0.0013733,-0.012955,-0.008728
-0.01004,-0.013672,-0.0081635,-0.021576,-0.0083618,-0.017456
-0.017624,-0.015381,-0.016525,-0.016006,-0.012405,-0.0071564
-0.004776,-0.0098267,-0.020477,0.011597,-0.017548,-0.00097656
-0.0029449,-0.0064697,0.0016632,-0.013657,0.0046234,-0.015656
-0.0071259,-0.0091858,-0.0045776,-0.012985,-0.010513,-0.0046844
-0.0080719,0.00039673,-0.01474,0.012085,-0.012726,0.0048065
-0.00019836,-0.0020447,0.00041199,-0.0015564,0.0066071,-0.013824
-0.0011749,-0.009491,-0.0014648,-0.011002,-0.0059052,-0.0034485
-0.011658,-0.0026398,-0.01152,-0.00079346,-0.0081024,0.0053864
0.0010681,-0.0061035,-0.011032,0.0041504,-0.0054779,-0.0098114
-0.0015411,-0.008316,-0.0010376,-0.0052643,-0.00035095,-0.0029602
-0.0085754,-0.0064087,-0.007019,-0.0058441,0.0012207,-0.00018311
-0.0041962,-0.0080872,-0.010834,0.00097656,-0.011963,-0.0069885
-0.0070496,-0.0033112,-0.0040588,-0.0012665,-0.0035095,-0.0021057
-0.0033264,-0.0064087,-0.008316,0.0028229,0.0021057,-0.0088501
-0.0077515,-0.015274,-0.006546,-0.0047607,-0.01152,-0.0079956
-0.013321,-0.0048523,-0.0081329,-0.010269,-0.0072174,-0.007843
-0.0092468,-0.0056,-0.016266,0.0075378,-0.0069275,-0.0087891
-0.0011597,-0.011688,-0.00030518,-0.0045624,-0.0061188,-0.0040436
-0.0059204,-0.0092773,0.0029144,-0.012726,-0.0069122,-0.012894
-0.019516,0.0011597,-0.017502,0.014053,-0.012695,0.0050812
0.0088043,0.0043793,0.0038452,0.005661,0.011398,-0.0062256
0.00354,-0.013672,0.011551,-0.0074005,-0.003479,-0.015503
-0.018433,0.0052948,-0.013504,0.010468,-0.01123,0.019577
0.015045,0.0073395,0.0041809,0.012039,0.01622,-0.0056915
-0.00053406,-0.0098724,0.0075378,0.0072021,0.00383,-0.0085144
-0.0053101,0.004303,0.00036621,0.0026703,0.0016022,0.019394
0.010345,0.0016022,0.0078125,0.013275,0.007431,-0.0025787
-0.007843,0.0082397,0.0043488,0.017517,0.012161,0.0031738
0.014771,0.0024719,0.011505,0.0025635,0.0075073,0.014236
0.005188,0.0029297,0.0088501,0.0083618,0.0038605,0.004776
0.00099182,0.020126,0.0048981,0.0075836,0.012314,0.0051422
0.019897,-0.00093079,0.0012512,0.011093,0.004303,0.010971
-0.0016174,0.0062103,0.012009,0.0025177,0.0091858,0.012604
0.012787,0.0097198,0.0086975,-0.0012054,-0.00027466,-0.0045471
0.0041504,0.0035706,-0.0070496,0.01825,0.00383,0.0090942
-0.00048828,0.0084686,0.01619,-0.0033875,0.012192,0.0085754
0.015091,-0.0087585,-0.00041199,-0.0045624,-0.010391,-0.0061188
-0.0074005,0.0085754,-0.010803,0.014511,0.010284,0.013046
0.0041199,0.0040283,0.010605,-0.0055237,0.0098877,0.0027466
0.001236,-0.012939,-0.0020142,-0.0055084,-0.010437,-0.0031433
-0.0041046,0.010193,-0.0053406,0.0082855,0.0058136,0.0059509
0.0089722,0.0017853,0.0056458,-0.0007782,-0.00099182,-0.0023041
-0.01001,-0.00062561,0.0063171,-0.00042725,-0.00019836,-0.0042725
0.0015106,0.0054626,-0.0014038,0.002121,-0.00057983,0.00068665
0.0089874,-0.004364,0.00354,-0.0010071,-0.0085907,0.0016479
-0.0076904,0.0092468,0.0017242,0.0020905,0.0055542,0.00042725
0.0057068,0.0016327,-0.0072784,-0.00027466,0.00042725,-0.0048981
0.00083923,-0.012177,0.0077667,-0.0024261,-0.0068817,-0.0011749
-0.0068207,0.01181,0.0012817,0.0043182,-0.0016327,0.00062561
0.0058899,0.0082397,-0.003006,0.0032501,0.00057983,-0.0071716
-0.0020447,-0.012283,0.0089111,-0.0088348,-0.0074921,-0.0020752
-0.0061646,0.0027924,-0.004837,-0.0014191,-0.0059357,-0.0014954
0.0015106,0.0078888,-0.0059052,0.010117,0.0024414,-0.0039673
-0.00059509,-0.0064392,0.0095825,-0.0074921,-0.0011292,-0.001297
-0.0020294,-0.0047302,-0.0029144,-0.0081482,-0.0045013,-0.0015717
0.0012054,0.0051117,-0.014893,0.0058441,-0.0054169,0.00010681
0.0028839,0.0015106,0.0084381,-0.0036316,0.0046997,-0.001236
-0.0039063,-0.0067749,0.0010529,-0.0058441,-0.0014801,0.0013428
-0.0060883,-0.002594,-0.016754,-0.0062714,-0.010635,-0.0016327
0.0041351,-0.0026703,-0.0020599,-0.0040283,0.0020599,-0.0062714
-0.004715,-0.0048828,-0.0028839,-0.0037689,-0.0080414,0.0047455
-0.0059814,-0.003891,-0.0090485,-0.012222,-0.011505,-0.0072479
0.0012665,-0.0072937,-0.0065155,-0.0028229,-0.0010834,-0.0099792
-0.0098572,-0.0029449,-0.0042877,-0.00091553,-0.0093842,0.0055237
-0.002655,0.00062561,-0.0016174,-0.00013733,-0.0012207,-0.0098114
-0.002655,-0.010468,-0.0031281,0.00030518,-0.0041809,-0.0098419
-0.0094299,0.00010681,0.0002594,-0.005249,-0.0050812,0.0057373
0.0037842,0.0087891,0.0032043,0.0049591,0.0058136,-0.0036163
-0.002594,-0.0052795,-0.00074768,0.0054932,-0.0093231,-0.004364
-0.00045776,-0.00033569,0.0050354,-0.00015259,0.0043945,0.0026093
0.003067,0.0036926,0.0015717,0.00042725,0.0086365,-0.001297
-0.0018005,0.0035248,0.00021362,0.011047,-0.0087128,0.0029449
0.010773,0.0054321,0.010086,0.0024109,0.011078,0.007843
0.0035553,0.0065765,0.0052032,-0.0039978,0.0048065,0.004364
0.0065918,0.0085602,0.0042572,0.022644,0.0027008,0.0046082
0.0074158,0.0081024,0.012909,0.007309,0.022903,0.0095673
0.0061798,0.0075531,0.010406,0.0011444,-0.00021362,0.010376
0.015732,0.0075073,0.0046997,0.018082,0.0095673,0.010132
0.001709,0.011551,0.011108,0.0088806,0.027481,0.012421
0.016663,0.010849,0.013214,0.011185,0.0011139,0.015335
0.019882,0.0073242,0.0062103,0.010406,0.014557,0.014099
0.003006,0.01503,0.014786,0.0088348,0.021286,0.013184
0.016541,0.014297,0.016388,0.013077,0.0040588,0.010239
0.0097046,0.0083771,0.006546,0.011932,0.014725,0.009491
0.0098114,0.014023,0.020218,0.010406,0.0093994,0.011795
0.010956,0.0087433,0.01358,0.002182,0.011185,0.0053253
0.0044861,0.0084076,0.0025482,0.011612,0.012161,0.0097046
0.015244,0.012238,0.01712,0.01033,0.0032349,0.01741
0.0079498,0.0068207,0.0093689,-0.0024261,0.01535,0.0054932
0.0086517,0.010635,0.0046844,0.011627,0.0089264,0.0030212
0.0050507,0.0071259,0.014557,0.0074615,0.0043945,0.009552
0.0028839,0.0034332,0.0095215,0.0023804,0.0081329,0.0077362
0.013123,0.01506,0.007843,0.0028076,0.0081329,0.0038452
0.0059967,0.0026245,0.0082092,0.0029602,0.0092316,0.0040131
0.0043182,0.0055389,0.0061798,0.010025,0.0028687,0.013321
0.010223,0.016541,0.011414,-0.0018005,0.0093536,0.0046539
0.014069,-0.00024414,1.5259e-05,-0.001297,0.010727,0.0027924
0.0053864,0.0092926,-0.0005188,0.006424,-0.00033569,0.013885
0.0045471,0.0068054,0.015228,-6.1035e-05,0.006958,0.0052643
0.0086212,0.0033264,0.0021362,0.00064087,0.011307,0.0030365
0.0013275,0.0086212,0.0011902,0.00018311,-0.00083923,0.0080566
0.005127,-0.0015869,0.01239,0.00062561,0.0050201,0.0028381
0.00024414,0.0065002,-0.00062561,0.0055237,0.0082092,0.0013275
0.00018311,-0.00057983,0.0010071,-0.0045013,-0.0019226,0.0028229
0.0084534,-0.0037384,0.0057983,-0.0086365,0.0013275,-0.00068665
-0.0055389,0.0061035,-0.0072021,0.0039368,-0.0046692,0.0032196
-0.0019684,-0.0032501,0.0019379,-0.0005188,0.0032196,0.0018768
0.0093842,-0.0040283,0.0056763,-0.010391,0.0071259,-0.0046234
-0.0086365,-0.0035706,-0.0073547,0.0012207,-0.0086517,0.0014801
-0.0098114,0.00094604,0.0007019,0.0032043,0.0012207,-0.0014038
0.0065918,-0.0016327,0.0052948,-0.0055389,0.00086975,-0.0099945
-0.0098267,-0.0079651,-0.0033875,-0.015503,-0.0065613,-0.0022583
-0.012238,0.0035858,-0.0083313,-0.001236,-0.013351,-0.0092468
0.0062561,-0.0036011,-0.00090027,0.004425,-0.0057678,-0.010712
-0.0068359,-0.0087585,-0.002594,-0.024368,-0.0018768,0.00010681
-0.007782,-0.005127,-0.016571,-0.0050049,-0.018417,-0.0098724
-0.00042725,-0.0023499,-0.004303,-0.0058746,-0.0014801,-0.0029602
-0.0046997,-0.0075073,-0.0034637,-0.014481,-0.0077209,-0.0010986
-0.0066223,-0.0089874,-0.010971,0.00016785,-0.0066681,-0.0082397
-0.0083923,0.0010681,-0.00074768,-0.0098267,0.0020142,-0.0042419
-0.0017395,-0.012802,-0.0031128,0.0016327,-0.015152,-0.0037384
-0.0087128,-0.0035858,-0.0054321,-0.0058136,0.0058899,-0.0028992
-0.0077057,0.0040741,-0.0036926,-0.0038452,-0.00085449,-0.006546
0.0032196,-0.0093079,0.0046387,0.00036621,-0.0097961,-0.0021667
-0.008606,0.0022583,-0.0052338,-0.010071,0.0023193,-0.0012817
-0.002182,0.00047302,-0.0068512,0.0029144,-0.0075836,-0.0055542
0.002655,-0.010849,0.0075989,-0.0083008,0.0011749,-0.00093079
-0.0093079,-0.00177,-0.01149,-0.0014954,-0.0036011,-0.0021667
0.0034027,0.004303,-0.0015869,0.0027161,-0.0040283,-0.0018463
0.0019379,-0.0019684,0.0056305,-0.011002,0.0058594,0.0015564
-0.0063629,-0.0078583,-0.0085602,0.0083618,-0.0096283,-0.0028687
-0.0019531,0.0025177,0.0040894,-0.00383,0.00094604,-0.0027618
-0.0055389,0.0028229,-0.0013275,-0.0097046,0.0011902,-0.0078125
-0.0055389,-0.013306,-0.0067444,0.0077362,-0.016541,-0.0046234
-0.010376,-0.0016022,0.0015564,-0.0036011,0.0010834,-0.0098267
-0.0043488,-0.0015869,-0.0018463,-0.0034943,0.00086975,-0.012589
-0.00383,-0.0085602,-0.0033264,-0.0049896,-0.014481,0.0062103
-0.009491,0.00064087,-0.0055695,-0.0004425,-0.0028839,-0.0098267
0.0049133,-0.0023499,-0.0035553,0.0020905,0.0027313,-0.0050354
-0.0021515,-0.0072327,0.0045013,-0.012314,-0.0044556,0.0045624
-0.0072784,0.0023499,-0.0085297,-0.0046082,-0.010193,-0.0053253
0.0028839,0.0058899,-0.010391,0.010071,0.0019531,0.00021362
0.0012054,-0.014404,0.012299,-0.0029144,0.0084076,-0.0053558
-0.0032654,0.0024109,-0.0040131,-0.010315,-0.011002,0.0088043
-0.0016174,0.012222,-0.012848,0.0094757,0.0037079,0.0027924
0.0049133,-0.01532,0.0093689,0.0041809,0.0082245,-0.010605
-0.00013733,-0.00067139,-0.0004425,-0.0035706,-0.0069275,0.01123
-0.0010681,0.0076141,-0.0020599,0.00091553,0.0066833,-0.00032043
0.0028381,-0.0044861,0.0030365,0.0055695,0.00061035,0.00042725
0.0042114,0.00054932,-0.00068665,0.0025482,0.0024872,0.0095215
0.0030518,0.00062561,0.00093079,-0.0052185,0.0067902,-0.005249
0.0021057,0.0049286,-0.0037537,0.0020905,-0.0016785,0.011673
0.011581,0.0056,0.0026245,0.0045166,0.0048676,0.0083618
0.0067291,0.0026093,0.0079498,0.0016022,0.0085297,-0.0015869
0.0050201,0.0069733,0.0045624,-0.0013733,0.0023193,0.015518
0.0090179,0.0078735,-0.00083923,0.010193,0.002594,0.012863
0.010208,0.0089722,0.0078888,0.0058289,0.018036,0.0042267
0.013351,-0.00022888,0.010651,-0.0010834,0.0034485,0.0055695
-0.0018768,0.0063477,0.00054932,0.01059,0.0016022,0.014145
0.0072021,0.014832,0.0055542,0.0052948,0.018433,0.0058441
0.012314,-0.0040741,0.0043793,0.0032349,0.00079346,-0.0028229
-0.0079498,-0.0019226,0.0072021,0.0014191,0.00056458,0.0098419
0.0032349,0.010345,0.00039673,0.00033569,0.0088348,0.0036163
0.0037537,0.0013123,0.00056458,0.0067596,-0.0033417,-0.0071564
-0.0053864,-0.0061646,0.010437,0.0016632,-0.001236,0.0049286
0.0042572,0.0063629,-0.00088501,-0.0042725,0.011597,0.0045013
0.004776,0.0052948,0.0025177,0.0058136,0.00045776,-0.0019684
0.00097656,-7.6294e-05,-0.00057983,0.0019379,-0.0078888,0.0095062
0.006424,0.0049591,0.0022278,-0.010254,0.0098877,0.00041199
0.0015717,0.00021362,0.0045624,0.0021667,0.0012054,-0.0034943
-0.002121,0.0037842,-0.0077515,0.0024872,-0.01059,0.010132
0.0095062,-0.0033112,0.0043182,-0.0066071,0.0072174,-0.00028992
-0.00082397,0.0026703,0.0041656,0.0027771,0.0057983,-0.001358
0.0027008,0.010284,0.0028534,0.0020752,-0.0004425,0.0070648
0.012909,-0.0004425,0.0056,0.0024414,0.0041809,0.0069885
0.0019684,0.0095215,0.0022583,0.0030823,0.0081177,0.0060272
0.0061798,0.005127,0.011215,-0.001709,0.0029449,0.0021057
0.0049438,0.0066833,0.0032654,0.0053864,0.0012512,0.0059357
0.0050049,0.0079041,0.0023499,0.00082397,0.0016174,-0.0014954
-0.0014496,-0.0041504,0.006134,0.00062561,-0.0027618,-0.0023804
-0.0042267,0.0056,0.0028534,-0.00099182,0.0099487,0.0020599
0.0027771,-0.00054932,0.0011749,-0.00032043,-0.0040283,-0.0075073
-0.0049744,-0.0021667,-0.0062561,0.0029449,-0.0070648,0.0065002
0.0070038,0.0010071,0.0098419,-0.0080719,0.010483,0.0021057
-0.0012512,-0.0032196,-0.00024414,-0.0005188,-0.0050201,-0.0088959
-0.0062866,0.0038452,-0.011505,0.00039673,-0.0056458,0.0092926
0.011658,-0.0072479,0.00383,-0.0062866,0.00083923,-0.0028534
-0.014389,-0.0028534,-0.0063171,-0.0069275,0.0015869,-0.0076904
-0.0045319,0.00071716,-0.0038147,-0.0012665,-0.0028229,0.0040283
0.010773,-0.0071106,-0.00064087,-0.0010223,-0.0074768,-0.0054932
-0.011002,0.0057373,-0.005661,-0.011108,-0.0027008,0.0015106
0.0029449,-0.0029602,-0.002533,0.0050354,-0.0045013,-0.0051575
-0.0060577,-0.0054169,0.0063019,-0.0046844,0.0021515,-0.013199
-0.0091095,0.00073242,-0.00013733,-0.015747,-0.013916,0.0032349
-0.00041199,-0.0050354,-0.01564,0.0094757,-0.015259,-0.0079956
-0.01062,-0.0033569,0.0020752,-0.0098572,0.012863,-0.01532
-0.0050964,-0.01207,-0.0014191,-0.015457,-0.014938,-0.0036316
-0.015991,-0.0088043,-0.020813,0.0041656,-0.024384,-0.0062103
-0.0029449,-0.0012207,-0.0010376,-0.0050201,0.0069427,-0.016464
-0.0028076,-0.011642,0.00038147,-0.0099335,-0.0039673,-0.013229
-0.021225,-0.011292,-0.016739,-0.011978,-0.02417,0.00038147
0.0023041,-0.00022888,-0.008316,0.0018616,-0.0033112,-0.0055542
-0.0023193,-0.0025635,-0.00054932,-0.0084076,0.0073853,-0.012772
-0.0083466,-0.016663,-0.0098877,-0.011963,-0.022125,-0.0046997
-0.0083618,0.00059509,-0.011963,0.0052643,-0.0076294,0.00036621
-0.0063934,0.0023956,0.0050964,-0.010788,0.0073853,-0.006546
0.0053101,-0.013336,-0.0042877,0.0014343,-0.011475,-0.0092316
-0.010422,0.0054169,-0.01001,0.0058594,-0.0023346,0.001297
-0.0013733,-0.0017853,0.0061798,-0.0071869,0.00083923,4.5776e-05
0.0039825,-0.0055695,-0.00048828,0.0047455,-0.00050354,-0.0042267
-0.0013885,0.0028839,-0.0024261,0.006485,-0.001297,-0.0033264
0.00074768,0.0016479,0.0039978,-0.00094604,-0.0029297,0.0057678
0.00053406,0.0044708,0.0057068,-0.0012207,0.0024261,0.0063782
0.010666,0.0014038,0.00027466,0.010376,0.0053253,-0.0038452
0.00061035,0.0058899,0.0032349,0.0051117,0.0075531,0.0087738
0.0051575,-0.0016022,0.0083313,-0.0037994,3.0518e-05,0.011932
0.0063324,0.0081787,-0.0041046,0.014877,0.0048676,0.0012817
0.0049896,0.0082245,0.0042572,0.00036621,0.014343,-0.00093079
0.0046539,-0.011475,0.007843,-0.0036774,-0.0014648,0.0072327
-0.014526,0.0089722,-0.003891,0.01355,-0.0079346,0.0066071
0.0087891,0.0019684,0.0026093,-0.0089722,0.0092621,-0.011887
-0.00076294,-0.013245,-0.0012817,-0.0059357,-0.0043335,-0.00015259
-0.015244,-0.00177,-0.0078278,0.0068512,-0.015991,0.0018616
0.0029449,-0.00068665,-0.0020142,-0.0017395,0.012939,-0.012787
-0.0066986,-0.0039063,0.0028381,-0.0073395,-0.003006,-0.001236
-0.0018005,-0.014572,-0.0058441,0.0013428,-0.011917,0.00015259
-0.0074921,0.0091858,-0.0071869,0.010147,0.014206,-0.00032043
0.0041199,0.0035095,0.011719,-0.0045471,-0.0054626,-0.0050812
0.0064545,-0.021713,0.00018311,-0.0066376,-0.0055389,0.00082397
-0.010956,0.015381,-0.014023,0.008316,0.0010681,0.010056
0.0082855,0.0032806,0.0061798,0.00045776,-0.0007019,-0.010849
0.00041199,-0.017746,0.0071106,-0.0055237,0.0049896,0.0023804
-0.0063934,0.0075531,-0.010498,-0.00032043,-0.008194,0.0083466
0.00065613,0.0059967,-0.0058594,0.00039673,0.0015564,-0.011765
0.0032349,-0.0080109,0.0067749,0.0051422,0.0020447,0.0011139
-0.0061646,-0.0089264,-0.0027008,-0.014816,-0.0092163,-0.0037689
-0.016113,0.001358,-0.016724,-0.0029297,-0.005127,-0.0053101
0.0070496,-0.0042267,0.0033875,0.0098267,-0.002182,-0.0023651
-0.0077057,-0.019974,-0.004303,-0.015274,-0.0044098,-0.012436
-0.02121,-0.0060425,-0.020706,-0.0044098,-0.006134,-0.00079346
0.0041656,-0.0023041,0.0025787,-0.003067,-0.0066681,-0.0076141
-0.0092163,-0.01355,-0.011154,-0.0012054,-0.0067139,-0.010864
-0.011749,-0.0014343,-0.0061035,-0.0075836,-0.001297,-0.0062408
0.00019836,-0.0054169,0.00094604,-0.014648,-0.014252,-0.0062256
-0.010422,-0.0039368,-0.014343,0.014175,-0.0055084,-0.003479
-0.00057983,0.0023346,0.0059509,-0.0072937,0.0050049,-0.014053
-0.0041656,-0.012848,-0.0061035,-0.015884,-0.017654,-0.0022583
-0.012024,-0.0036469,-0.0095825,0.0090637,-0.00383,0.0057526
0.00048828,0.0043945,0.0019989,-0.0040894,0.00067139,-0.013718
-0.0016479,-0.0097046,-0.0087128,-0.0041199,-0.012283,-0.011795
-0.012756,-0.012802,-0.0024261,-0.0081635,-0.0028687,0.0041962
-0.0099335,6.1035e-05,-0.012131,-0.0052795,-0.012589,-0.011551
0.0004425,-0.002594,-0.0088196,0.0046082,-0.0084686,-0.018631
-0.0077515,-0.016983,0.0052338,-0.0091248,-0.0039368,0.0028992
-0.0094147,-0.0026855,-0.0088654,-0.0034943,-0.0076904,-0.0039825
0.00013733,0.01091,-0.0095367,0.0066376,0.0049286,-0.0074463
0.004425,-0.0083466,0.0070496,0.0057983,-0.002533,0.0050049
0.00028992,-0.0081635,0.0042114,-0.0046539,-0.0027466,-6.1035e-05
-0.0063934,0.015045,-0.0065308,0.0015564,0.0061646,0.0036774
0.008194,-0.0013275,0.0059662,0.01088,0.00038147,0.0021362
0.006012,-0.0062866,0.0027466,-0.0012665,-0.0020294,0.00054932
-0.0067596,0.012451,-0.0016785,-0.0009613,0.0068207,0.0045013
0.0041809,-0.0042572,0.0061493,0.0053253,0.0012817,0.00094604
0.0016479,-0.0030212,-0.0036774,0.010361,-0.0042267,0.0036163
-0.0019836,0.0029907,0.0012665,0.002655,0.013184,-0.0046844
0.00035095,-0.0049591,0.0077057,-0.0015717,0.0029297,0.0052338
-0.00030518,0.0026093,-0.0048523,0.0090485,-0.0048828,0.010834
0.0052795,0.0032654,-0.0040436,0.0036621,0.015945,-0.0071716
0.0033875,-0.0021973,0.0064087,0.0021515,0.0034332,0.0043335
-0.005127,-0.0038452,0.00057983,0.007309,-0.0061188,0.008194
-0.0010681,0.0067749,-0.0051727,-0.00068665,0.014648,-0.0051422
0.0080872,-0.0037537,0.0035858,0.0023193,0.00054932,0.0025177
-0.006424,-0.0062103,0.00053406,0.002533,-0.010696,0.006546
-3.0518e-05,0.01088,-0.0027924,-0.0056915,0.0091705,-0.0069275
0.0026245,-0.0083618,-0.0040283,-1.5259e-05,0.00033569,-0.005188
-0.012711,-0.0084839,-0.0044556,6.1035e-05,-0.013016,0.0074921
0.0061951,0.0048828,0.0036163,0.0013275,0.002182,-0.0057831
-0.0029907,-0.0045624,-0.0052185,-0.0041046,0.0083923,-0.010742
-0.0049133,-0.0016327,-0.002182,-0.0063934,-0.0095673,0.011108
0.014557,0.0075836,-0.00062561,0.0067139,-0.0055847,0.004425
0.0014343,0.0017242,0.00090027,0.0022888,0.013458,-0.006546
0.0012817,0.0014496,0.012192,-0.0075836,-0.0020447,0.0076752
0.0077057,0.012665,-0.0066528,0.00085449,-0.0073242,0.0075226
0.0082703,0.00024414,-0.0031738,0.0086823,0.0061798,-0.0019226
-0.00028992,-0.0037079,0.011444,-0.0081482,-0.0028076,-0.0027313
-0.0033722,0.0072632,-0.0065765,-0.0067902,-0.0055542,0.0015869
0.006134,-0.0050354,-0.0081024,0.0057373,-0.005661,-0.0017548
-0.00354,-0.0033569,0.0032043,-0.003891,0.00061035,-0.0051727
-0.0030975,0.003479,-0.00086975,-0.0044098,0.002655,0.0013885
0.0029907,-0.0056152,-0.0051727,-0.0022888,-0.014343,-0.0040588
-0.0030823,-0.0012817,-0.0035858,0.0011139,-0.00035095,-0.0005188
0.0024109,0.0039063,0.0031433,0.0050507,0.0062561,0.0039368
0.0028534,-0.0039215,0.0028076,-0.0023956,-0.0024261,-0.006897
-0.0055542,-0.00033569,-0.00035095,0.0047913,0.00050354,0.0050659
0.00083923,0.010345,0.0043335,0.010849,0.0024872,0.0044708
0.0050507,-0.0069427,0.0069427,0.0037079,0.0084686,-0.0082855
-0.0015259,-0.0041504,0.00083923,-0.00035095,0.0016174,0.0063171
-0.0019836,0.018295,0.00033569,0.00022888,-0.00028992,0.010391
0.011368,-0.0033264,0.0021515,0.010071,0.0023346,-0.00015259
0.0046234,-0.0073242,0.00054932,-0.0031281,0.0035706,-0.0026093
-0.0082092,0.011978,0.0057373,-0.0090332,0.0026703,0.0063477
0.01004,0.0030975,-0.0066071,0.014496,-0.007782,0.0045471
0.00061035,-0.0049896,0.0031281,0.0043793,0.0054169,-0.0056915
-0.003006,0.0012512,0.012253,-0.0087585,0.010742,0.0037384
0.0076447,0.0064087,-0.0082855,0.010101,-0.0022583,0.0079346
-0.0010529,0.00045776,0.0050812,0.010605,0.0028076,-0.00067139
0.0053406,-0.0017853,0.0046997,-0.0086212,0.0062866,0.00039673
-0.00042725,0.0034485,-0.0057068,0.00022888,0.0030975,0.0074463
-0.00050354,0.00028992,0.0024872,0.012573,-0.0050507,-0.0035706
3.0518e-05,-0.0020447,-0.0018463,-0.002655,0.0024261,-0.0075989
-0.0060425,-0.0046692,0.0030212,-0.0068054,0.008255,0.0087433
0.00032043,-0.0013428,-0.0015411,0.0029297,-0.010239,0.0011139
-0.0027466,0.0064545,-0.0074768,0.0018311,0.0004425,-0.0062714
0.0040741,-0.0063171,0.0044861,-0.0057983,0.0010529,-0.00042725
-0.0029449,-0.010956,-0.00062561,-0.0016632,-0.0085144,-0.0068359
-0.015442,0.0066681,-0.0063324,-0.0016632,-0.00094604,-0.0057068
0.0014496,0.00015259,-0.0048218,-0.0090027,-0.011902,-0.0036926
-0.0045166,-0.018646,-0.0033875,9.1553e-05,-0.0037842,-0.0074921
-0.01239,-0.00093079,-0.0036621,-0.0085297,0.00033569,-0.0062714
0.0059814,0.0041351,-0.0099182,-0.0074921,-0.012283,-0.00079346
0.0005188,-0.012222,-0.0048523,0.0078888,-0.0023651,0.0064392
-0.0055542,-4.5776e-05,0.0036163,-0.010269,0.0050201,-0.010086
0.00054932,-0.0012665,-0.0075531,-0.0017548,-0.0033722,-0.0050201
-0.0051422,-0.0044708,-0.0032349,0.0091705,-0.0078888,0.013107
-0.00021362,-0.001297,0.0031891,-0.0088196,0.0021057,-0.013458
-0.0024109,-0.0063324,-0.0091705,-0.0035706,0.00177,-0.007782
-0.0087128,-0.0025482,0.0022888,0.0042725,-0.01416,0.0098877
-0.001358,-0.0071869,-0.0050812,0.0014801,-0.004303,-0.012085
-0.0080872,0.00053406,-0.0055847,-0.0065765,0.0094299,-0.010315
-0.0077972,-0.0071106,0.0049133,0.0018311,-0.0088043,0.005127
-0.0038452,-0.0076752,-0.0061798,0.0054169,-0.0048523,-0.0097961
-0.0023499,0.011017,0.0046997,-0.0093079,0.0035706,-0.0045929
0.003067,-0.004715,-0.0002594,0.0063934,-0.0066071,0.012878
-0.00056458,0.0044861,4.5776e-05,0.005661,0.0075684,-0.0098419
0.0056,0.0070953,0.010529,0.0025177,0.0058899,0.00094604
0.0013428,-0.0013733,-0.00012207,0.0083771,-0.0031891,0.02034
0.0043945,0.010803,0.006546,0.00085449,0.0096588,-0.0058746
0.011841,0.0010529,0.0082703,0.011505,0.0083008,-0.00022888
-0.00056458,0.009552,0.0053253,0.002182,-0.0011139,0.016312
0.0085144,0.010132,0.011154,0.0059052,0.0070801,0.0069733
0.0083618,0.00073242,0.0082245,0.0072479,0.014221,-0.00076294
0.0062561,0.013474,0.0055542,0.0020447,0.0005188,0.0070496
0.013901,0.0079041,0.0062714,0.014038,0.0081635,0.020966
0.010666,0.0076752,0.0077209,-0.0053558,0.016312,0.004837
0.012238,0.014343,0.0075073,0.0090179,0.0053406,0.0049438
0.0121,0.0060272,0.0091248,0.017471,0.010376,0.024216
0.012802,0.0095673,0.012375,-0.00079346,0.01593,0.0093384
0.0087891,0.016937,0.011429,0.0093384,0.015869,0.0085907
0.015549,0.0045166,0.0045471,0.012894,0.0028381,0.017227
0.01265,0.0066071,0.014603,0.0098114,0.0096436,0.0053101
-0.00013733,0.015839,0.017609,0.0036011,0.018143,0.0087738
0.011581,0.0026093,-0.0028992,0.007843,0.00016785,0.0094147
0.0070038,0.0011902,0.0046387,0.0032196,0.0098724,0.0019836
0.0012665,0.0057068,0.01123,-0.00080872,0.0088348,0.011292
0.0088959,0.0070496,0.0049133,0.0074463,0.0030365,0.0084534
0.0048676,0.00383,0.0027161,-0.0016937,0.010635,0.0007019
0.006073,-0.0020294,0.0029449,0.0016327,0.0034027,0.0057678
0.0037079,0.011002,0.011627,0.0021057,0.0043335,0.0075531
0.0017548,0.0071106,0.0037689,-0.0033264,-0.00056458,0.0020599
0.0082703,-0.0016479,0.0014343,-0.003418,-0.00056458,-0.0035248
0.0011597,0.006424,0.0007782,-0.0018616,0.0015564,0.0024261
0.00090027,0.0052185,-0.0013733,0.00073242,-0.0027313,0.0032654
0.0038605,-0.0024719,0.0079956,-0.011703,0.0015106,-0.0042114
-0.0034485,0.00024414,-0.0053101,-0.00018311,0.00024414,0.0016632
0.0067291,0.0084381,-0.0010681,0.0076752,0.003479,0.0059814
0.0072937,0.0012207,0.011368,-0.0054169,0.0046234,-0.00083923
-0.0040741,0.0025482,0.0016022,0.0031281,0.0025024,0.0031891
0.010498,0.0058441,0.0050812,0.003952,0.0022888,0.011032
0.0121,0.0083466,0.0070801,0.0029602,0.0079041,0.0049744
0.0041199,0.0112,0.0075378,0.0054779,0.011475,0.0021973
0.0093842,0.00016785,0.0057068,0.0016022,0.0029297,0.0085602
0.0039215,0.0068817,0.0016632,0.0037384,0.0065918,0.0097504
0.0065918,0.0075226,0.0063019,0.0023193,0.0084534,0.0018463
0.0066071,-0.0010529,0.0049591,-0.0040741,0.0033569,0.0032959
-0.00062561,0.00057983,-0.0049591,-0.0023041,-0.0028076,0.0084534
0.0031281,0.00065613,-4.5776e-05,0.0019684,0.0023499,-0.0026398
0.00099182,0.0036011,0.0068207,-0.0032349,0.0089874,3.0518e-05
0.00030518,-0.0021057,-0.0052795,0.0002594,-0.0067139,0.0032654
-0.0031433,-0.0056,-0.0017395,-0.0020905,-0.0019531,-0.0062103
-0.006424,0.002182,0.0063782,-0.001709,0.0061188,-0.00080872
-0.0010681,-0.002182,0.00097656,0.0005188,-0.004837,-0.0027313
-0.0076599,-0.010132,-0.0051727,-0.010773,-0.0063324,-0.0063629
-0.0090027,-0.0015106,-0.0065308,-0.0044861,-0.0030823,-0.0060577
-0.0023499,-0.0033722,-0.00013733,-0.0079193,-0.0085907,-0.0062408
-0.0065155,-0.012405,-0.0091858,-0.0097198,-0.0082397,-0.0028687
-0.0084839,-0.0039825,-0.013565,-0.0063782,0.0010071,-0.0095978
-0.0066376,-0.00737,-0.0012207,-0.0095825,-0.010834,-0.0031128
-0.0073242,-0.0086823,-0.0066833,0.00030518,-0.0054932,-0.0063629
-0.0083923,-0.0051422,-0.0043335,-0.0097961,0.00015259,-0.01445
-0.0066833,-0.0079193,-0.0028839,-0.0061951,-0.017426,0.0020752
-0.0037079,0.0028534,-0.0077515,0.0020599,-0.00097656,-0.010498
-0.0071411,-0.0093842,0.0019073,-0.011093,0.00045776,-0.0092163
-0.0072784,-0.011765,-0.0040131,-0.001358,-0.0088043,0.0084381
-0.0020752,0.0069427,-0.0088043,-0.0014648,0.00085449,-0.016251
-0.0055695,-0.006073,-0.00027466,-0.0033569,-0.0059509,-0.0072632
-0.0030212,-0.0067444,0.002243,-0.0031586,-0.00085449,0.010223
0.0031281,0.0033264,-0.0090485,-0.0084381,0.00057983,-0.0073547
-0.0023651,-0.00042725,-0.0048523,0.0034027,-0.011063,-0.0047455
-0.0012665,-0.00074768,0.0076904,-0.0059357,0.00035095,0.0016479
-4.5776e-05,-0.0024719,-0.0080872,-0.0092621,0.0040894,-0.00061035
-0.0028534,-0.0028839,-0.0051727,0.0051575,-0.014359,-0.0021973
0.0021973,-0.0024567,0.0015869,-0.004425,-0.0057678,-0.0041962
-0.0041504,-0.0015564,-0.0065918,-0.010422,0.0063782,-0.0023499
-0.0071259,-0.0058136,-0.0044098,-0.00091553,-0.010406,-0.0013733
-0.002594,-0.0076294,-0.0062256,-0.0015717,-0.0092468,-0.0066986
-0.0068054,0.00076294,-0.003418,-0.0046539,0.0013428,-0.0076752
-0.006073,-0.0093079,-0.0036011,0.00083923,0.0027313,-0.0017395
-0.008728,-0.011002,-0.0037689,-0.0021057,-0.0076447,-0.0020599
-0.0040283,0.0053101,-0.0076599,-0.0051727,-0.0075378,-0.0041351
-0.0015717,-0.0080566,-0.0040131,0.00068665,0.0064392,-0.0035858
-0.011673,-0.012833,0.0050812,-0.0043335,-0.012573,-0.0079803
-0.0065613,0.0049896,-0.012772,-0.0071106,-0.010483,-0.011642
-0.0058899,-0.0082397,-0.0083008,-0.0007782,-0.0040588,-0.0075378
-0.014084,-0.014771,0.0028534,-0.0096436,-0.01799,-0.01181
-0.010071,0.002182,-0.011795,-0.012207,0.00016785,-0.012375
-0.0064697,-0.0069885,-0.012466,0.00073242,-0.012741,-0.0050659
-0.0072174,-0.013474,-0.002182,-0.0043335,-0.015732,-0.0088959
-0.0049438,-7.6294e-05,-0.004364,-0.0093994,0.010101,-0.005188
-0.0053101,-0.0050812,-0.0094604,0.00088501,-0.013611,-0.0012207
-0.0060272,-0.011124,-0.0025482,0.0012817,-0.0068665,-0.0058136
-0.0025024,0.0020447,-1.5259e-05,-0.0037994,0.0084534,-0.00030518
-0.0013123,-3.0518e-05,-0.0045929,-0.00035095,-0.0070953,0.0018768
-0.0051575,-0.0089569,0.00030518,0.0041809,-0.00090027,-0.0035248
-0.0014648,0.0011139,0.0013428,-0.001709,-0.00071716,-0.0014648
0.0061798,0.0032654,-0.0082092,-0.0023956,0.00016785,0.0041962
-0.0010834,-0.0059814,-0.0026245,0.0019073,-0.0019073,0.001297
-0.0036163,0.0010223,0.0024109,-0.0029449,-0.0061646,-0.0042419
0.007431,0.0043488,-0.0083923,0.0020142,0.0045929,0.0032349
0.0013428,-0.0061798,0.0026703,0.0031891,-0.002121,0.005661
-0.0055237,0.0047302,0.0067902,-0.00076294,-0.0019226,-0.0018463
0.0087585,0.0089417,-0.0079651,0.0094757,0.013016,0.0016632
0.0054932,-0.0053253,0.0073395,0.0029602,-0.0031586,0.0067444
-0.0054321,0.0030975,0.0072174,-0.0027313,-0.0024567,-0.00039673
0.0061493,0.010437,-0.0037537,0.01268,0.011063,-0.00074768
0.0053253,-0.0037079,0.0084991,0.0037537,-0.004776,0.0094299
-0.0043182,-0.0026703,0.0029449,-0.0054932,0.0047607,-0.0020752
0.00083923,0.0090637,-0.0021667,0.0094604,0.0046387,-9.1553e-05
0.0050201,0.00079346,0.0040436,0.0042877,-0.0076599,0.007782
0.0015869,-0.0033112,0.0019073,-0.0054779,0.0086365,-0.005661
0.0025482,0.0086517,-0.0031433,0.0042572,0.0039825,0.0067291
0.006546,0.0029297,0.00047302,0.0063782,-0.0024872,0.01442
0.0067139,-0.0075684,0.0061493,0.0016022,0.007782,0.0049896
0.0079041,0.011734,0.00059509,0.0028992,0.012695,0.0046234
0.0069122,0.0097961,0.0035706,0.007782,0.00065613,0.013107
0.0042725,-0.0036774,0.012436,0.0077972,0.0020752,0.0058594
0.0070648,0.014252,0.0041504,0.0046387,0.02153,-0.0019226
0.0084839,0.0057983,0.0038605,0.0096436,-0.0032043,0.014404
-0.0025635,-0.00030518,0.011795,0.005127,-0.0022888,0.00047302
0.0045471,0.0099487,0.0024414,0.00030518,0.020645,-0.0013733
0.013199,0.0017395,0.0030365,0.010208,-0.0024261,0.016174
-0.00035095,0.0055237,0.0085907,0.0045624,0.002533,1.5259e-05
0.0058289,0.0089569,0.0034637,0.00080872,0.01326,0.00076294
0.0066681,0.0051117,0.0066528,0.0075989,-0.0016174,0.0068207
-0.00048828,-0.00024414,0.0059204,0.0035553,-0.00028992,0.0020294
0.0019073,0.004425,0.0023804,0.0020905,0.0062714,-0.00083923
-0.0011139,0.0052338,0.0041504,-0.00015259,0.0039978,-0.004303
-0.0028534,-0.011902,0.001297,0.0029602,-0.0053558,0.0032043
-0.0083466,0.0037079,-0.0022583,0.0013123,-0.0013733,-0.0070801
-0.0023804,0.0021973,-0.0029755,-0.0093689,0.0029755,-0.0060883
0.00042725,-0.016159,0.0015869,0.0023193,-0.0070801,0.0023956
-0.014389,0.0034332,-0.0065918,-0.0031433,-0.0046692,-0.0095978
-0.0030212,-0.0022583,-0.011841,-0.014099,-0.00045776,-0.0025177
0.0041504,-0.012375,0.00010681,0.0036774,-0.0048523,-0.0021057
-0.016052,-0.0045776,-0.0071869,-0.0066071,-0.0062714,-0.0081787
-0.0095062,-0.0071106,-0.01123,-0.014893,-0.0074768,-0.0052032
-0.00056458,-0.0079651,-0.0024567,0.00085449,-0.010635,-0.0052643
-0.01062,-0.0066986,-0.010101,-0.008667,-0.0024567,-0.0083313
-0.0068054,-0.0065765,-0.01001,-0.014114,-0.0066071,-0.007309
-0.0055847,-0.0084991,-0.0072021,-0.0020752,-0.018509,-0.0051727
-0.0046539,-0.0026245,-0.012833,-0.0045166,-0.0039063,-0.010971
-0.0028381,-0.0062714,-0.00030518,-0.011368,-0.0054932,-0.0067291
-0.015747,-0.0097046,-0.0063171,-0.0023956,-0.010941,-0.0079498
-0.0063477,-0.0044403,-0.015579,-0.00073242,-0.0051575,-0.0082245
-0.0039978,-0.0078583,0.0023346,-0.011398,-0.0075989,-0.0049133
-0.016541,-0.012207,-0.0077362,-0.0084839,-0.0064545,-0.0092926
-0.0043335,-0.008728,-0.020157,-0.0020294,-0.014099,-0.0086975
-0.008728,-0.0060272,-0.0046082,-0.0066071,-0.010941,-0.010056
-0.01236,-0.015457,-0.0053558,-0.01326,-0.0057678,-0.0099335
-0.010956,-0.0076447,-0.016571,-0.008728,-0.016342,-0.011597
-0.016678,-0.01091,-0.013611,-0.0020447,-0.010086,-0.014206
-0.0095825,-0.017044,-0.0035858,-0.0087738,-0.0035858,-0.0077515
-0.0086365,-0.004837,-0.01033,-0.0086212,-0.011475,-0.0072937
-0.006546,-0.0098724,-0.016541,0.0032349,-0.010345,-0.010803
-0.0073853,-0.0062408,0.00177,-0.006134,-0.00079346,-0.0040741
-0.0058441,-0.0031281,-0.0046387,-0.0067596,-0.0028076,-0.0028381
0.0044556,-0.0019836,-0.011505,0.006012,-0.010437,-0.0026398
-0.0041504,-0.00083923,0.0028534,-0.00088501,-0.0033112,-0.003418
-0.006485,-0.0042114,-0.0024109,-0.00061035,-4.5776e-05,-0.0050354
0.0030823,0.00067139,-0.0057678,-0.0021973,-0.0066376,0.0045166
-0.0056915,-0.0073853,-0.0039063,-0.0011139,-0.0055389,-0.0057068
-0.0051575,-0.0048828,-0.0058594,0.004715,0.00091553,-0.0057678
0.0014954,0.006073,-0.0011597,-0.0026703,0.00027466,0.0076904
-0.0010681,-0.0069427,-0.0037231,-0.00093079,-0.0045471,-0.0057068
-0.0012512,-0.0063782,-0.0062866,0.0041962,-0.0036163,-0.0002594
-0.0016174,0.0076294,3.0518e-05,0.0011139,-4.5776e-05,0.0042419
0.0024719,-0.0049133,0.0014954,0.0027924,0.0028381,-0.0024872
0.00022888,-0.0024872,-0.00038147,0.0032654,-0.0010529,0.005249
-0.0019989,0.010559,-0.0045776,-0.00086975,0.002182,-0.0009613
0.0019226,-0.0027313,0.0037079,0.0072937,0.0055084,0.0032959
0.0019836,-0.0029755,0.0040283,0.004364,-0.0019989,0.0048065
0.0025635,0.003479,-0.0067139,1.5259e-05,0.0023804,-0.0026093
0.00033569,0.0010223,0.0037231,0.0082703,0.0016327,0.0067291
0.00028992,0.0007782,0.0068512,0.0054779,0.0029297,0.0031281
0.0070953,0.0032959,0.00033569,0.0079651,0.010925,0.002533
0.0062256,0.0084991,0.0044708,0.0077515,0.0014038,0.0048828
-0.00021362,-0.00038147,0.0087738,0.0042419,0.0049133,0.0063324
0.0064087,0.0034332,0.0030365,0.010315,0.010483,0.0092468
0.0079651,0.012375,0.0012054,0.0068817,0.0023193,-0.0011444
-0.0020294,-0.0029297,0.0095825,0.0029297,0.003006,0.0023956
0.0020752,0.0043335,0.0027313,0.0059662,0.0076904,0.0091553
0.0069122,0.0081329,-0.0031738,0.0025482,0.0049591,0.0030365
0.0036469,-0.0028992,0.0090332,0.0040131,7.6294e-05,0.00093079
0.0027924,0.006134,0.0029907,0.0033112,0.0007019,0.0031738
0.003006,0.0043945,-0.00091553,0.0020905,0.0017242,0.0018921
0.004715,0.0050201,0.011307,0.004776,0.0038605,3.0518e-05
0.0025024,0.0076447,0.0058899,0.0027466,0.00177,-7.6294e-05
0.0032654,0.0026703,0.0027924,0.007309,0.0037231,0.0051117
0.0061188,0.005722,0.0046844,-0.00024414,0.00042725,0.0036163
0.0060272,0.0035858,0.0021667,-0.0037384,0.00076294,-0.0011597
0.0067596,0.0058136,0.004837,0.0077972,0.005249,0.012589
0.0016327,0.0023499,0.0056458,0.0040283,-0.0020142,0.0040283
0.0047913,0.0035858,0.0054779,0.00027466,0.011749,-0.0032349
0.0094452,0.009964,0.0044556,0.012802,0.0084534,0.013519
0.0022278,-0.0010681,0.0039368,0.0084839,0.0020142,0.0045776
0.0035095,0.0073853,0.0086365,-0.0052338,0.014786,0.0053864
0.013351,0.011032,0.0054321,0.0077362,-0.0014648,0.0087585
0.0079651,0.0015564,0.0036621,0.0095215,0.0011139,0.003952
0.0019684,0.0092316,0.0096436,3.0518e-05,0.013123,0.011734
0.012665,0.0066681,0.0090332,0.0063019,0.0042572,0.004715
0.0096893,0.0059967,0.0085754,0.0094147,0.0060425,0.0079346
0.0051727,0.012039,0.0041809,0.00083923,0.0076141,0.0086975
0.0096893,0.0041046,0.0055389,0.002182,0.0057678,0.0028076
0.0041809,0.0060883,0.0075226,0.0075989,0.0026093,0.0087585
0.0042114,0.0062561,-0.00079346,-0.004715,0.0023041,-0.0030365
0.0057678,-0.0033417,0.0011597,-0.001709,-0.0028992,0.0010834
0.003067,0.003418,0.0011139,0.0047302,-0.0035706,0.0093384
0.00018311,0.0034943,-0.00032043,-0.009491,0.003479,-0.008255
-0.00027466,-0.0018921,0.0015106,-0.0048065,-0.0044098,-0.0036774
0.0041351,0.0012207,-0.001358,0.0052795,-0.0044556,0.0095673
-0.00177,-0.00071716,-0.0013123,-0.0046082,0.001358,-0.0014191
-0.00177,0.00036621,0.0019226,-0.0052032,0.0072479,-0.0033264
0.0058289,0.00039673,0.0018463,0.0049591,-0.00082397,0.006546
-0.0046082,-0.0012665,-0.0028229,0.0021362,-0.007019,-0.0030975
-0.01033,0.0044556,0.0038147,-0.004364,0.010162,-0.0068207
0.00067139,-0.0075073,0.0024872,0.00082397,-0.005661,-0.00061035
-0.0010834,-0.0066223,-0.0079346,0.00015259,-0.0095215,-0.0027313
-0.0050659,0.0094147,0.0017548,-0.0002594,0.012802,-0.00033569
0.0033112,-0.0077667,0.0066376,0.0031891,0.0016937,0.0015259
0.0013428,0.0020447,-0.00035095,0.0031586,0.00094604,0.0041656
0.0010529,0.01387,0.0027771,0.0040283,0.010178,0.0026703
0.0085449,-0.0026855,0.010696,0.0023651,0.0026398,0.0025787
0.0022888,0.0050964,0.0056458,0.0063782,0.0014496,0.0096588
0.00091553,0.0037231,0.0021667,0.003418,0.0046692,-0.0015717
0.0066071,0.0031128,0.006958,0.00383,0.0033112,-0.0028687
-0.0022125,0.0073242,0.0053711,0.0033112,0.00354,0.0089874
-0.0016937,-0.0027771,0.0019684,-0.0029449,0.0042725,-0.0014954
0.010544,0.0018311,-0.0032043,0.0021057,0.0027924,-4.5776e-05
0.0035553,0.0048828,0.00027466,-0.00088501,0.0012207,0.01004
-0.00027466,0.0017548,0.0033264,-0.0010681,0.003891,0.0037231
0.010361,0.00053406,-0.0019836,-0.0051727,0.0084839,0.0063324
0.0046997,-0.0002594,-0.0010681,-0.00086975,-0.0023804,0.0084839
-0.00035095,0.0045319,-0.0048218,0.003952,0.00039673,0.00093079
0.006897,-0.0032349,0.00097656,-0.010666,0.013351,0.0031586
0.0016785,-0.00080872,-0.00074768,0.0029297,-0.0052795,0.0094604
-0.0029907,0.0050201,-0.0072174,0.005249,-0.0002594,0.00039673
0.0045624,-0.0071564,0.0077667,-0.0084229,0.01207,-0.0041504
-0.0007782,0.0010529,0.00099182,0.0034027,-0.0067902,0.0065002
-0.0061035,0.0050354,-0.0075684,0.001709,6.1035e-05,-0.0041504
0.0018005,-0.0055695,0.0046539,-0.00354,0.0016327,-0.0079803
-0.0021973,-0.0029602,0.0055237,-0.0017548,-0.0050659,0.0063019
-0.0078125,-0.004303,-0.010117,-0.005188,-0.0025787,-0.0054779
-0.0046387,-0.0053558,-0.0069427,-0.0024261,-0.0088501,-0.009903
-0.0049438,-0.0046844,0.003006,-0.0076141,0.0024109,-3.0518e-05
-0.0096588,-0.0058899,-0.0067444,-0.0053101,-0.00354,-0.0080719
-0.0053101,-0.0046844,-0.0087891,-0.0023499,-0.01355,-0.0093842
-0.0041809,-0.0071411,-0.0061646,-0.0097198,-0.0021973,-0.0050354
-0.012619,-0.007019,-0.0029297,-0.0034943,-0.0084229,-0.0084534
-0.0038147,-0.0078278,-0.009903,-0.0083923,-0.01181,-0.0076752
-0.0041656,-0.010498,-0.012878,-0.011581,-0.0079346,-0.009201
-0.015656,-0.010315,-0.0037842,-0.0033722,-0.0094147,-0.0061188
-0.0070953,-0.0062103,-0.0083771,-0.0088348,-0.0068207,-0.0078735
-0.0045013,-0.0072479,-0.009964,-0.0073395,-0.0083923,-0.011337
-0.013763,-0.009964,-0.0088501,-0.0040588,-0.0089722,-0.0034943
-0.0087738,-0.0050812,-0.0050659,-0.0050507,-0.0057526,-0.011429
-0.00088501,-0.0063934,-0.0034943,-0.0023804,-0.0071259,-0.0099487
-0.010574,-0.007782,-0.012146,-0.0074463,-0.0076752,-0.00383
-0.010437,-0.0075684,-0.0068665,-0.0054169,-0.0068512,-0.0092621
-0.00064087,-0.0063171,-0.0047302,-0.0028534,-0.0063019,-0.0051422
-0.0094757,-0.0088348,-0.010803,-0.0032806,-0.0057983,-0.0045166
-0.011963,-0.0097809,-0.0060425,-0.0046387,-0.0057526,-0.0068207
-0.0062866,-0.0033875,-0.0071869,-0.0072021,-0.0063171,-0.0090485
-0.0045471,-0.0084381,-0.0083008,0.0028534,-0.0066376,-0.0034027
-0.0020905,-0.0062714,-0.0048676,-0.0039825,-0.0040588,-0.0061493
-0.0082397,-0.0052032,-0.0071564,-0.009079,-0.0050812,-0.0090637
-0.0092773,-0.0075531,-0.004364,0.0030975,-0.0081024,-0.00024414
-0.0034637,-0.0034485,-0.003952,-0.0033875,-0.0045624,-0.01149
-0.0075836,-0.01178,-0.0084991,-0.0069122,-0.0082397,-0.0098419
-0.013092,-0.0083313,-0.0070496,-0.0012817,-0.0071869,0.00047302
-0.0074463,-0.0061798,-0.0099792,-0.0032349,-0.00056458,-0.0097656
-0.0034027,-0.010834,-0.0062256,-0.0018311,-0.0093994,-0.0095825
-0.0078583,-0.0038757,-0.0060883,-0.0065308,-0.0044708,-0.0016785
-0.0067139,-0.0096283,-0.01178,-0.007019,-0.0040741,-0.0027313
-0.0028076,-0.0069275,-0.0024261,0.00048828,-0.0096588,-0.0070038
-0.0043793,-0.0010834,-0.0088654,-0.0034485,-0.003418,-0.0072784
-0.008194,-0.011154,-0.0044098,-0.0014496,-0.0099945,-0.0053558
-0.0064087,-0.0045166,-0.00080872,-0.0025177,-0.0034943,-0.0072632
-0.0067139,-0.00083923,-0.013855,-0.0031586,-0.0058289,-0.0069275
-0.0065613,-0.0088196,0.0034332,0.0028839,-0.010529,-0.0049744
-0.0041809,-0.0024872,-0.0018311,-0.0036774,0.0030365,-0.0044403
-0.0083618,-0.00033569,-0.0086975,-0.00062561,-0.0083008,-0.0056458
-0.0061798,-0.006958,0.0043182,0.0044861,-0.0070648,-0.0074768
-0.0061646,-0.0058746,-0.0057678,-0.0031433,-0.00013733,-0.0079346
-0.0084229,-0.0029907,-0.0037537,-0.0025177,-0.012085,-0.0080566
-0.0048523,-0.0021973,-0.002243,-0.00010681,-0.005722,-0.0050201
-0.0032043,-0.0057678,-0.004715,-0.00053406,-0.0031891,-0.0079651
-0.0032349,-0.0027161,-0.0010376,0.00065613,-0.0051422,-0.00067139
-0.0020599,0.0011749,-0.0027313,0.00022888,0.0018921,0.0093079
0.0022888,-0.00354,0.00013733,0.0031586,0.0022278,-0.0039825
0.0042877,0.0049744,-0.0015564,0.0044403,0.0029755,0.0018768
0.0039825,0.0045319,0.0032959,0.0042572,0.0046387,0.014191
0.0079803,0.0062256,0.0053101,0.0066071,0.0056152,0.0032196
0.011108,0.013596,0.0032806,0.0071869,0.0082397,0.0054016
0.0083008,0.0014648,0.011978,0.0089874,0.0067139,0.011063
0.010742,0.0096436,0.0076294,0.0089569,0.0037689,0.009079
0.0084534,0.013885,0.002655,0.0045624,0.0058594,0.0086823
0.0040283,0.0050812,0.011078,0.005722,0.0058441,0.0021057
0.010696,0.010223,0.0094757,0.0077362,0.0072937,0.007019
0.008316,0.0063171,-0.00041199,0.0076752,0.0050812,0.010208
0.0019836,0.0045624,0.0050049,0.0050354,0.0018005,0.0021515
0.0057678,0.0058746,0.008667,0.0010529,0.011002,0.0041504
0.0091858,0.0039368,-0.0023346,0.0068207,0.00019836,0.0075989
0.00354,0.0042877,0.0045166,0.0038757,-0.0065155,0.0027618
-0.00059509,0.0027771,0.0064392,-0.0049744,0.0092316,-0.0023346
0.0044556,0.0037842,-0.0036774,0.0028687,0.0005188,0.0066071
0.0052338,0.0051727,0.0047913,0.0039978,-0.0027008,0.0025482
-0.0014191,0.0023193,-0.00036621,-0.003067,0.0058441,-0.0032654
-0.0031281,-0.00080872,-0.0038147,-0.00030518,-0.0014191,0.0035248
0.003891,-0.00062561,0.0046692,0.0022583,-0.0031586,-0.0043335
0.0013275,0.0019073,0.00021362,0.0025787,-0.0039673,0.00042725
-0.0067291,0.00024414,0.00033569,-0.00059509,-0.0015411,-0.00048828
-0.0012512,-0.0010986,0.0014496,-0.0023346,0.0027313,-0.0022888
0.0026855,0.0036926,-0.00073242,0.0011444,-0.0060577,0.0041199
0.0035553,-0.0035095,-0.0031433,0.00030518,-0.0050507,-0.0056305
-0.0042114,-0.00059509,0.0018463,-0.0015411,0.0017548,0.0045319
-0.0017395,0.008194,0.0016327,-0.0013428,0.0021667,0.00032043
0.014816,-0.0046539,-0.0037384,0.0032959,0.001709,-0.0047607
-0.0072327,0.0016327,0.0066986,0.0069733,-0.0036163,0.010834
-0.006546,0.0065918,0.006958,-0.00012207,0.0057831,-0.0021362
0.012466,-0.0023804,0.00053406,0.0025787,0.0070953,-0.004364
-0.0072479,0.0055542,0.0027924,0.0092316,-0.0095825,0.0032806
-0.0014801,0.00094604,0.0041046,-0.001358,0.0043488,-0.002121
0.0016632,-0.0028229,0.0013275,-0.0038147,0.004715,-0.0035248
-0.0037384,0.00080872,-0.0023804,0.0051422,-0.01062,0.0014191
0.0029297,-0.0022583,0.0014038,0.0025024,0.0027771,0.00038147
-0.0051422,0.00019836,-0.00079346,-0.0023804,0.0053558,-0.0018463
0.0022888,-0.0032959,-0.0014191,0.0072327,0.0040436,0.0073853
0.0039825,0.0017853,0.0028534,0.0075073,0.0041962,-0.00082397
-0.0016022,0.002243,0.0013275,0.0026855,0.0090942,0.0036011
0.0045471,-0.0033417,0.0080872,0.011978,0.013794,0.01741
0.0049591,0.010117,0.0080566,0.0076904,0.0062866,0.0012207
0.010696,0.0079346,0.0059814,0.0096893,0.014359,0.0067596
0.0055695,0.0058899,0.015671,0.016342,0.01442,0.018112
0.0034485,0.015549,0.016876,0.00737,0.011765,0.0071411
0.018173,0.01059,0.009552,0.013748,0.013306,0.0066681
0.0081177,0.0084686,0.013077,0.0159,0.013229,0.013092
0.0039673,0.0097961,0.01506,0.0065308,0.0177,0.014725
0.010803,0.0098877,0.0087433,0.0089264,0.01355,0.0084686
0.0072784,0.0075989,0.012192,0.012375,0.013046,0.0087128
0.011444,0.0036774,0.0069427,0.0071411,0.01178,0.010742
0.0028839,0.0073242,0.0058136,0.0054169,0.0093079,0.011353
0.0057068,0.0049438,0.010849,0.0078278,0.013153,0.01033
0.010757,0.0027161,0.0031433,0.0026093,0.0095978,0.0039063
0.0002594,0.011536,0.008316,0.0043793,0.0084686,0.011673
0.010727,0.0074158,0.010757,0.0054169,0.014389,0.011108
0.011307,0.0010529,0.0050201,-0.00028992,0.0059509,0.0080261
0.0052795,0.011032,0.0050049,0.0025787,0.0058899,0.0095825
0.0096588,0.0091095,0.0079346,0.0053711,0.011993,0.0089569
0.0093231,0.0052185,0.0090485,-0.00010681,0.0033112,0.0082397
0.0096283,0.011475,0.0029297,-0.0024719,0.0048523,-0.0016785
0.0095978,0.0075531,0.0061493,0.0043335,0.0028839,0.011398
0.011169,0.0097046,0.0077057,-0.00059509,0.0039368,0.011627
0.0093842,0.010284,0.0031281,-0.0083008,0.0090485,-0.0047455
0.0046234,0.0033722,0.0071259,0.0036926,-0.0059509,0.010681
0.0063324,0.0083618,0.0077515,0.0023804,0.0039368,0.0072479
0.0062256,0.0064697,0.00076294,-0.0076599,0.012695,-0.0037231
0.0033417,0.0025787,0.0037079,0.0014496,-0.0089417,0.0078583
0.006012,0.0046692,0.0060425,-0.00088501,0.0036926,0.0035095
0.0022125,0.0014954,-0.0047455,-0.0071259,0.0068512,-0.0019684
0.0007019,0.0018616,-0.0015411,-0.006958,-0.010315,0.0020599
0.0079498,-0.0024261,-0.00057983,-0.0075073,-0.0025787,0.00016785
-0.0027618,-0.0023804,-0.0090179,-0.0083466,-0.004425,-0.0024567
-0.0057068,-0.00086975,-0.0045166,-0.014221,-0.004303,-0.0027161
0.0021362,-0.0084381,-0.0068512,-0.0068054,-0.0086823,-0.004776
-0.0093994,-0.0052185,-0.012329,-0.012436,-0.012482,-0.0090027
-0.0080109,-0.0092773,-0.010544,-0.020615,-0.0077515,-0.010162
-0.0040131,-0.01239,-0.014175,-0.0068665,-0.019806,-0.011719
-0.013168,-0.010956,-0.01712,-0.017868,-0.010727,-0.0094604
-0.012375,-0.015503,-0.013824,-0.021606,-0.0070343,-0.010788
-0.010117,-0.010071,-0.015091,-0.0042725,-0.02272,-0.013779
-0.012207,-0.011017,-0.013138,-0.012451,-0.0071106,-0.010132
-0.012222,-0.012817,-0.0079803,-0.015991,-0.0084991,-0.012634
-0.0081329,-0.007019,-0.013016,-0.0066223,-0.020248,-0.012497
-0.0084991,-0.0070038,-0.011719,-0.0085907,-0.007019,-0.010773
-0.010391,-0.012344,-0.0081482,-0.014328,-0.011093,-0.009079
-0.0093231,-0.011246,-0.012604,-0.0092773,-0.013626,-0.0084076
-0.013199,-0.0082855,-0.014145,-0.0071106,-0.01236,-0.013885
-0.013596,-0.013397,-0.01239,-0.015579,-0.015411,-0.016922
-0.010712,-0.01149,-0.011673,-0.011246,-0.017426,-0.015274
-0.015915,-0.011765,-0.017441,-0.0070648,-0.021378,-0.015869
-0.017288,-0.017944,-0.013565,-0.012711,-0.010208,-0.019073
-0.013336,-0.01416,-0.011414,-0.011719,-0.013428,-0.013916
-0.015503,-0.014267,-0.020599,-0.0056152,-0.018982,-0.01268
-0.018112,-0.019058,-0.012283,-0.0058441,-0.0047607,-0.014221
-0.012589,-0.011963,-0.0089264,-0.0064392,-0.01062,-0.014755
-0.009613,-0.0086212,-0.016129,-0.0068665,-0.015411,-0.013519
-0.017014,-0.015472,-0.010025,-0.0053253,-0.0062256,-0.0093536
-0.013412,-0.011276,-0.0076141,-0.00047302,-0.012756,-0.013947
-0.0098877,-0.011002,-0.011658,-0.004425,-0.010651,-0.013184
-0.017914,-0.014145,-0.0030823,-0.0032196,-0.0047913,-0.010986
-0.014359,-0.0063934,-0.0056458,-0.00048828,-0.010406,-0.013992
-0.0095215,-0.011047,-0.01355,-0.0021667,-0.0088959,-0.013885
-0.014694,-0.01004,-0.003067,-0.0017853,-0.0091095,-0.009079
-0.012634,-0.0077667,-0.0061493,-0.0044403,-0.0072784,-0.0094299
-0.0082855,-0.01413,-0.0090942,0.0027161,-0.0068512,-0.016907
-0.015457,-0.0041199,0.00059509,0.0051575,-0.0079651,-0.0061188
-0.0094452,-0.006958,-0.00038147,-0.00097656,-0.0011139,-0.0038605
0.00073242,-0.0048218,-0.0031433,0.0068665,-0.0019836,-0.010025
-0.0073395,0.0039063,-3.0518e-05,0.0024567,-0.00068665,0.0056305
-3.0518e-05,-0.0062561,0.0036316,0.0031281,0.0056458,0.0020294
0.0055847,0.0051422,0.0049133,0.014603,0.0039368,-0.0021667
-0.0048218,0.0066071,0.0049744,0.0040436,0.0024109,0.0041351
0.003006,-0.0023651,0.006012,0.0088501,0.0057526,0.00061035
0.0060577,0.0088654,0.0056458,0.013702,0.0064697,0.0044403
-0.00086975,0.0019531,0.0069122,0.0034027,0.0044708,0.0030975
0.0028076,-0.00047302,0.0066833,0.010269,0.0063934,0.0085602
0.0063019,0.0087891,0.002594,0.0076447,0.0072937,0.0062561
0.0061188,0.0041962,0.006134,0.0023651,0.0059052,0.0018768
0.0053101,0.0050659,0.0070038,0.0093536,0.0040741,0.011383
0.0072021,0.0074615,0.0017548,0.0040131,0.00042725,0.00068665
0.0053253,0.0037689,0.0028076,0.0050049,0.0036316,0.0046234
0.007019,0.0050049,0.0042877,0.0072784,0.01033,0.011169
0.0093536,0.0037689,0.0042267,-0.00039673,0.0036926,0.0037079
0.00354,0.0067291,0.0032196,0.0067291,0.0019989,0.011871
0.010864,0.011139,0.0056305,0.0060425,0.011124,0.0083466
0.012192,0.0028381,0.0081482,0.0017548,0.0016632,0.0058594
0.0050354,0.008255,0.00074768,0.0039673,0.0033722,0.011536
0.011337,0.011734,0.001709,-4.5776e-05,0.0090179,0.0057983
0.010529,0.00064087,0.0052948,0.0050049,-0.0017395,0.0055847
0.0034943,0.0039063,-0.0004425,-0.0007019,0.0037231,0.0070038
0.0044861,0.0062256,0.00032043,-0.0029449,0.0020599,0.0040436
0.0062256,0.0035095,0.00036621,0.0071564,0.0010834,0.0031281
0.0041656,-0.00054932,-0.00018311,-0.0041199,0.00091553,0.0023651
0.0035095,0.0018921,0.00056458,-0.0054474,-0.00068665,0.0058289
0.0042267,0.0045319,-0.0018463,0.0064392,0.0046387,0.0028534
0.00035095,-0.0038147,-0.0016479,-0.00061035,-0.0063477,-0.0026398
-0.0018768,0.002121,-0.0011902,-0.0058289,0.0029907,0.0013428
-0.00041199,-0.0016632,0.0014038,0.0040283,0.00097656,-0.0027924
-0.0037537,-0.0046082,-0.0010986,0.0014954,-0.013901,-0.0042114
-0.0036011,0.0051727,-0.0037384,-0.0081482,0.0015717,-0.0038452
-0.00039673,-0.0054626,-0.00067139,-0.00177,-0.0051575,-0.007843
-0.0042877,-0.00354,-0.00099182,-0.00062561,-0.01297,-0.0016937
-0.00050354,0.0028687,-0.0057068,-0.0069733,0.0007019,-0.0026855
0.00093079,-0.004776,-0.009613,-0.0037231,-0.004425,-0.0033417
-0.0067444,-0.0054474,-0.0035095,-0.0073242,-0.0090485,-0.00061035
-0.0031586,-0.0065155,-0.0055695,-0.0088196,-0.0036163,-0.0064087
-0.004303,-0.0048065,-0.012146,0.0033264,-0.0077515,-0.0050201
-0.0084686,-0.007782,-0.0059357,-0.0086365,-0.0063019,-0.0054932
-0.0032959,-0.0097046,-0.00383,-0.012558,-0.0063324,-0.0070953
-0.0040741,0.0012207,-0.0092163,0.0079041,-0.0052032,0.00035095
-0.0039825,-0.0041656,-0.0059204,-0.0031891,0.00022888,-0.0026398
-0.0013428,-0.010178,-0.0017853,-0.0079193,-0.0023651,-0.0072937
-0.0062561,-0.0023499,-0.0069733,0.006546,-1.5259e-05,-9.1553e-05
-0.0069427,-0.0036469,-0.0014954,0.0030518,-0.0032501,-0.0018463
-0.0023041,-0.0039978,0.00090027,-0.002533,-0.0023651,-0.0092621
-0.0064087,-0.0043793,-0.0048065,0.00042725,-0.0018768,-0.0057678
-0.0076904,-0.0065155,-3.0518e-05,0.0034943,-0.008194,-0.0033112
-0.0040588,-0.0027008,-0.0015717,-0.0021973,-0.0015717,-0.0080109
-0.0075378,-0.0063629,-0.0053253,0.0027466,-0.0030365,-0.0077667
-0.0062256,-0.0070343,-0.00054932,0.0046844,-0.00050354,-0.00086975
-0.002182,0.0012512,0.0021973,-0.0011292,0.0053406,-0.0020599
0.00062561,0.00048828,-0.0011902,0.0083466,-0.0023346,-0.0018005
0.0018311,-0.0004425,0.00030518,0.0042725,0.0051575,0.0082245
0.0014648,0.0022736,0.0067596,0.0025787,0.0095367,0.0011292
0.0057526,0.0050201,0.0053406,0.013916,0.0059814,0.0024567
0.0041504,0.0068665,0.010132,0.013,0.0092468,0.014801
0.0050354,0.0059814,0.015762,0.01004,0.012863,0.0060272
0.012329,0.011047,0.0121,0.015472,0.017807,0.010727
0.011566,0.012085,0.015656,0.018082,0.016861,0.019104
0.01123,0.012329,0.018448,0.012924,0.017548,0.01561
0.020035,0.015717,0.013184,0.015472,0.018738,0.015167
0.023422,0.015961,0.019165,0.018982,0.01886,0.01886
0.015121,0.020782,0.023941,0.017654,0.021362,0.025726
0.01825,0.019043,0.01532,0.01651,0.022018,0.013321
0.024429,0.017334,0.023788,0.017532,0.022186,0.018539
0.016769,0.021866,0.028275,0.017563,0.022949,0.03154
0.018265,0.020538,0.015579,0.012039,0.020264,0.01329
0.023224,0.020554,0.018723,0.014099,0.016968,0.020981
0.020065,0.019562,0.02121,0.012497,0.020859,0.025665
0.019241,0.016342,0.012894,0.0045776,0.017471,0.0088196
0.014587,0.014603,0.012039,0.006073,0.010056,0.018127
0.013489,0.0097961,0.011322,0.0046234,0.011322,0.017609
0.013657,0.007843,0.0062103,-0.00076294,0.0068512,0.0050812
0.0073395,0.0099792,0.0029144,-0.0037079,0.0052948,0.0087585
0.0092163,0.0045929,0.0050507,-0.0019836,0.006424,0.0089569
0.0056305,0.0037537,0.0054474,-0.0030212,-0.00079346,0.00056458
0.0035553,0.0062561,-0.00041199,-0.0065002,0.00045776,0.0019531
0.0080872,0.0010681,0.0029755,-0.001709,-0.00038147,0.0059052
0.0036621,0.0062256,0.0031281,-0.0037537,0.0011444,-0.00018311
0.0060577,0.004776,0.0026855,-0.0029144,0.0072632,0.0060577
0.0041199,0.0025787,0.006958,0.0015411,0.0010834,0.0072632
0.0023041,0.010925,0.0016022,-0.0015411,0.0036163,-0.0021362
0.0078125,0.002533,0.0033264,-0.0026703,-0.0010529,0.0054016
0.005188,0.00085449,0.0035706,-0.0058594,-0.0031586,0.0032959
-0.0014343,0.0031281,-0.0038757,-0.0037079,0.0055542,-0.0044861
-0.0057983,-0.0036774,-0.0017853,-0.0065308,-0.011337,-0.0020599
-0.0028381,-0.0039978,-0.0019836,-0.011414,-0.0061493,-0.0068054
-0.0093842,-0.0056458,-0.0067139,-0.0053864,0.00067139,-0.0088348
-0.0098572,-0.0076294,-0.0071564,-0.0087738,-0.018051,-0.0080261
-0.0058289,-0.01059,-0.007843,-0.01123,-0.0065308,-0.011444
-0.015015,-0.0061951,-0.006012,-0.0095673,-0.0046692,-0.0083313
-0.0086975,-0.0065613,-0.0086365,-0.013565,-0.016006,-0.010742
-0.0081482,-0.012955,-0.011597,-0.0091095,-0.01033,-0.012619
-0.010696,-0.0049896,-0.0076752,-0.010452,-0.0082703,-0.0059204
-0.0019836,-0.0072479,-0.008255,-0.0168,-0.011612,-0.0097656
-0.0092926,-0.0077362,-0.010056,-0.0085144,-0.017502,-0.012924
-0.011353,-0.0034485,-0.0079956,-0.0090942,-0.010895,-0.0093842
-0.0041809,-0.010101,-0.0091553,-0.015244,-0.0090942,-0.010605
-0.0074768,-0.0076752,-0.01329,-0.011703,-0.01857,-0.012207
-0.012619,-0.0093384,-0.012283,-0.01178,-0.01033,-0.012543
-0.0099335,-0.013382,-0.015198,-0.01091,-0.0092468,-0.0097809
-0.0092468,-0.014511,-0.017151,-0.014084,-0.018921,-0.010941
-0.016235,-0.016983,-0.015472,-0.015884,-0.013214,-0.017197
-0.016663,-0.0121,-0.016724,-0.0089417,-0.011581,-0.012772
-0.015533,-0.015228,-0.013245,-0.012543,-0.01712,-0.014084
-0.016357,-0.017487,-0.015457,-0.012924,-0.015991,-0.019897
-0.014725,-0.012558,-0.017273,-0.0080109,-0.015335,-0.013779
-0.014725,-0.014389,-0.01181,-0.0093536,-0.014862,-0.016098
-0.014114,-0.017441,-0.011856,-0.0054932,-0.0091095,-0.015167
-0.014053,-0.01059,-0.010635,-0.0046539,-0.007309,-0.0044403
-0.011703,-0.0054474,-0.0040894,-0.0032959,-0.0092163,-0.011887
-0.0068207,-0.0090942,-0.0018616,0.0054474,-0.0016632,-0.011551
-0.0099182,-0.0051422,-0.0039063,0.0037994,0.001297,0.0013428
-0.008255,-0.0013123,0.0023499,0.005188,-0.0018311,-0.0053101
-0.00082397,0.00064087,0.010834,0.013351,0.0059814,-0.0072479
-0.0040588,0.0021667,0.0060425,0.012253,0.0085602,0.002533
-0.0010376,0.0023804,0.005661,0.0092316,0.001358,0.0050354
0.003952,0.0063171,0.01091,0.006424,0.005722,0.00073242
0.0021057,0.0061646,0.0050964,0.010651,0.012146,0.0029449
0.004303,0.0017853,0.0052338,0.011902,0.0013123,0.0080414
0.0022125,0.0010681,0.0082092,0.0056763,0.004364,0.00073242
0.00093079,0.006958,0.0065002,0.0084229,0.013901,0.003006
0.00083923,0.0022736,0.0066986,0.010071,0.00053406,0.006485
-0.001358,-0.0044556,0.003952,0.0034332,0.0063477,-0.0016479
0.0023193,0.0080566,0.0035095,0.0019073,0.0084839,0.0030823
0.007431,0.0044861,0.0019379,0.0063934,-0.0026398,0.0089111
0.0042877,-0.002655,0.0032654,0.0020752,0.0088501,0.0025024
0.0034027,0.011673,0.0043335,-0.0022888,0.0039673,0.003418
0.0095825,0.0051575,0.0030975,0.0038147,-0.002594,0.0093231
0.0065308,0.003418,0.006897,0.0053406,0.0084534,0.0052338
0.01149,0.011414,0.0029297,-0.0041046,0.0059814,0.0067902
0.010513,0.0050049,0.0034485,-0.00012207,0.00047302,0.012283
0.0041962,0.011017,0.0057983,0.0094452,0.0038452,0.0078125
0.016953,0.0089722,0.0041199,-0.0028687,0.0094604,0.002594
0.0063019,0.0056152,0.0049896,-0.0018616,1.5259e-05,0.0053253
-0.00065613,0.0091248,0.0013123,0.0038147,-0.0056305,0.0071106
0.009552,0.002121,0.0016937,-0.0046234,0.0055237,-0.002182
0.0013428,0.0031281,0.00030518,-0.0018616,-0.0045471,-0.0016632
-0.0026398,0.0014343,-0.0010071,-0.0029907,-0.0083618,-0.00035095
-0.0027008,-0.00097656,-0.0014801,-0.0032959,0.0011139,-0.0064392
0.00018311,-0.0014648,-0.0031586,-0.0020905,-0.0050201,-0.0019684
-0.0039978,-0.0084076,-0.0014954,-0.0057373,-0.0051117,-0.0040741
-0.010727,-0.0028992,-0.0074463,-0.0062256,-0.0023956,-0.0043488
-0.0033722,-0.0087738,-0.0097046,-0.0065765,-0.0041962,-0.0028992
-0.009964,-0.016296,-0.0094147,-0.0043793,-0.0053406,-0.0074768
-0.011002,-0.0055695,-0.011917,-0.01001,-0.0054626,-0.0042419
-0.0030518,-0.014359,-0.012405,-0.010437,-0.0093842,-0.0066528
-0.010483,-0.014664,-0.014923,-0.0064392,-0.0098572,-0.0055542
-0.0098724,-0.0068359,-0.013153,-0.014771,-0.0069275,-0.0083466
-0.0087585,-0.014572,-0.013489,-0.013168,-0.017685,-0.015823
-0.014191,-0.011307,-0.015778,-0.010056,-0.015182,-0.0046997
-0.010864,-0.013458,-0.017548,-0.016159,-0.0073395,-0.012589
-0.0093536,-0.015854,-0.016342,-0.012451,-0.019241,-0.018204
-0.012634,-0.0093842,-0.011078,-0.007843,-0.014236,-0.0039215
-0.010681,-0.0095978,-0.015274,-0.01004,-0.006012,-0.0103
-0.0079193,-0.011322,-0.01442,-0.010147,-0.013763,-0.01062
-0.0071411,-0.012054,-0.012405,-0.00914,-0.0089264,-0.0053101
-0.0063782,-0.0067749,-0.014755,-0.0090942,-0.0094604,-0.0058441
-0.010071,-0.0080872,-0.011261,-0.0070496,-0.01503,-0.0067444
-0.0062714,-0.012939,-0.011978,-0.0068207,-0.0088043,-0.013077
-0.0023193,-0.0042877,-0.012466,-0.0054779,-0.011444,-0.0063934
-0.011093,-0.0072937,-0.011765,-0.0024109,-0.01207,-0.0067749
-0.0075378,-0.013336,-0.0075989,-0.0065918,-0.0054626,-0.01178
-0.0036163,-0.0023193,-0.0035858,-0.0035553,-0.011063,-0.0037079
-0.01091,-0.0017548,-0.0084381,-0.00039673,-0.010941,-0.0092163
-0.0066833,-0.0090027,-0.0086365,-0.0030975,-0.0048981,-0.0076752
-0.0031738,-0.0068512,-0.004837,0.001358,-0.0060883,-0.0013733
-0.0043335,-0.0041809,-0.0063171,0.001236,-0.0049896,-0.010788
-0.0086975,-0.0086365,-0.0071716,0.0024109,-0.0023346,-0.004776
-0.0075073,-0.0069122,-0.0015259,0.0056152,0.0040131,0.0011749
0.00061035,0.00094604,0.0022125,0.0046997,-0.00097656,-0.0048828
-0.0024567,-0.00021362,-0.0007019,0.0092468,-0.0022583,-0.00032043
0.00080872,-0.0011749,0.0041809,0.011856,0.012527,0.0046844
0.00094604,0.0018005,0.010391,0.01088,0.010193,0.0058289
0.0021667,0.0062866,0.0063477,0.015656,0.010651,0.0065765
0.012756,0.0057983,0.0081635,0.017563,0.017883,0.009201
0.0077362,0.0067139,0.015778,0.01712,0.017059,0.017654
0.0098114,0.016068,0.016739,0.019119,0.019089,0.012299
0.015701,0.015579,0.018677,0.022232,0.017578,0.011139
0.01178,0.013779,0.0224,0.0242,0.019638,0.019135
0.014542,0.017822,0.023239,0.019455,0.022614,0.011093
0.016678,0.019958,0.021591,0.022018,0.018799,0.019836
0.01889,0.01799,0.01825,0.021683,0.022614,0.022491
0.01947,0.01738,0.022202,0.014603,0.026825,0.016464
0.018402,0.021942,0.020676,0.017487,0.020889,0.027237
0.022385,0.019318,0.01828,0.0159,0.020264,0.021423
0.023132,0.020966,0.021698,0.016556,0.023819,0.021133
0.019241,0.020798,0.018204,0.014191,0.017792,0.021606
0.016907,0.015274,0.018692,0.0071411,0.012802,0.015915
0.019989,0.020248,0.014847,0.010651,0.013626,0.017426
0.01442,0.014969,0.0090332,0.0038605,0.012924,0.01059
0.0081787,0.0085449,0.013611,0.0031891,0.0093994,0.012405
0.013733,0.011108,0.013214,0.0068359,0.0066528,0.011765
0.0094299,0.011963,0.0070038,0.0010834,0.0074158,0.0027771
0.0043335,0.0083618,0.0081482,0.0035706,0.0074921,0.0060883
0.0081177,0.0045471,0.010147,-0.0023193,0.0042725,0.0054321
0.0052185,0.010468,0.0049744,-0.0029602,-0.00061035,0.00097656
0.0027313,0.0058441,-0.00032043,0.0016022,-0.00048828,0.0020294
0.0043945,-0.0007019,0.0036316,-0.0087738,0.00048828,-0.00038147
0.0023193,0.0059204,0.004776,-0.0054932,-0.0031281,0.0013733
-0.00024414,0.0015869,-0.0036469,-0.0018158,-0.0029755,-0.0014343
-1.5259e-05,-0.0050201,-0.0019073,-0.0087128,-0.00080872,-0.0066833
0.002121,0.0028687,0.0020142,-0.0032654,0.0011292,0.0047607
0.0021057,0.0005188,-0.00073242,-0.0031738,0.0009613,0.0054474
0.0021057,-0.0045013,-0.0030823,-0.004837,0.00024414,-0.0036469
0.0037537,0.0058136,0.0023956,-0.002182,0.002533,0.0055237
0.0059509,0.0027466,0.0042877,-0.0029144,0.0013428,0.0091095
0.0025177,-0.00035095,-0.0027008,0.00033569,0.0023193,-0.0022278
-0.00021362,0.0053711,0.0020752,-0.0041809,0.0023041,0.0018311
0.004425,-0.0010834,0.0033875,-0.0037689,0.0019684,0.0069122
0.00022888,0.0015869,-0.0012665,0.0015106,0.0040741,-0.0018311
-0.0013733,0.0045624,0.0019531,-0.0049286,-0.00073242,0.0020599
0.0026855,-0.0033417,-0.0026398,-0.0059204,-0.00021362,0.0024719
0.0013275,0.00091553,-0.0046387,-0.003891,0.00010681,-0.0055084
-0.00048828,-0.001709,7.6294e-05,-0.0041199,-0.0072479,0.0027771
-0.0042877,-0.006134,-0.0072784,-0.0079346,-0.0071869,-0.0023956
-0.0039825,-0.0031891,-0.0062408,-0.013,-0.0063171,-0.011475
-0.00028992,-0.0055389,-0.0014496,-0.0087738,-0.011078,0.0020752
-0.0048676,0.00028992,-0.0094757,-0.0093384,-0.0076294,-0.0047607
-0.0070801,-0.0061646,-0.0081177,-0.0092316,-0.0043335,-0.014862
-0.0050507,-0.0073242,-0.0039215,-0.0040283,-0.0095215,-0.0032349
-0.0069275,-0.00080872,-0.0068207,-0.0054016,-0.0086212,-0.0057678
-0.0080566,-0.014099,-0.0059509,-0.0062103,-0.003891,-0.013672
-0.013092,-0.0071869,-0.0060425,-0.0086517,-0.008255,-0.0089569
-0.0078278,-0.00073242,-0.0058746,-0.0088959,-0.015549,-0.0053711
-0.0032959,-0.010132,-0.0058594,-0.0080872,-0.0067902,-0.011566
-0.010132,-0.0055847,-0.0098114,-0.0078888,-0.0083618,-0.009903
-0.0028534,-0.0032959,-0.0048981,-0.0049286,-0.014542,-0.00177
-0.0007019,-0.0037231,-0.0011597,-0.0019684,0.0044403,-0.0062408
-0.0059509,-0.0038605,-0.0022736,0.0037384,0.0045776,-0.00383
-0.0030823,-0.00030518,0.0019073,0.0013123,-0.0044861,0.00383
0.0010529,0.0050659,0.0034332,0.0028534,0.0064392,-0.00071716
0.0033569,0.00032043,0.0030975,0.010406,0.007843,0.0017853
-0.0017548,0.0026703,0.0075378,0.0050812,0.0050507,0.0072632
0.00079346,0.0038147,0.010651,0.0063629,0.011169,0.00088501
0.006958,0.0038452,0.006958,0.013855,0.010971,0.0075226
0.00090027,0.0079041,0.0086517,0.011459,0.0099945,0.012192
0.0032654,0.0034332,0.011322,0.0090179,0.014313,0.0022583
0.0098724,0.0063782,0.011703,0.011795,0.013672,0.011047
0.0097198,0.011002,0.010117,0.011978,0.0092163,0.016327
0.011322,0.011276,0.0099945,0.0082397,0.015457,0.0079193
0.014084,0.013367,0.018326,0.011734,0.023117,0.015488
0.016968,0.014954,0.017166,0.019333,0.012527,0.020782
0.014633,0.016693,0.017548,0.017609,0.019928,0.014633
0.016251,0.014755,0.02298,0.011368,0.02977,0.019562
0.019409,0.018051,0.020828,0.014877,0.013535,0.023926
0.016083,0.021942,0.017395,0.019302,0.020691,0.019348
0.019531,0.018219,0.019058,0.010941,0.026138,0.016571
0.016388,0.014694,0.021088,0.010117,0.011124,0.015884
0.011017,0.013062,0.014954,0.012009,0.0099182,0.011642
0.012924,0.01561,0.011185,0.0013885,0.010452,0.0066986
0.0080414,0.010254,0.0078278,0.0011444,0.0070343,0.0087891
0.008194,0.006546,0.0079956,-0.0005188,0.0021362,0.0046692
0.0057983,0.0092163,0.0062103,-0.0042419,-0.0014038,-0.00073242
0.00041199,-0.0019379,-0.0015106,-0.0023804,0.0011749,0.0029755
0.0023804,-0.0015869,0.0035248,-0.0076904,-0.001358,0.00038147
-0.0028229,0.0075226,0.0022736,-0.0073242,-0.0039368,-0.0028229
-0.0017242,-0.00080872,-0.0051117,-0.0062714,-0.0046082,-0.0014954
0.00059509,-0.004837,-0.00068665,-0.0067902,-0.0058289,-0.0046844
-0.0026398,0.0011902,-0.0021362,-0.010101,-0.0025482,-0.0059357
-0.0014954,-0.00061035,-0.0053406,-0.0091705,-0.0075989,-0.0023041
-0.0027771,-0.0052643,-0.0022736,-0.002655,-0.0046844,-0.0017395
-0.0016632,-0.0019379,-0.0033569,-0.0096436,0.0028229,-0.0036621
-0.00090027,0.00088501,-0.0053406,-0.0073242,-0.0050964,-0.00035095
-0.00030518,-0.0023956,-0.0029602,-0.0002594,-0.0027313,0.00013733
-0.0021515,-0.0056,-0.0019531,-0.0089569,-0.001297,-0.0033417
-0.0054321,-0.0015411,-0.0074921,-0.011612,-0.010452,-0.0053253
-0.0049133,-0.0027008,-0.0063782,-0.0074463,-0.010132,-0.005661
-0.0053101,-0.009552,-0.007019,-0.011948,-0.0084229,-0.0063934
-0.0080414,-0.0074005,-0.014694,-0.016251,-0.0084381,-0.0088654
-0.010269,-0.012024,-0.011414,-0.0097961,-0.008728,-0.0048218
-0.0062408,-0.013641,-0.010483,-0.0093536,-0.011536,-0.0061798
-0.0094299,-0.00737,-0.014832,-0.013824,-0.0099182,-0.0081787
-0.011307,-0.012482,-0.0090942,-0.0066376,-0.0067444,-0.0050812
-0.0039063,-0.007309,-0.0058136,-0.0070801,-0.0048981,-0.0064697
-0.0059052,-0.0026703,-0.011719,-0.011383,-0.0085602,-0.0059509
-0.0079956,-0.012604,-0.0082245,-0.0072937,-0.009613,-0.0053406
-0.0042114,-0.0044098,-0.0077667,-0.0083923,-0.0059509,-0.003418
-0.0030975,-0.0040894,-0.0098114,-0.0079803,-0.011261,-0.0053406
-0.0075684,-0.011093,-0.0052032,-0.0053711,-0.010803,-0.010849
-0.010468,-0.0039215,-0.011307,-0.0073395,-0.0072327,-0.008316
-0.006546,-0.0095978,-0.0086975,-0.0075531,-0.011978,-0.008316
-0.010956,-0.011063,-0.0069885,-0.0056152,-0.012909,-0.016098
-0.014069,-0.011887,-0.013885,-0.0092468,-0.0098114,-0.014191
-0.01152,-0.013077,-0.0090942,-0.011246,-0.010437,-0.0057373
-0.012207,-0.0082245,-0.013107,-0.0076294,-0.011459,-0.0075378
-0.0070953,-0.015961,-0.013901,-0.0054474,-0.009964,-0.010559
-0.01001,-0.0079346,-0.0046539,-0.0049438,-0.0037689,-0.0078735
-0.0092621,-0.0007782,-0.0050507,0.0021057,-0.0014038,-0.0052185
-0.0023651,-0.012695,-0.0037079,0.0087738,-0.0032501,-0.0061035
-0.0046844,-0.0039673,0.00045776,-0.0009613,0.0052643,-0.0017548
1.5259e-05,0.0035858,-0.00013733,0.002243,0.0043182,0.007782
0.0018158,-0.0019379,-0.0036621,0.010406,0.0026398,0.0019379
-0.0013428,-0.0010223,0.0016785,0.0036163,0.010406,-0.0018158
-0.0016937,0.00012207,0.0083313,0.006424,0.0027466,0.0031586
-0.0032959,0.0025635,0.003891,0.0089569,0.0009613,0.00082397
-0.0015259,-0.0010834,0.0046692,0.0079651,0.0076599,0.00038147
-0.001236,-0.00038147,0.0083618,0.0070038,0.0020752,-0.0012054
-0.0023804,0.0027161,0.0039368,0.0044556,0.0035858,0.0037384
0.0024109,0.00033569,-0.0010529,0.0046539,0.010712,0.0074463
0.0040283,-0.00019836,0.0035706,0.0066376,0.0078278,0.0051117
0.0034485,0.0010834,0.0066833,0.0080414,0.0070496,0.0087433
0.0056152,0.0091705,0.0040894,0.0059204,0.0083466,0.0049591
0.0012054,0.0039978,0.0086212,0.0089111,0.0073395,0.0047607
0.0038452,0.0016174,0.010391,0.008255,0.0097198,0.0052948
0.0057983,0.0089417,0.0069275,0.0042419,0.005127,0.00354
-0.00073242,0.0046082,0.0059204,0.0048676,0.0021362,0.0076447
0.0072327,0.0053864,0.0047455,0.003418,0.0079956,0.0056152
0.0064392,0.0055389,0.0051117,0.0025024,0.0023346,0.0020905
-0.0019836,0.0063629,0.0058289,-0.00099182,-0.0036469,-0.0024414
0.0040894,0.0079651,0.0043335,0.00088501,-0.0039368,0.00035095
0.0029755,0.00061035,0.0037231,-0.00038147,-0.0016174,0.0028687
0.003006,0.0038605,0.0017548,-0.005127,0.0018005,-0.0024109
0.0051117,0.0089264,0.00057983,0.003067,-0.004837,0.0031281
3.0518e-05,-4.5776e-05,0.0025024,-0.0019379,-0.0010223,0.0023651
0.0023651,0.00083923,0.003418,-0.0060425,-0.00019836,-0.0032501
0.002533,0.0078583,-0.00056458,-0.0040436,-0.011597,-0.00073242
0.0016785,0.0021362,-0.0065002,-0.010193,-0.0047607,-0.0024872
-0.0009613,-0.0012665,-0.0033569,-0.004303,-0.0059509,-0.0069275
-0.0032654,-0.00082397,-0.002243,-0.0080872,-0.015717,-0.0080566
-0.0020905,-0.0020752,-0.0075684,-0.012283,-0.011246,-0.0068359
-0.0095825,-0.0063019,-0.0099182,-0.0071869,-0.011993,-0.010666
-0.0050354,-0.0097504,-0.011536,-0.011093,-0.010803,-0.009491
-0.0026245,-0.0057983,-0.010971,-0.0088501,-0.0063782,-0.0027771
-0.011261,-0.0094604,-0.0089111,-0.0059357,-0.0069275,-0.0081329
-0.0085297,-0.012802,-0.0086212,-0.0060577,-0.0088348,-0.0087128
-0.007782,-0.0029449,-0.007019,-0.0068512,-0.011612,-0.0054169
-0.0079956,-0.0059204,-0.0047302,-0.0077209,-0.0061798,-0.010208
-0.0044403,-0.0096436,-0.0080109,-0.0027466,-0.0068817,-0.0051575
-0.0036011,-0.0015411,-0.0083008,-0.0033112,-0.0066071,0.00018311
-0.0033112,-0.0054016,-0.0036926,-0.0066528,0.001709,-0.0030365
-0.0028534,-0.0042877,-0.0045624,-0.00027466,-0.0071106,-0.0033722
-0.0045929,-0.001709,-0.0054016,-0.00053406,-0.0061035,-0.0035553
-0.0037537,-0.0066071,-0.0039825,-0.0050964,0.0023499,-0.0018616
0.0002594,-0.0061493,-0.0068207,0.00094604,-0.0078278,-0.00091553
-0.0040436,-0.0064392,-0.0059814,-0.0020905,-0.0019073,-0.001358
-0.004364,-0.0021973,-0.00085449,-0.0010376,0.0061493,0.0033569
0.00354,0.0011444,-0.0035858,0.0036621,-0.00027466,0.0023651
0.0039673,-0.00093079,-0.0046234,-0.0056305,-0.00071716,0.0005188
0.0027161,0.00061035,-0.0014801,-0.00048828,-0.0032043,0.0031586
0.00015259,0.0017853,-0.0044403,0.00012207,-0.0011749,-0.00028992
-0.0020142,-0.0019684,-0.0069275,-0.0073853,-0.0039978,-0.003418
0.00074768,-0.0065308,-0.0057678,0.0035553,-0.0065918,-0.0032501
-0.0027771,-0.0066376,-0.0033417,0.0032806,0.0041656,-0.0020294
-0.0081024,-0.0028381,-0.0038147,-0.0041504,0.0014801,-0.0011139
-0.00383,-0.0015259,-0.0056915,-0.0018005,-0.0032501,-0.0019226
-0.0002594,-0.0066071,-0.0034943,-0.0010681,-0.0023499,0.00073242
-0.0049133,-0.0047455,-0.0069427,-0.00042725,-0.0042419,-0.0016632
-0.0059662,-0.0037384,-0.0074463,-0.0017548,-0.0043488,-0.0079651
-0.0039978,-0.010651,-0.0023804,0.0030212,-0.0047302,-0.0070801
-0.0099335,-0.0060883,-0.0039063,0.0041199,-0.0007782,-0.0083313
-0.012436,-0.0056458,-0.0016327,-0.0018463,0.0010681,-0.0037994
-0.0031281,-0.0041656,-0.001358,0.0040894,0.0017242,0.0024567
-0.0025024,-0.00013733,-0.0018616,0.0051422,0.0026855,-0.0060883
-0.0056458,-0.0057373,0.0045166,0.0067291,0.0029602,0.00015259
0.00042725,0.0012207,0.0054321,0.013184,0.0094604,0.0079651
0.0026398,0.0035553,0.0068359,0.009552,0.010483,-0.0025635
0.0010071,0.0053406,0.014267,0.011215,0.0064392,0.0062561
0.0035095,0.010788,0.012283,0.012985,0.0054474,0.0091248
0.0082397,0.0034637,0.0083008,0.007309,0.010559,0.0037537
0.0057983,0.0095062,0.012634,0.011124,0.017395,0.012711
0.0086823,0.011841,0.010269,0.016083,0.012543,0.0094147
0.013931,0.0067291,0.014099,0.014786,0.014847,0.011261
0.0060577,0.013687,0.018677,0.01767,0.020706,0.011963
0.0080261,0.010162,0.012589,0.016083,0.012833,0.006958
0.011475,0.0074615,0.016617,0.011383,0.014374,0.014801
0.0063629,0.012299,0.015503,0.0090637,0.016647,0.014709
0.012466,0.010727,0.0089874,0.0074768,0.012009,0.009903
0.012314,0.011856,0.012192,0.010437,0.010086,0.0089264
0.0065613,0.013687,0.012772,0.0037384,0.0051117,0.008667
0.0098419,0.0075378,0.0071564,-0.00354,0.0029602,0.0042267
0.0041199,0.0024719,0.00065613,-0.00039673,0.001297,-0.00079346
0.0019531,0.0032043,6.1035e-05,-0.0043793,-0.0023193,0.0045013
0.0065765,0.0041351,0.00010681,-0.0083008,-0.0022736,0.0015411
0.0019379,0.0015411,-0.0042877,-0.0036011,-0.0037994,-0.002121
-0.00019836,-0.0037537,-0.0037994,-0.003479,-0.0045776,-0.00033569
-9.1553e-05,-0.00091553,0.00065613,-0.01033,-0.0024109,-0.0069733
-0.0017395,-0.0007019,-0.0036011,-0.0078735,-0.0070801,-0.0028229
-0.0063477,-0.0032959,-0.008255,-0.0043793,-0.0093384,-0.0044708
-0.0032349,0.0011749,-0.0016479,-0.010971,-0.0064087,-0.010315
0.0029144,-0.00048828,-0.0023499,-0.0086823,-0.0093994,-0.0015411
-0.0071106,-0.0046082,-0.0068512,-0.00383,-0.0093994,-0.007431
-0.0059052,-0.0055084,-0.0029755,-0.0052338,-0.00383,-0.0090027
3.0518e-05,-0.0022278,-0.0019073,-0.0033569,-0.0028534,-0.00036621
-0.0037079,-0.0023041,-0.0026093,-0.0015564,-0.0021362,-0.0017395
0.0029297,-0.0025787,-0.0018463,-0.00048828,0.0010986,0.00019836
0.002182,0.0044861,0.00041199,-0.0014496,0.0018463,0.0025787
0.0012512,0.0029602,0.0028534,-0.0013885,0.0010071,0.0045319
0.0094452,0.00074768,0.00039673,0.00064087,0.0028992,0.0064697
0.0046234,0.003006,0.00071716,0.0019531,0.0060577,0.0058746
0.0016327,0.003418,0.0039368,0.0048676,0.006424,0.0065002
0.0080414,0.0048523,0.0021515,0.0038147,0.0074005,0.008316
0.010315,0.0036621,0.0059357,0.0042725,0.0062256,0.0060425
0.0055695,0.0087585,0.0054626,0.0061188,0.0081177,0.0065765
0.0078125,0.011307,-0.0005188,0.0012054,0.0084686,0.0082397
0.014069,0.0019531,0.004364,-0.00018311,0.0039825,0.0068512
0.0055695,0.00062561,0.0032043,0.0039978,0.0061798,0.011795
0.00354,0.004364,-0.00013733,-0.00076294,0.0038452,0.0045624
0.0094299,0.0072784,0.0045319,-0.0039215,0.0010834,0.0041199
0.0067444,0.0082703,0.0042725,0.00045776,0.0020142,0.010483
0.0078583,0.0033875,0.00042725,-0.00093079,0.0013428,0.0005188
0.010681,0.0071259,0.00088501,-0.00015259,0.0040283,0.0067749
0.0065155,0.0075989,0.0049896,0.0019073,0.0041046,0.0096436
0.0062866,-0.00024414,0.0013428,0.0030365,0.0040741,0.0019379
0.0059662,0.004776,-0.0017853,0.0053864,0.006897,0.0017548
-0.0041504,0.0024261,0.0081024,0.0027313,0.0029297,-0.0011444
-0.0036774,-0.003418,0.0046844,-0.00097656,-0.00045776,0.0007019
-0.00054932,-0.00033569,-0.005188,-0.0005188,-0.0013733,-0.0058594
-0.0076294,-0.0042114,-1.5259e-05,-0.0019073,-0.0056915,-0.0058441
-0.00383,-0.0021515,-0.004776,-0.0063324,-0.0045471,-0.0014954
-0.0030212,-0.0071106,-0.0075531,-0.00094604,-0.0031433,-0.013855
-0.013077,-0.01236,0.0012665,0.0020142,-0.00354,-0.0068817
-0.01178,-0.0023956,-0.0033264,-0.0030823,-0.00083923,-0.0018158
-0.0061188,-0.0057373,-0.006546,0.0016022,0.0025482,-0.010269
-0.0076294,-0.0084991,0.002594,0.0035248,0.003891,-0.0024414
-0.0088348,-0.00354,0.0027008,0.0050964,0.0040131,0.0013123
-0.0048523,-0.0053101,-0.0016937,0.0086823,0.0097351,-0.0020599
-0.003418,-0.0047455,0.0075073,0.0050507,0.009613,0.0004425
-0.0042725,-0.00047302,0.0064545,0.0088043,0.0024109,0.0050201
-0.00032043,-0.00028992,-0.001236,0.0079193,0.010574,0.0036011
0.0011902,-0.00018311,0.0088043,0.0037842,0.012833,0.002243
0.0051117,0.0045166,0.012039,0.0091705,0.0064545,0.010147
0.0094604,0.0083313,0.0067749,0.011993,0.015762,0.010605
0.0067139,0.010757,0.011688,0.012115,0.016037,0.0092163
0.012238,0.0092926,0.018509,0.01268,0.015854,0.016251
0.015915,0.0099792,0.013596,0.01297,0.0215,0.014725
0.012009,0.016266,0.012146,0.010925,0.018005,0.014969
0.015137,0.015289,0.02066,0.010178,0.016937,0.020676
0.015457,0.012802,0.014313,0.0087738,0.014297,0.014587
0.012924,0.013016,0.0085297,0.0046997,0.011505,0.012711
0.014313,0.013565,0.0092163,4.5776e-05,0.0084686,0.013748
0.012299,0.011322,0.0065002,-0.0033569,0.0068512,0.0065765
0.010406,0.0055237,0.0078278,-0.00083923,0.0056152,0.0093079
0.011169,0.012985,0.002121,-0.0028687,0.0017395,0.0095062
0.0088959,0.010529,0.0010681,-0.0048828,0.0015106,0.0034027
0.0044861,-0.00056458,0.0023041,-0.0024719,-0.0015259,0.0023193
0.0026398,0.0050507,0.0015411,-0.005188,-0.0033264,-0.001297
0.0028687,0.0059204,0.0068665,-0.007019,-0.0031891,-0.0037994
0.0028229,0.0048828,0.0022888,-0.0063477,-0.0042572,-0.0039368
0.0045624,0.0057526,-7.6294e-05,-0.0055237,-0.0044098,0.00062561
0.0068054,0.0059357,0.0016174,-0.0072174,-0.0042877,0.0028687
0.0066681,0.0043945,0.0014648,-0.0062866,-0.0024567,0.00094604
0.0037842,0.0037842,0.002594,-0.0014343,-0.0011444,0.0010681
0.0052185,0.0060425,0.00016785,-0.0032196,0.00097656,0.0007019
0.0050507,0.0015564,0.00062561,0.0013733,0.0039825,0.0021667
-0.00041199,0.0020752,0.0048981,0.0039673,0.0032806,0.0021362
0.0050354,0.0026855,0.0070343,-0.0028992,0.0040741,0.0023193
0.0054016,0.0035706,0.0024414,0.0030365,0.0048523,0.0057831
0.0037231,0.006897,0.0036011,0.0012817,0.0025787,0.0057678
0.010941,0.0075073,0.0067902,-0.0022888,0.0047607,0.0049744
0.0088043,0.0080872,0.0048523,0.0046539,0.0047455,0.010391
0.0092316,0.0059814,0.0056305,0.00027466,0.0058136,0.006134
0.0082855,0.010117,0.0038452,0.0007019,0.0093842,0.0023041
0.0067596,0.0068359,0.0059052,0.0019073,0.0057373,0.010178
0.0098419,0.0054626,0.0049438,-0.0010834,0.0014343,0.0061798
0.005661,0.0085602,0.003006,-3.0518e-05,0.0035248,0.0034943
0.004425,-0.00010681,0.005722,-0.0023346,0.0032043,0.0027771
0.0044098,0.0033569,-0.0007019,-0.0024719,-0.0038605,0.0025177
0.0023346,0.0028229,-0.0015106,-0.0059509,0.00053406,0.0050964
0.00022888,-0.0043182,-0.0033264,-0.009079,0.0032349,-0.0025787
-0.0010223,-0.002182,-0.010437,-0.00737,-0.0084381,-0.0016479
-0.0037842,-0.0064087,-0.010818,-0.012833,-0.007843,-0.0044708
-0.0079651,-0.0097351,-0.013382,-0.017639,-0.0079651,-0.0098267
-0.012283,-0.012833,-0.015137,-0.014435,-0.02124,-0.011261
-0.017212,-0.018097,-0.017319,-0.012634,-0.020065,-0.022751
-0.018265,-0.01915,-0.014389,-0.015244,-0.013443,-0.020905
-0.027466,-0.022705,-0.015625,-0.014404,-0.015976,-0.01976
-0.025162,-0.021469,-0.022903,-0.011475,-0.018204,-0.022995
-0.015015,-0.017105,-0.014923,-0.017303,-0.017502,-0.01709
-0.021652,-0.017059,-0.015411,-0.018021,-0.020111,-0.017609
-0.017715,-0.016815,-0.022095,-0.0095367,-0.021378,-0.021851
-0.015533,-0.017441,-0.014511,-0.011261,-0.015015,-0.021332
-0.022034,-0.019379,-0.01413,-0.010513,-0.015762,-0.015045
-0.020279,-0.019989,-0.015121,-0.0046692,-0.012421,-0.016663
-0.016235,-0.016815,-0.010635,-0.0053406,-0.0049591,-0.014771
-0.015137,-0.014786,-0.012131,-0.003418,-0.0080872,-0.0079041
-0.016098,-0.012146,-0.01033,-1.5259e-05,-0.0048065,-0.010574
-0.010529,-0.013748,-0.006134,-0.00039673,0.0020905,-0.0079498
-0.01413,-0.014343,-0.0048981,-0.0013885,-0.0044403,-0.0069733
-0.013611,-0.0057983,-0.0089569,-0.0004425,-0.0089264,-0.0095062
-0.006073,-0.0095367,-0.0077057,-0.0016174,-0.0018768,-0.008316
-0.014847,-0.011566,0.00074768,-0.0010834,-0.0010529,-0.0059814
-0.0088959,-0.0054779,-0.0050812,0.0031433,-0.0061646,-0.0060272
-0.0048218,-0.004715,-0.0041504,0.0014038,-0.0028076,-0.0079803
-0.010101,-0.00022888,0.0053558,0.0051117,0.0034485,-0.0038147
0.00085449,-0.0029755,0.00065613,0.0084991,-0.00030518,-0.0036163
-0.0028076,-0.002182,0.0019836,0.0061951,0.0034485,-0.0022278
-0.005722,0.0036469,0.0083313,0.0075836,0.0074921,0.0029297
1.5259e-05,-0.0019836,0.0063934,0.0045319,0.00038147,-0.00061035
-0.0038147,0.0019226,0.0032806,0.006424,0.00079346,0.0029297
0.0037842,0.0055237,0.0044708,0.0019073,0.0002594,0.0042572
0.0077209,0.0033112,0.0065613,-0.0013428,-0.00057983,-0.00094604
0.0063324,0.0078888,0.0029907,0.0083008,0.0018005,0.0027313
0.0095825,0.0087891,0.0063477,0.00021362,0.00027466,0.004364
0.0061493,0.011658,0.009903,-0.0010681,0.00027466,0.0063171
0.0092926,0.013336,0.0023804,0.0062866,0.0018463,0.0037994
0.009964,0.0075989,0.0050659,-0.0009613,-0.0007019,0.0023956
0.0071259,0.0066071,0.006546,-0.0015564,-0.0018158,0.004425
0.0078583,0.0079041,0.00061035,0.00024414,-0.0010986,-0.0012512
0.0050659,0.007019,0.0042267,0.0010529,-0.0010834,0.0022125
0.0050659,0.0052948,0.0037842,0.00015259,0.0025635,0.0055237
0.0039063,0.0040131,-0.0033264,-0.0031891,0.00068665,0.002594
0.0054626,0.0033569,-0.0024567,0.00036621,-0.0020905,0.0028992
0.006485,-4.5776e-05,0.0030975,-0.001358,0.00045776,0.0029907
0.00047302,0.00085449,-0.00079346,-0.0022888,-0.0018921,0.0034637
0.00057983,0.0027466,-0.0052795,0.0032806,0.0016327,-0.00073242
0.0059052,0.00088501,0.0025024,0.0046387,0.0071564,-0.00057983
0.0059509,0.00099182,0.0068054,0.0049744,0.0036163,0.0070801
0.0027466,0.0037537,0.0019379,0.0042572,0.005249,0.0063629
0.006134,0.0067749,0.0063629,0.0047302,0.0070953,0.0054626
0.0069733,0.0045776,0.011307,0.0099792,0.0072174,0.0099182
0.0028839,0.0052795,0.0053253,0.0080872,0.010468,0.0081329
0.0066833,0.0082245,0.0060272,0.0027466,0.0097504,0.0048828
0.0069427,0.0050354,0.006958,0.007309,0.0056915,0.0054474
0.0058899,0.0057983,0.0027161,0.0046997,0.0040436,0.0051117
0.0044403,0.0059662,0.00383,-0.00071716,0.002594,0.0032043
0.00085449,0.00053406,0.0016327,0.0034027,-0.0014191,-0.0010681
0.0023499,0.0007782,-0.0022888,-0.00080872,0.0004425,-0.0011597
-0.00050354,0.0011444,-0.00013733,-0.0057983,0.0013123,0.002533
0.00061035,-0.0041046,-0.0023651,-0.0060425,-0.00383,-0.0013733
-0.00012207,-0.002121,-0.0087433,-0.0076904,-0.0059357,-0.0010986
-0.0029755,-0.00080872,-0.0081024,-0.0065765,-0.0036774,-0.0016022
-0.00013733,-0.0072784,-0.0067749,-0.010269,-0.006134,-0.006424
-0.006012,-0.0057678,-0.010757,-0.013062,-0.012405,-0.0037689
-0.0087738,-0.0076294,-0.012634,-0.010452,-0.011475,-0.010651
-0.0053253,-0.011734,-0.011429,-0.0078888,-0.012436,-0.011093
-0.010025,-0.0112,-0.011841,-0.0046234,-0.010941,-0.0070953
-0.016541,-0.017105,-0.013107,-0.0084839,-0.0034943,-0.016678
-0.016281,-0.016861,-0.010452,-0.0090942,-0.0074005,-0.011597
-0.014603,-0.013474,-0.011932,-0.0079498,-0.012131,-0.0070496
-0.014679,-0.012772,-0.017822,-0.012787,-0.011978,-0.01535
-0.014328,-0.013962,-0.015366,-0.0074921,-0.01442,-0.01564
-0.012756,-0.018112,-0.013077,-0.0039673,-0.013229,-0.013657
-0.01564,-0.012726,-0.011261,-0.0060272,-0.0076447,-0.016891
-0.019135,-0.011581,-0.0039215,-0.00086975,-0.0045624,-0.01503
-0.012482,-0.013718,-0.0064545,0.0019073,-0.0063629,-0.008316
-0.011719,-0.0070648,-0.0082855,0.0025635,-0.0016022,-0.0087738
-0.013275,-0.0092773,-0.00054932,0.0058594,0.002182,-0.0074158
-0.0070038,-0.0098419,-0.0036011,0.0025024,-0.0005188,-0.0038757
-0.0071106,-0.0079041,-0.0031586,0.00071716,0.0031281,-0.0018921
-0.0062866,-0.0067902,0.00036621,0.0066376,0.0015869,0.0010376
-0.0015564,0.0019073,-0.0030975,0.0052338,0.0015259,-0.0022278
-0.0007019,-0.0015259,0.0037231,0.0067596,0.0080109,-0.00045776
-0.0004425,-0.0016022,0.0093384,0.010742,0.0084686,0.0087128
0.004303,0.009491,0.0067902,0.0074615,0.011337,0.0089569
0.012573,0.010147,0.0075073,0.012955,0.012802,0.010269
0.013809,0.01088,0.011932,0.016495,0.014679,0.017654
0.01413,0.011841,0.014679,0.013855,0.020111,0.015533
0.018417,0.010971,0.01564,0.017868,0.018982,0.015442
0.017319,0.018799,0.018295,0.016739,0.020325,0.020813
0.017502,0.020874,0.018234,0.011169,0.019516,0.02124
0.02301,0.019913,0.016617,0.013092,0.014023,0.02153
0.024612,0.025192,0.019714,0.015823,0.017197,0.016205
0.019745,0.018661,0.021301,0.013062,0.016876,0.016449
0.016983,0.016785,0.018539,0.0090485,0.011826,0.018692
0.018524,0.022568,0.016968,0.0075378,0.01062,0.01326
0.017807,0.017807,0.014297,0.0069122,0.0088501,0.011307
0.013687,0.016586,0.012177,0.0049744,0.0070953,0.0052948
0.012909,0.01358,0.014343,0.006424,0.003952,0.0084076
0.01265,0.011627,0.012177,0.0061188,0.0055847,0.0076904
0.0088959,0.014496,0.0096588,0.0004425,0.0080109,-0.00068665
0.0067444,0.0087128,0.011551,0.00080872,0.00057983,0.01088
0.0085449,0.0096283,0.0045776,0.00042725,-0.00030518,0.0069122
0.0097351,0.0091248,0.0034943,-0.0040588,0.0031586,-0.0040131
0.0029144,0.0030365,0.0080109,-0.0026703,-0.0021057,0.0066528
0.0036774,0.0057983,-0.00030518,-0.0022278,-0.0030365,0.0028992
0.0066223,0.0019531,-0.0036774,-0.0033112,0.0020599,-0.0037842
0.00019836,0.00086975,-0.00048828,-0.00042725,0.002182,0.0014496
-6.1035e-05,0.00091553,0.0022736,-0.00042725,-0.0010834,0.00041199
0.00027466,-0.0037994,0.0019226,-0.0045319,0.00177,0.002533
0.0011444,0.00093079,-0.0010834,-0.0015411,0.0042725,0.0048065
0.0043335,0.0028687,0.00090027,0.0037537,0.0035858,0.005127
0.0051575,0.0032959,0.0027161,-0.0015411,0.0077515,0.0054932
0.0061646,0.0039673,0.0046082,0.00027466,0.0075073,0.0066376
0.0068512,0.004837,0.0030365,0.0071411,0.0038605,0.0073547
0.0046234,0.0058594,0.0049896,0.0014343,0.0032196,0.00028992
0.0010986,0.0037079,0.0086823,-0.0015259,0.0045624,0.0046387
0.0048676,0.0073395,4.5776e-05,0.0015106,0.0022583,0.0059357
0.0058746,0.0017395,-0.0029907,-0.00048828,-0.00019836,-0.0050507
0.0031586,-0.0043488,0.0012512,-0.0062561,0.0034027,0.0046692
0.003006,0.0062714,-0.0011597,-0.0052032,-0.0017853,0.008667
0.0024567,0.0014801,-0.0049438,-0.0027618,-0.003006,-0.0019379
0.0024719,-0.0041962,-0.0016632,-0.0061798,0.003891,-0.00061035
-0.0033417,0.0034027,-0.0026703,-0.00737,-0.0054474,-0.0012512
-0.0023804,-0.0067291,-0.01004,-0.011124,-0.01152,-0.003006
-0.0029907,-0.011002,-0.010712,-0.013855,-0.0074463,-0.0063324
-0.010635,-0.007431,-0.015198,-0.01178,-0.014008,-0.013153
-0.011597,-0.014908,-0.017151,-0.010895,-0.013718,-0.014725
-0.018707,-0.017868,-0.013123,-0.011856,-0.0076904,-0.01413
-0.019318,-0.020111,-0.017242,-0.01442,-0.012695,-0.017181
-0.018326,-0.018646,-0.019485,-0.016418,-0.01796,-0.017578
-0.020218,-0.016861,-0.01915,-0.022095,-0.024002,-0.012253
-0.016525,-0.021683,-0.022308,-0.021851,-0.024933,-0.019547
-0.023361,-0.021469,-0.026138,-0.014771,-0.020767,-0.028915
-0.028183,-0.024658,-0.023041,-0.015854,-0.02272,-0.028351
-0.028473,-0.028366,-0.01828,-0.0168,-0.020508,-0.025024
-0.029541,-0.024506,-0.02536,-0.012024,-0.019165,-0.024887
-0.027283,-0.025391,-0.022919,-0.01059,-0.020309,-0.024765
-0.024857,-0.02272,-0.01329,-0.0093231,-0.014404,-0.019226
-0.022446,-0.017715,-0.013443,-0.0025635,-0.01236,-0.020569
-0.021698,-0.018753,-0.010696,-0.0020142,-0.0081177,-0.016296
-0.014725,-0.011871,-0.0066986,-0.0014801,-0.0023499,-0.0050812
-0.0088501,-0.0042114,-0.003952,0.0061951,-0.0023956,-0.0061188
-0.0077515,-0.0049133,0.0010376,0.0093384,0.005188,-0.0023804
-0.00076294,-0.0036774,0.0060883,0.011307,0.0099792,0.0061493
0.0017548,0.0029144,0.006546,0.013489,0.0089111,0.0031586
0.00177,0.0045013,0.0043182,0.013931,0.0099792,0.006897
0.0058441,0.0024719,0.0063782,0.012756,0.012604,0.012482
0.0074463,0.004425,0.0084534,0.011505,0.015198,0.0069427
0.0059814,0.0057526,0.0074921,0.013153,0.011276,0.0079193
0.0042572,0.0080872,0.011871,0.011322,0.011139,0.010773
0.0067139,0.010651,0.013153,0.0082855,0.011093,0.007309
0.008255,0.012939,0.0080566,0.0074615,0.00354,0.006012
0.0078583,0.012756,0.0085602,0.0053864,0.0028992,0.0070648
0.0099945,0.0077667,0.0088806,0.0044861,0.0054169,0.0048218
0.007782,0.0065155,0.0068207,0.001709,0.0014496,0.004837
0.0049286,0.0095367,0.0028992,-0.0020142,-0.0010681,0.0058289
0.0080414,0.0083008,0.0038605,7.6294e-05,-1.5259e-05,0.0018463
0.0059357,0.0050812,0.0039063,0.0010376,-0.0017548,0.0028687
0.0024872,0.0046387,-0.0019379,-0.0022125,-0.00088501,0.0012665
0.0035248,0.0022888,0.00383,-0.00013733,-0.0010681,-0.0036316
0.0013275,0.0026245,0.0052185,-0.00054932,-0.0046539,-0.0002594
0.0015717,0.0058899,-0.00053406,-0.0056152,-0.0014648,0.001297
0.0045776,0.0049286,0.0028839,-0.00048828,-0.0033264,0.00050354
0.0060577,0.0066071,0.0037384,-0.0005188,-0.0047455,-3.0518e-05
0.0062103,0.0083923,0.0037384,-0.0052338,-0.0021362,0.0033722
0.0081482,0.0064392,0.0027313,9.1553e-05,-0.0049591,0.0060883
0.010635,0.0087585,0.00082397,0.0035248,0.0022125,-0.0002594
0.0079956,0.0067902,0.005249,0.0048676,0.0054932,0.0039825
0.0056458,0.006012,0.0076141,0.0072784,0.0041351,0.006424
0.0081635,0.0093842,0.0097351,0.0072479,0.009964,0.0045319
0.0099945,0.0066833,0.0089417,0.0061951,0.0075226,0.013123
0.0081482,0.010315,0.0078278,0.0068665,0.0084991,0.011246
0.010696,0.012894,0.011826,0.0070496,0.012497,0.009491
0.012268,0.0089569,0.0088806,0.0090332,0.0099335,0.011978
0.009613,0.0089264,0.0066223,0.0079956,0.0085144,0.0076599
0.0095062,0.0077362,0.010178,0.0028839,0.0079041,0.0088196
0.0094299,0.0063934,0.0044708,0.0031128,0.0066223,0.0097504
0.0077057,0.0057983,-0.0012665,0.0023041,0.0049896,0.0071869
0.0041962,0.0013123,0.0035095,0.0002594,0.0071411,0.0086365
0.006485,0.00022888,-0.00012207,-0.0025024,0.0035095,0.0059814
0.0041199,0.002182,-0.0024719,-0.0048981,-0.0041199,0.0023193
-0.0027771,-0.00064087,-0.0020599,-0.0055847,-0.0021057,-0.00015259
0.00080872,-0.0025787,-0.010498,-0.011002,-0.0064392,-0.0050659
-0.0033112,-0.0054169,-0.0072174,-0.012024,-0.011734,-0.0041199
-0.0096283,-0.0088806,-0.0072479,-0.010788,-0.0075836,-0.0049591
-0.006012,-0.0081177,-0.014801,-0.014404,-0.01358,-0.011719
-0.0086517,-0.010712,-0.013336,-0.012619,-0.020462,-0.016022
-0.016403,-0.014847,-0.016296,-0.011398,-0.015747,-0.016617
-0.02153,-0.018936,-0.018692,-0.010773,-0.014145,-0.020889
-0.022125,-0.022995,-0.015762,-0.010498,-0.015442,-0.022339
-0.02182,-0.019791,-0.013306,-0.017212,-0.015106,-0.015991
-0.022598,-0.015488,-0.01651,-0.016296,-0.018875,-0.016159
-0.017441,-0.016312,-0.023117,-0.01236,-0.022736,-0.019348
-0.017502,-0.018173,-0.016953,-0.012604,-0.019547,-0.022873
-0.022919,-0.022141,-0.014633,-0.0090179,-0.013733,-0.021652
-0.023819,-0.024307,-0.02092,-0.0051422,-0.015701,-0.017822
-0.023499,-0.020279,-0.013763,-0.0049744,-0.011826,-0.019547
-0.019196,-0.018372,-0.011124,-0.0056152,-0.0041962,-0.012207
-0.015732,-0.015366,-0.015701,0.0020905,-0.0084686,-0.0095215
-0.011749,-0.010727,-0.0058899,0.0072784,0.0014191,-0.0081177
-0.0082703,-0.0097656,0.0002594,0.0011139,0.0096436,0.00086975
-0.0059509,-0.0053406,-0.0027618,0.0044098,-0.0024261,-0.0020447
-0.0014648,-0.0021973,0,0.0099792,-0.00057983,0.0017242
-0.0017242,-0.0010986,0.0014648,0.0046082,0.0093384,0.0035706
0.00071716,0.00019836,0.0050049,0.008255,0.0079346,0.0022888
0.0039215,0.0023804,0.0083466,0.015945,0.0056305,0.010056
0.0052643,0.0077515,0.0078125,0.012085,0.014801,0.0066223
0.0098419,0.0087585,0.011444,0.01506,0.017746,0.010223
0.012894,0.010727,0.012604,0.019348,0.011749,0.015656
0.014175,0.011856,0.015381,0.014465,0.017197,0.01297
0.014709,0.016052,0.019318,0.015732,0.017761,0.017044
0.017212,0.024231,0.021347,0.014496,0.013626,0.016754
0.018677,0.021271,0.021439,0.012512,0.015961,0.015381
0.017502,0.019043,0.018234,0.016586,0.015747,0.0177
0.017212,0.0186,0.020248,0.015442,0.01358,0.014832
0.017578,0.016647,0.0186,0.01059,0.012436,0.012131
0.01741,0.02063,0.017471,0.0095978,0.012939,0.015198
0.016571,0.02359,0.019211,0.010727,0.0096283,0.014755
0.020142,0.020279,0.014404,0.0069122,0.0074921,0.012054
0.020035,0.016251,0.013428,0.0059204,0.012115,0.014359
0.014969,0.01619,0.013702,0.0092316,0.011826,0.013474
0.017029,0.015472,0.013489,0.0071716,0.0093384,0.012634
0.016449,0.014481,0.013733,0.0042114,0.011017,0.014114
0.015076,0.016541,0.010773,0.0020142,0.0097504,0.014572
0.018021,0.017685,0.010452,0.0032349,0.0055847,0.015213
0.01561,0.013107,0.011139,0.005249,0.0068512,0.0093384
0.012604,0.012939,0.010834,0.00383,0.01033,0.0085297
0.013062,0.016418,0.0085144,0.0080109,0.0098572,0.012177
0.011795,0.010925,0.0097198,0.010269,0.01297,0.0066376
0.010803,0.01123,0.015472,0.0067291,0.015518,0.010162
0.014893,0.013153,0.013443,0.0080109,0.010971,0.019089
0.015793,0.011047,0.012146,0.010483,0.014313,0.014969
0.014938,0.015839,0.013489,0.0070953,0.019562,0.016449
0.016373,0.016098,0.012253,0.0068359,0.014221,0.017426
0.015228,0.014496,0.012421,0.0097961,0.012085,0.012878
0.014847,0.012115,0.012268,0.0056,0.014999,0.01651
0.015442,0.011963,0.010803,0.0025024,0.014404,0.01239
0.012665,0.012207,0.0073395,0.0045624,0.0090179,0.012787
0.0082397,0.0046997,0.0041962,0.0029297,0.0084076,0.014725
0.0098877,0.0048523,0.0013885,-0.0046387,0.010391,0.0079498
0.0080719,0.0019531,-9.1553e-05,-0.0043945,0.0067291,0.0091095
-0.0002594,-0.00177,-0.0013275,-0.0014038,0.0045013,0.0059967
0.002243,0.0016479,-0.00045776,-0.007782,0.00082397,0.0020599
0.0011597,-0.0014954,-0.0014801,-0.0082397,-0.0032196,-0.00073242
-0.0067902,-0.0034485,-0.0082703,-0.0093842,-0.0046539,-0.008316
-0.0063477,-0.0073853,-0.0094604,-0.01506,-0.0079651,-0.0059204
-0.0091705,-0.011414,-0.0099487,-0.013565,-0.012421,-0.007431
-0.014084,-0.011124,-0.013351,-0.014679,-0.015015,-0.016449
-0.016632,-0.01709,-0.015533,-0.013229,-0.013733,-0.017593
-0.019257,-0.020477,-0.015717,-0.0084229,-0.013763,-0.02124
-0.020844,-0.018997,-0.014114,-0.016479,-0.014954,-0.0215
-0.021164,-0.017853,-0.01442,-0.022903,-0.015396,-0.016266
-0.018188,-0.01561,-0.017044,-0.017151,-0.021042,-0.015366
-0.016357,-0.015396,-0.019592,-0.016525,-0.021027,-0.015839
-0.016647,-0.015961,-0.017639,-0.018585,-0.016022,-0.021027
-0.01947,-0.020279,-0.017044,-0.0099792,-0.015472,-0.022644
-0.022186,-0.023056,-0.017776,-0.0053864,-0.010925,-0.016403
-0.020111,-0.019165,-0.013443,-0.010208,-0.0097961,-0.014526
-0.015472,-0.015793,-0.014694,-0.0078583,-0.009201,-0.014709
-0.015137,-0.013184,-0.012939,-0.0014343,-0.0074463,-0.010376
-0.01532,-0.012405,-0.0045013,-0.0040894,-0.0061798,-0.0079193
-0.0084229,-0.011322,-0.005661,-0.0055542,-0.00039673,-0.0081177
-0.0074005,-0.0077057,-0.0070496,0.0013885,-0.0034332,-0.0053406
-0.0072784,-0.0041199,-0.0046844,0.0019684,-0.0030518,4.5776e-05
-0.0015106,-0.0042572,-9.1553e-05,0.0030975,0.0056458,-0.00053406
-0.00093079,-0.002533,0.002594,0.0061798,0.0065002,-0.0021667
-0.0029602,0.0010071,0.0027161,0.0051575,0.0059052,0.0057678
0.00010681,-3.0518e-05,0.0038605,0.0080414,0.0068207,0.0063629
0.0091248,0.0035095,0.00086975,0.0066071,0.0092316,0.0064545
0.0084686,0.0045013,0.0037842,0.0058594,0.010193,0.011978
0.0033722,0.0021667,0.0068207,0.0084686,0.0075684,0.006897
0.0067444,0.0061035,0.0079346,0.0077515,0.010864,0.0058899
0.0059052,0.0093994,0.012695,0.007019,0.0079041,0.0089264
0.0055542,0.01152,0.011734,0.0045929,0.0024414,0.0079498
0.010757,0.011032,0.0089264,0.0068359,0.0054626,0.0065308
0.011917,0.0099792,0.010178,0.0054474,0.004364,0.0048828
0.0080261,0.012787,0.013855,0.00082397,0.0037537,0.0050049
0.0057526,0.01297,0.010056,0.0052795,0.00090027,0.0023499
0.0090637,0.010956,0.0069275,0.00354,-0.0020447,0.0033569
0.0093384,0.011658,0.0080109,-0.0038605,0.0010529,0.0050201
0.0089417,0.0088654,0.0007782,-0.0036469,-0.0013123,-0.0010376
0.0093842,0.0051422,0.00035095,-0.00076294,-0.0060425,0.0010529
0.0060577,0.0052032,0.0056152,-0.0019073,-0.00062561,0.0061188
0.0050964,0.0055847,0.003952,-0.0027161,0.003952,0.0007019
0.0023346,0.0060577,0.00053406,-0.0007019,-0.0039063,-0.00094604
-1.5259e-05,0.0030975,0.00050354,-0.0018921,-0.0036926,0.0019684
0.0032196,-0.00022888,-0.00062561,-0.0038147,-0.00076294,-0.0014191
0.0014954,-0.0010834,-0.0059509,-0.0054626,-0.0062866,-0.0060577
-0.0024414,-0.0024261,-0.0047913,-0.0050659,-0.0059662,-0.0027771
-0.0010529,-0.0016785,-0.0044403,-0.0031281,-0.0023193,-1.5259e-05
-0.0013885,-0.0041046,-0.007019,-0.006958,-0.0028229,-0.0054474
-0.0033875,-0.0065765,-0.003479,-0.0046234,-0.0062103,-0.0052795
-0.0031738,-0.00099182,-0.004364,-0.0019989,-0.0027161,0.00083923
-0.0020447,-0.0022278,-0.0041809,-0.005661,-0.0016174,-0.00039673
-0.00086975,-0.0019836,7.6294e-05,0.0010986,-0.003891,-0.0043182
-0.00059509,0.0014496,4.5776e-05,0.00050354,0.0015717,-0.0009613
-9.1553e-05,-0.0050659,-0.0029602,-0.00383,-0.00059509,0.0010529
0.00074768,-0.0052948,-0.0059357,0.00036621,-0.0055389,-0.0005188
-0.00082397,-0.0036774,-0.0053101,-0.0064697,-0.0019073,-0.0014648
-0.0030823,-0.0053101,-0.0090637,-0.0052643,-0.0035248,-0.0019836
-0.0037689,-0.0056915,-0.0081329,-0.0010223,-0.0082092,-0.0042114
-0.0074005,-0.0083008,-0.0029602,-0.0083008,-0.0043793,-0.01062
-0.011459,-0.0084839,-0.0082855,-0.0059967,-0.0061951,-0.0092926
-0.0097046,-0.0099792,-0.010513,-0.0063782,-0.012192,-0.0072784
-0.0073242,-0.011337,-0.010269,-0.011505,-0.0082092,-0.0099792
-0.0085754,-0.010025,-0.016861,-0.012222,-0.0095978,-0.0086975
-0.010818,-0.013458,-0.015106,-0.013641,-0.018082,-0.013031
-0.013596,-0.016403,-0.01239,-0.013367,-0.018951,-0.015121
-0.017044,-0.01622,-0.022385,-0.015625,-0.018311,-0.016327
-0.01918,-0.020096,-0.021622,-0.015396,-0.021744,-0.023514
-0.021667,-0.024139,-0.021606,-0.011108,-0.019363,-0.023956
-0.027817,-0.028137,-0.023758,-0.016312,-0.016769,-0.02504
-0.029846,-0.027145,-0.017593,-0.01947,-0.023682,-0.021332
-0.02388,-0.018463,-0.022491,-0.014893,-0.024002,-0.018829
-0.021271,-0.019501,-0.019653,-0.014832,-0.021027,-0.024841
-0.022797,-0.020737,-0.015579,-0.0083923,-0.02124,-0.02272
-0.020523,-0.018402,-0.019012,-0.001709,-0.015564,-0.02298
-0.02005,-0.02298,-0.012543,-0.0059509,-0.013412,-0.020828
-0.021729,-0.01947,-0.012604,-0.0047607,-0.010437,-0.013046
-0.017075,-0.014221,-0.014114,0.0013275,-0.0082703,-0.012985
-0.013306,-0.012451,-0.0092316,0.0029297,-0.006897,-0.012115
-0.011856,-0.008667,-0.0063782,0.0028839,0.001709,-0.0075226
-0.0066986,-0.0066376,0.0017853,0.0059509,-0.0004425,-0.0029449
-0.0039215,-0.0027008,0.0016479,0.0088654,-0.00012207,0.0009613
-0.0010223,0.00059509,-0.00177,0.0096893,0.0086517,0.0048828
0.0051422,0.0039825,0.008316,0.012772,0.010101,0.0075684
0.0057373,0.0039215,0.0067749,0.012451,0.011703,0.0077057
0.0020294,0.0029449,0.0020905,0.011215,0.011261,0.0098267
0.0065308,0.0043488,0.0086212,0.015762,0.012085,0.0099487
0.011765,0.0049133,0.0068207,0.014374,0.013,0.010727
0.0058594,0.0087738,0.0089264,0.012299,0.012863,0.012054
0.0088654,0.0089722,0.013245,0.019424,0.016815,0.01123
0.016693,0.011536,0.013947,0.016159,0.016205,0.013794
0.010941,0.015717,0.019699,0.010986,0.014053,0.015625
0.014526,0.016663,0.016144,0.015533,0.0112,0.017227
0.021194,0.020065,0.017426,0.014252,0.011581,0.014404
0.016739,0.019028,0.021561,0.012909,0.015198,0.01181
0.016113,0.01651,0.015686,0.0091248,0.0099335,0.013428
0.014389,0.017365,0.014587,0.0080566,0.0066223,0.013184
0.01564,0.017517,0.010712,0.010315,0.0098572,0.0095978
0.014236,0.014343,0.010071,0.0029907,0.0057983,0.003952
0.0071106,0.012268,0.010696,0.0050049,-0.001236,0.0056763
0.0085602,0.0091248,0.0080109,0.0059204,0.001358,0.0035095
0.0064697,0.0080719,0.012741,0.00061035,0.0052032,0.0020905
0.0083466,0.011185,0.010406,0.0040283,0.0022278,0.0076141
0.0097961,0.0099792,0.0074615,0.0030518,0.0015869,0.0052948
0.0042419,0.010223,0.0062103,0.0025177,0.0048981,0.0044708
0.010468,0.0048218,0.0034485,0.0010071,0.0029297,0.0047913
0.0074615,0.0019226,0.0057983,-4.5776e-05,0.00041199,0.0037537
0.0045013,0.0094604,0.0023956,0.0052032,0.0050354,0.0070343
0.013077,0.0076141,0.0032654,0.0043335,0.010712,0.0074768
0.0084686,0.0066071,0.0081635,0.0046844,0.011047,0.0082855
0.0074005,0.0074615,0.0093231,0.006897,0.0099182,0.012207
0.014694,0.0085754,0.0094452,0.0070343,0.011047,0.015198
0.017151,0.013962,0.006958,0.0058441,0.012817,0.017639
0.015518,0.0099335,0.0092316,0.004303,0.015884,0.016739
0.014496,0.011047,0.0094604,0.0077515,0.014114,0.017029
0.014832,0.013657,0.007019,0.0090179,0.011993,0.015167
0.010223,0.0054932,0.0072937,0.0045929,0.0112,0.0089569
0.008667,0.0042725,0.0034943,0.00094604,0.0065308,0.0096588
0.0090942,0.0058441,-0.00097656,0.00039673,0.0061035,0.008728
0.0054321,0.0023956,-0.0025024,-0.0033264,0.0020599,0.0036011
0.0014954,-0.0011139,-0.0017395,-0.0066986,-0.0031281,-0.00036621
-0.0019684,-0.0053864,-0.0024872,-0.0072174,-0.0032959,-0.0018158
-0.0051422,-0.0048218,-0.0057068,-0.010223,-0.0071869,-0.0010223
-0.0055389,-0.0014496,-0.0093384,-0.011429,-0.0074921,-0.0076904
-0.0046844,-0.0063934,-0.0078888,-0.012375,-0.011337,-0.012222
-0.012222,-0.0099182,-0.0071106,-0.01384,-0.016815,-0.011429
-0.01384,-0.0089264,-0.017822,-0.0177,-0.016159,-0.012497
-0.010437,-0.013672,-0.018173,-0.016617,-0.019531,-0.016617
-0.017853,-0.01683,-0.012909,-0.0091705,-0.01506,-0.022354
-0.020706,-0.016357,-0.015381,-0.012894,-0.01062,-0.020676
-0.020004,-0.017929,-0.014099,-0.014969,-0.017868,-0.020737
-0.020599,-0.015198,-0.014084,-0.014526,-0.025284,-0.021439
-0.019775,-0.01445,-0.013626,-0.02002,-0.02562,-0.017761
-0.019669,-0.017883,-0.019257,-0.018433,-0.021637,-0.021301
-0.019608,-0.016037,-0.023895,-0.014847,-0.021271,-0.025131
-0.020477,-0.019409,-0.01622,-0.010468,-0.017044,-0.022049
-0.019348,-0.022491,-0.015823,-0.0084076,-0.014648,-0.018875
-0.018646,-0.018356,-0.01712,-0.011536,-0.015549,-0.017349
-0.016876,-0.016586,-0.014328,-0.0025635,-0.010498,-0.011963
-0.014297,-0.012268,-0.0086517,0.0030823,-0.004303,-0.0083313
-0.0095673,-0.0092316,-0.0007019,-0.0018768,0.00067139,-0.0072937
-0.0020599,-0.0070343,-0.0030975,0.0055389,0.001297,0.00354
-0.0015564,0.0019531,0.0014038,0.012131,0.006073,0.0066376
0.0010681,0.0046692,0.011978,0.012222,0.012161,0.00032043
0.0031281,0.0029602,0.010895,0.01152,0.0098114,0.0058289
-0.00062561,0.0096283,0.0096893,0.011749,0.011215,0.010147
0.005249,0.010437,0.011444,0.018951,0.015076,0.0095367
0.010132,0.0033875,0.013168,0.017578,0.016129,0.0097656
0.008194,0.0047302,0.012329,0.013046,0.016815,0.012222
0.0103,0.014236,0.009491,0.019424,0.01767,0.015244
0.011795,0.016052,0.016098,0.019775,0.019485,0.013565
0.013275,0.0081024,0.023422,0.012909,0.018417,0.016266
0.012985,0.015182,0.01767,0.01326,0.014328,0.018066
0.011246,0.021851,0.016159,0.016373,0.01059,0.012283
0.01413,0.013489,0.021027,0.011673,0.011337,0.008606
0.011734,0.013885,0.015686,0.0023193,0.010223,0.010361
0.010254,0.01416,0.0040283,0.00010681,0.0024261,0.011536
0.015244,0.0093384,0.0013123,0.0005188,0.00097656,0.0083923
0.0093384,0.0060425,0.0045166,-0.0042267,0.0022278,0.0052643
0.0013123,0.0029755,-0.0018921,-0.0071869,-0.0040894,0.0020294
0.0010834,0.0038757,-0.0036926,-0.0033569,-0.0074158,-0.0037384
-0.0013428,0.00061035,0.0031433,-0.0014496,-0.0040131,-0.0077362
-0.0027313,-0.0035553,0.0025482,-0.0083618,-0.0078583,-0.0063934
-0.0037384,-0.00047302,-0.0020447,-0.010574,-0.0112,-0.0025787
-0.0021973,0.0043488,-0.0058746,-0.0054321,-0.0041504,-0.0025177
0.0022888,0.0030365,-0.0015411,-0.0061798,-0.006012,-0.0050049
0.00038147,-0.00383,0.0027161,-0.0052795,-0.0078888,-0.0033264
0.0016174,4.5776e-05,-0.003891,0.0013885,-0.00177,0.0014648
0.006958,0.0050201,-0.0020905,0.00073242,0.0012512,0.0028229
0.006958,0.0018768,0.0051117,-0.00083923,0.0056915,0.0015106
0.003479,0.0041656,0.0035858,0.0039063,0.003891,0.004425
0.0030365,0.0056,0.0040131,0.0060883,0.0040741,0.0068359
0.0088654,0.0047302,0.0074005,0.0056152,0.0090332,0.006073
0.0090485,0.006134,0.0047455,0.0049591,0.0074615,0.0091095
0.0048523,0.0079346,0.0047302,0.0037842,0.010101,0.011459
0.0082397,0.0089874,0.0079346,0.0040588,0.010544,0.0097961
0.011047,0.0038147,0.0023956,0.0015717,0.0039825,0.007019
0.0060577,-0.00093079,-0.0018921,-0.0015869,0.0030212,0.0080566
0.0027161,0.00050354,-0.0033264,-0.0020142,0.0042114,0.0084381
0.0027466,-0.0027618,-0.0066986,-0.0064392,0.0021057,0.0024414
-0.0022736,-0.0058441,-0.010681,-0.011658,-0.0036163,-0.00071716
-0.0056763,-0.0077667,-0.013992,-0.014557,-0.010376,-0.0029755
-0.0078735,-0.014603,-0.014267,-0.015152,-0.012054,-0.0069427
-0.01181,-0.015091,-0.020172,-0.018356,-0.015533,-0.012466
-0.013229,-0.013992,-0.021378,-0.023895,-0.022629,-0.016785
-0.016434,-0.015472,-0.020523,-0.020737,-0.024353,-0.017242
-0.017609,-0.01799,-0.026138,-0.01709,-0.023743,-0.021317
-0.019012,-0.022476,-0.023743,-0.013809,-0.023926,-0.025681
-0.024429,-0.02388,-0.0177,-0.008606,-0.016754,-0.027695
-0.027664,-0.024612,-0.010086,-0.007782,-0.013,-0.023193
-0.026443,-0.016907,-0.0098419,-0.0062714,-0.016144,-0.018372
-0.021896,-0.01004,-0.014145,-0.0041046,-0.013565,-0.019226
-0.017563,-0.016495,-0.0065002,-0.0068359,-0.013412,-0.015152
-0.016144,-0.014511,-0.006073,-0.012848,-0.014832,-0.012405
-0.016113,-0.0065918,-0.012405,-0.0061646,-0.016937,-0.011887
-0.011261,-0.0081787,-0.011536,0.0039215,-0.011765,-0.013367
-0.010086,-0.014053,-0.0039978,-0.00030518,-0.0009613,-0.017014
-0.015106,-0.013855,-0.0010529,0.0023499,-0.0046997,-0.0099945
-0.010544,-0.0058746,-0.0078278,0.009201,-0.0044098,-0.0036316
-0.0050354,-0.0031586,-0.0007019,0.00737,0.0073547,-0.0039825
-0.0047913,-0.0037384,0.0069885,0.0085754,0.010452,0.00010681
0.001358,0.0017853,0.0025482,0.012711,0.0066986,0.0074768
0.0084686,0.0058594,0.0068665,0.017502,0.01326,0.01416
0.0095978,0.0051422,0.015427,0.016129,0.022324,0.012787
0.0079803,0.0080719,0.015717,0.0076599,0.015411,0.012421
0.010483,0.01503,0.0067444,0.0097351,0.0092773,0.02211
0.018021,0.016541,0.004776,0.016785,0.015213,0.020218
0.018509,0.0074463,0.015091,0.010147,0.019089,0.01062
0.0086823,0.0033569,0.012787,0.004715,0.013092,0.013855
0.0086365,0.015137,0.0029144,0.013123,0.0056305,0.016357
0.017685,0.015076,0.0086212,0.013123,0.012283,0.011185
0.011414,0.0028381,0.01358,0.0016785,0.014771,0.0052643
0.0028992,0.0056152,0.0071869,-0.00035095,-0.0025787,0.0073242
0.0087738,0.014114,0.0021667,0.0059967,-0.0034943,0.011307
0.012238,0.012497,0.0074615,0.00021362,0.0066833,0.0010223
0.0052643,0.0063629,0.01329,-0.010315,-0.0045776,-0.0004425
0.0041199,0.0096741,0.0010834,-0.0040131,-0.012268,0.006546
0.013153,0.014496,-0.0027466,0.003479,-0.002121,0.00041199
0.0078278,0.0041504,0.0075836,-0.0021973,0.0010223,-0.0048218
-0.003479,-0.0039825,0.0018616,-0.0061646,-0.0086212,-0.0045013
-0.0011139,0.0067291,-0.0040283,0.0016022,-0.0077515,-0.0019836
0.0021973,0.0074921,-0.00059509,0.0045776,0.0011902,-0.0059662
1.5259e-05,-0.0066528,0.0045166,-0.0027618,-0.0028992,-0.012619
-0.0095978,-0.0045929,0.0061646,-0.0033722,-0.0071716,-0.0030975
-0.0079956,0.0041046,-0.0030518,0.0010529,-0.0041199,-0.0007019
0.0014038,0.0016022,-0.0013275,-0.0014496,-0.0045929,-0.0086517
-0.0071411,-0.0038452,0.0022888,-0.0085449,-0.010086,-0.0068207
-0.0083923,-0.0053864,-0.0088043,-0.0062408,-0.012405,-0.006546
0.00019836,-0.0033722,-0.0074463,0.00071716,-0.0045776,-0.0061951
-0.0007019,-0.002655,-0.001358,-0.0031738,0.0012665,-0.0029297
-0.0045319,-0.0050964,-0.0031586,-0.0048828,-0.00022888,0.00056458
-0.0020447,-0.0002594,-0.0035248,0.002594,0.0024872,0.0046539
0.0057678,0.0032501,-6.1035e-05,0.0030518,0.006546,0.0038452
0.0027008,-0.001358,0.0044861,-0.0017853,-0.00028992,0.0029144
-0.00059509,-0.00071716,-0.00090027,-0.0024109,-0.0036011,0.0048676
0.0048523,0.0033112,-0.0044098,-0.0011597,0.0023499,0.0039978
0.0032654,0.0024872,-0.00177,-0.0034943,-0.0010986,0.0012512
0.00042725,-0.0057526,-0.0061951,-0.010468,-0.0062103,-0.0015717
-0.00059509,-0.0053864,-0.011459,-0.01265,-0.0074921,-0.0014343
-0.0014954,-0.0025177,-0.016083,-0.0093079,-0.0092773,-0.0010376
-0.0009613,-0.011505,-0.018661,-0.015564,-0.011215,-0.0039063
-0.0069733,-0.013428,-0.01796,-0.020828,-0.015518,-0.0056
-0.011459,-0.012909,-0.021652,-0.01358,-0.014008,-0.013245
-0.013077,-0.019302,-0.021027,-0.014404,-0.017578,-0.016632
-0.01973,-0.020676,-0.017822,-0.021866,-0.024109,-0.014618
-0.02066,-0.01973,-0.028259,-0.023987,-0.022873,-0.021835
-0.018463,-0.022369,-0.034576,-0.02002,-0.027328,-0.020081
-0.021164,-0.027451,-0.030914,-0.012909,-0.02626,-0.020569
-0.025497,-0.03479,-0.028412,-0.0082703,-0.017792,-0.030243
-0.032516,-0.035339,-0.017365,-0.0025177,-0.0076447,-0.025101
-0.032852,-0.025955,-0.010818,0.0010681,-0.002533,-0.017548
-0.024796,-0.015152,-0.010239,0.0036163,-0.0067139,-0.013504
-0.01799,-0.011261,-0.0044098,0.0078125,0.0017395,-0.011398
-0.013885,-0.012238,-0.00038147,0.0039673,0.0033112,-0.010773
-0.014236,-0.0074158,0.00067139,-0.0038605,-0.010834,-0.0053101
-0.010986,-0.0042114,-0.0049591,-0.00048828,-0.011795,-0.0037537
-0.0045319,-0.0041962,-0.0048676,0.0077362,-0.0039063,-0.0066528
-0.0073547,-0.00383,0.0012817,0.004776,0.0024109,-0.010986
-0.0074921,-0.0065765,0.00064087,0.0056305,4.5776e-05,-0.006958
0.0024719,0.00013733,0.0036011,0.016586,0.0040436,0.0075378
0.0053253,0.0089874,0.010834,0.01799,0.022263,0.010925
0.0086212,0.0096436,0.016953,0.018539,0.020828,0.013733
0.018616,0.016846,0.020615,0.02829,0.016754,0.02533
0.01918,0.021774,0.026428,0.031647,0.031555,0.021591
0.016159,0.017365,0.03186,0.02124,0.031784,0.015213
0.015518,0.019135,0.022675,0.012344,0.01413,0.02565
0.020432,0.025146,0.011307,0.014648,0.0070496,0.02713
0.025833,0.020584,0.012436,0.015732,0.016174,0.010483
0.014343,0.0072021,0.015625,0.0054016,0.014755,0.0053558
0.0063934,0.0077667,0.007843,-0.0010376,-0.00045776,0.014389
0.01387,0.017014,-0.0016479,0.0078888,0.0042572,0.013794
0.013016,0.0080414,0.0044861,0.0074158,0.017044,0.002655
0.0032196,-0.0032806,0.0090942,-0.00068665,0.0071564,0.0048065
0.0010071,0.0046539,0.0025024,0.0015106,-0.0035858,0.012115
0.0074005,0.0103,0.0038757,0.0025177,0.00082397,-0.00054932
0.0058746,0.0045013,0.0071259,-0.0029907,0.00030518,-0.0055542
-0.003067,0.0036774,0.0016174,-0.0090637,-0.010727,0.0010071
-0.00027466,0.0063019,-0.003891,-0.0029755,-0.011276,-0.0045319
0.0028687,0.00079346,-0.0061646,0.0051575,0.00041199,-0.012756
-0.009201,-0.010391,0.0020752,-0.0032501,-0.0007019,-0.01416
-0.012589,-0.0083008,0.0054779,-0.0092773,-0.0090332,-0.0027161
-0.001297,0.0044403,-0.0098572,-0.0025787,-0.0062103,0.004715
0.0041962,0.0063171,-0.0054474,0.0018768,-0.00071716,-0.0074768
0.0007019,-0.0039063,0.011505,-0.00024414,0.00030518,-0.010117
-0.0080109,-0.0038452,0.0081482,-0.0019836,-0.0047455,0.0028534
-0.0019989,0.01178,0.0010223,0.00024414,-0.0065155,0.0027161
0.010834,0.011307,0.0020752,0.002655,0.0024261,-0.0039673
0.0022888,0.0010376,0.006897,0.0029755,0.0018616,-0.003067
-0.001358,0.004425,0.0061646,0.0034943,-0.00022888,0.0013733
0.0063171,0.0077972,0.0030518,0.00035095,0.0071716,0.0075684
0.0091248,0.0048065,0.0024719,-0.0028381,0.0050812,0.00737
0.012711,0.0048981,0.00047302,0.0024414,0.001709,0.0094757
0.0097198,0.011368,0.00019836,0.0079956,0.0080261,0.011551
0.0092316,0.0079041,0.0066528,0.0081635,0.013,0.0049591
0.01091,0.00022888,0.016373,0.00076294,0.0065002,0.010422
0.0075226,0.012024,0.010254,-0.0036163,-0.00019836,0.016006
0.016449,0.01918,-0.00015259,0.0019836,0.0012665,0.012619
0.019302,0.011856,0.0041962,-0.0036621,0.0025635,0.007843
0.0095978,0.0075684,0.0050812,-0.0092316,3.0518e-05,0.0022736
0.0074463,0.0025482,-0.0043793,-0.0078278,-0.0073853,0.0049438
0.0052948,0.0020599,-0.014648,-0.014648,-0.010376,0.0010834
0.00036621,-0.0019836,-0.016983,-0.014709,-0.011642,-0.0057678
-0.0053558,-0.014557,-0.014694,-0.010544,-0.012894,-0.009079
-0.011597,-0.019043,-0.014359,-0.012589,-0.01062,-0.015076
-0.014084,-0.014389,-0.015823,-0.017395,-0.017868,-0.012695
-0.016922,-0.012848,-0.018921,-0.016205,-0.023926,-0.01384
-0.019257,-0.018188,-0.01564,-0.00035095,-0.014389,-0.022202
-0.01828,-0.019089,-0.006958,0.0097809,-0.0013733,-0.024048
-0.021805,-0.018311,-0.00027466,0.0042725,0.0037231,-0.020493
-0.025681,-0.017883,-0.00090027,0.0009613,0.0017548,-0.010986
-0.018265,-0.011108,-0.0017853,0.0060425,0.0011902,-0.0015106
-0.0065613,-0.003067,0.0028229,0.010773,0.0059814,0.0010223
-0.0037994,-0.0017548,0.0029755,0.0058899,0.010101,-0.0012512
-0.0081024,-0.0060883,0.0024872,-0.0015717,0.0045166,0.00061035
-0.00354,-0.0034637,-0.0023041,0.0018311,-0.0033722,0.0053711
0.0037537,0.0014038,-0.0055237,0.0034027,0.00015259,0.00082397
-0.0024414,-0.0016937,0.0025482,-0.0024261,0.0012817,-0.0027771
-0.0050201,-0.0031433,0.0012207,0.0030975,0.00094604,-0.0010834
0.0015717,-0.00064087,-0.0013428,0.00914,0.0073853,0.0020447
0.0044708,0.00088501,0.0050201,0.0032043,0.0069733,0.0050201
0.0030212,-0.00090027,0.0038757,0.0046844,0.0049133,0.0066833
0.0033417,0.00091553,0.0021667,0.014389,0.010956,0.012436
0.011337,0.0087585,0.01088,0.014877,0.01915,0.013397
0.014069,0.010208,0.018219,0.0056763,0.01416,0.011673
0.011063,0.01091,0.011765,-0.0013885,0.0040283,0.014984
0.011795,0.015747,0.0054932,0.0034943,0.00027466,0.015549
0.014862,0.015015,0.0083771,0.0072327,0.00013733,0.0072327
0.012436,0.0059052,0.0092773,-0.0013275,0.0045624,-0.0016327
-0.00010681,0.0010071,0.0007019,-0.0057068,-0.00019836,0.0033112
0.0029755,0.0051727,-0.011566,-0.00059509,-0.0036926,0.0063324
0.010757,0.0015869,-0.0065765,-0.00039673,0.0023041,-0.0012665
-0.0028229,-0.0080261,0.00083923,-0.0047302,0.0016327,-0.0030975
-0.011444,-0.0088654,-0.0044098,0.00027466,0.0014038,-0.00041199
-0.0065155,-0.0029907,-0.0028229,0.0032043,0.00091553,-0.00064087
-0.0018005,-0.003891,-0.00024414,-0.0072937,-0.0043488,-0.0023499
-0.0045776,-0.0072784,-0.0043945,-0.01062,-0.008194,-0.003952
-0.0095062,-0.0017395,-0.0061798,-0.00033569,-0.0090942,-0.010498
-0.0063324,0.0002594,-0.00042725,0.00012207,-0.0046844,-0.016357
-0.0094452,-0.0056763,-0.00030518,-0.013489,-0.0097198,-0.014359
-0.014816,-0.010941,-0.014862,-0.016678,-0.018967,-0.011276
-0.0075378,-0.010941,-0.019577,-0.0069733,-0.013748,-0.010071
-0.0065308,-0.0088348,-0.010498,-0.0065918,-0.0099335,-0.01207
-0.01239,-0.01091,-0.0075684,-0.015625,-0.012161,-0.013824
-0.012192,-0.00914,-0.012283,-0.014954,-0.015396,-0.01239
-0.011627,-0.0062103,-0.011322,-0.0072479,-0.0177,-0.011337
-0.0081482,-0.0092468,-0.0044861,-0.0069122,-0.014969,-0.0098724
-0.0051575,-0.0044556,-0.0050354,-0.008728,-0.012985,-0.0094147
-0.0038605,6.1035e-05,-0.0065002,-0.0026093,-0.0078888,-0.0084534
-0.0005188,-0.0042267,-0.0025024,0.002121,-0.0019836,-0.0052185
-0.0054932,-0.0018616,0.0015259,0.00041199,-0.0017548,-0.003891
-0.0051727,-0.00086975,-0.0011902,0.0032196,0.0012817,-0.00080872
0.0049438,-0.0019531,-0.0045319,0.0059814,0.0035248,0.0039825
0.0046997,0.0012207,0.0029449,0.0030975,0.0034027,0.0070038
0.0055084,0.0014496,0.0032196,-0.001709,0.0023346,0.0075836
0.0069275,0.0068207,-0.0018158,-0.0053406,-0.004303,0.0049438
0.0016785,0.0062408,-0.00057983,-0.0033569,-0.0072937,0.0024567
0.0053406,-0.0022583,-0.001358,-0.0032501,-0.0078888,-0.002182
0.0061188,0.0046692,-0.0022736,-0.010284,-0.011612,-0.0055389
0.0018005,0.0085602,-0.0095978,-0.014191,-0.013931,-0.0034027
0.0036163,-0.0028839,-0.017654,-0.010437,-0.013397,-0.0042572
0.0018768,-0.010391,-0.016525,-0.0060883,-0.0088959,-0.0054626
-0.0036163,-0.0094757,-0.012665,-0.0080719,-0.0061035,-0.0039063
-0.007431,-0.0090332,-0.011734,-0.0088348,-0.0082092,-0.004715
-0.006424,-0.012985,-0.016373,0.00032043,-0.0079193,-0.002182
-0.0046844,-0.010956,-0.010574,0.012833,0.002594,-0.0016937
-0.0081482,-0.0075836,0.0080414,0.024704,0.017334,-0.0059814
-0.012695,-0.0092621,0.018143,0.026123,0.023911,-0.0024261
-0.011154,-0.00071716,0.019073,0.020401,0.023041,0.0047302
0.00047302,0.013626,0.016632,0.019882,0.017136,0.013031
0.010101,0.013763,0.012329,0.015182,0.014297,0.014496
0.0070953,0.0060577,0.013184,0.010452,0.016678,0.010254
0.0040894,0.0042572,0.014893,0.0055389,0.011642,0.014389
0.0061188,0.0094147,0.0053253,0.002594,0.0020142,0.013245
0.0085907,0.01329,-0.0031586,0.0090332,0.0010986,0.0055389
0.0099182,0.0036011,0.0038605,0.0079193,0.0059967,-0.0022278
0.0033722,-0.0025482,0.007782,0.0045776,0.0060883,-0.00080872
0.00039673,0.0057678,0.0093384,0.0089111,0.0079956,0.011505
0.0086212,0.013,0.01416,0.0076141,0.013458,0.012161
0.013016,0.011841,0.0058899,0.0043488,0.015411,0.010178
0.011871,0.006485,0.0015869,0.013306,0.014664,0.01564
0.010818,0.0045929,0.012817,0.02095,0.015427,0.019241
0.010971,0.00354,0.018585,0.0088959,0.020157,0.01709
0.011948,0.0075073,0.01207,0.00088501,0.013443,0.013596
0.012741,0.017517,0.0071716,0.011887,0.0046082,0.017517
0.015228,0.018158,0.013565,0.016434,0.014069,0.012283
0.014114,0.0098877,0.019592,0.0049896,0.016449,0.0035553
0.0075378,0.009079,0.014679,-0.0050659,0.005127,0.0092773
0.0088501,0.016708,0.0017853,0.0049438,0.0016785,0.0089569
0.011826,0.011719,3.0518e-05,0.01123,0.0070343,0.0041046
0.0052795,-0.0038605,0.0086975,-0.001297,0.010986,0.0042725
0.0030518,-0.00039673,0.005188,0.0031128,0.010345,0.004837
0.0040131,0.0089264,0.0063324,0.013596,0.012924,0.0095825
0.004364,0.0056305,0.012604,0.0085907,0.013824,0.013672
0.0098724,0.0064697,0.011017,0.0073853,0.0090332,0.011124
0.011368,0.011902,0.014145,0.013992,0.013367,0.0053864
0.0090179,0.015762,0.017365,0.013779,0.019043,0.0062103
0.0075989,0.013763,0.016876,-0.0039825,0.0075989,0.011017
0.0094299,0.013794,0.0049591,-0.014694,-0.0066528,0.0088501
0.013809,0.016678,-0.0037994,0.00083923,-0.0046539,0.002243
0.0074158,0.0046234,0.0045624,0.0021057,0.0049133,-0.0014954
-0.0022278,-0.0072632,0.0011749,-0.014053,0.00048828,0.0012512
-0.0032654,-0.0042572,-0.006958,-0.0084991,-0.010284,0.0021973
0.0010834,0.00073242,-0.0053101,-0.0037994,-0.0067596,-0.0037842
0.0021973,0.0017853,-0.00039673,-0.011581,-0.0031281,-0.0054932
-0.0021515,0.0042419,0.0031128,-0.0076752,-0.0075226,-0.0016479
0.0039368,0.006897,0.0034027,-0.0034332,-0.0045471,-0.0032196
0.0062408,0.0055389,0.0061798,-0.0043182,-0.00080872,-0.0039825
-0.0014038,0.005722,0.00177,-0.0032349,-0.0057526,0.00080872
0.0044403,0.0064697,-0.00022888,-0.00061035,-0.0029907,-0.00088501
0.0090179,0.0043335,0.0053101,0.003067,0.0070648,-0.00067139
0.0029602,0.00080872,0.0058746,-0.00085449,0.0055084,0.0060577
0.00071716,0.0024719,0.0068665,-0.0071411,-0.0050812,0.0075989
0.0083313,0.0088959,-0.0015869,-0.0078125,-0.010056,0.0046539
0.01445,0.0067291,-0.0069427,-0.010712,-0.0073242,1.5259e-05
0.0045471,0.0034485,3.0518e-05,-0.01442,-0.0063324,-0.0015106
0.00074768,0.0049133,-0.00086975,-0.013977,-0.012085,-0.0034332
0.0067596,0.0057526,-0.0071869,-0.012711,-0.018448,-0.0077972
0.0033722,0.0041351,-0.014114,-0.01474,-0.016098,-0.0054169
0.0014648,-0.0056458,-0.013458,-0.012619,-0.008316,-0.0061646
-0.00061035,-0.0097504,-0.0079498,-0.0016022,-0.0028839,-0.0081635
-0.0078278,-0.0065918,-0.0056152,0.00082397,-0.00042725,-0.0026093
-0.010147,-0.0085602,-0.0053253,-0.00061035,-0.0020905,-0.0032196
-0.0077057,-0.0094604,-0.0066223,0.015366,0.002533,-0.0058746
-0.0048523,-0.010101,0.0077515,0.030441,0.023636,-0.0036163
-0.0069733,-0.0055237,0.026077,0.022156,0.034302,0.0018463
-0.0090332,0.0074615,0.022644,0.0088196,0.019638,0.012955
0.0015564,0.01329,0.010757,0.0092773,0.011353,0.021255
0.015121,0.012268,0.0061798,0.010635,0.015152,0.014359
0.012756,0.0078735,0.0078125,-0.0020752,0.012375,0.0054016
0.0011292,-0.0015717,0.00086975,-0.013611,0.0019836,0.0112
0.0004425,-0.0021515,-0.01503,-0.0059662,-0.0090332,0.010605
0.0057373,-0.0033875,-0.014999,-0.0023651,-0.0059967,-0.0027771
-0.0038452,-0.014603,-0.0034637,-0.0098572,-0.0015259,-0.010376
-0.015793,-0.013626,-0.0046539,-0.0050812,-0.007019,-0.010574
-0.011536,-0.0057526,-0.0067596,-0.0005188,-0.0046997,-0.009613
-0.0090179,-0.0062408,-0.0029755,-0.0067749,-0.0022736,-0.011826
-0.014374,-0.012451,-0.0095673,-0.0099487,-0.0075531,-0.011963
-0.013016,-0.013992,-0.013123,-0.0028534,-0.01004,-0.0065765
-0.010559,-0.0091705,-0.0050507,0.0016327,0.00019836,-0.0061035
-0.0071259,-0.01149,0.0021515,-0.0080719,0.006958,-0.0046844
-0.0016937,-0.0056,0.0002594,-0.0069427,-0.0077667,0.0057373
0.0026703,0.0091248,-0.0074463,0.0064545,-0.0077362,0.0062866
0.0096283,0.0033569,0.0021515,0.0064545,0.0082092,-0.004715
0.002182,-0.0026855,0.01619,-0.0019836,0.0029602,-0.0037384
-0.0049896,0.0076141,0.0061646,-0.005661,-0.005722,0.0042267
0.0033722,0.011581,-0.0061493,0.0014801,-0.00022888,-0.0016022
0.0016785,-3.0518e-05,-0.0046082,0.0050812,0.0059814,-0.0072632
-0.0055389,-0.01384,0.00036621,-0.0020447,0.0037537,-0.00091553
-0.0045013,-0.0075989,-0.0031891,0.00073242,0.0052795,0.0048981
0.0021362,0.00035095,-0.0084991,0.0075531,0.011856,0.0076599
0.0024872,-0.0049133,0.0023499,0.006958,0.0094299,0.0076599
-0.00012207,-0.00050354,0.00914,0.0098419,0.010071,0.0071106
0.010147,0.0084381,0.0098267,0.013916,0.013458,0.010101
0.012527,0.013107,0.016403,0.0050354,0.01329,0.010971
0.0043488,0.010376,0.0083771,-0.009079,0.0040283,0.0103
0.0095062,0.0063629,-0.0062714,-0.0099487,-0.011047,0.0088196
0.013,0.01059,-0.009903,-0.0068054,-0.0074615,0.00067139
0.0039215,0.00018311,-0.0072021,-0.010529,-0.00073242,-0.0095978
-0.0064087,-0.012146,-0.0036926,-0.0097504,-0.0080261,-0.0085602
-0.010422,-0.0050659,-0.0035248,-0.0028381,-0.011612,-0.00033569
-0.0044403,-0.0024872,-0.0054474,-0.0026855,-0.0081787,-0.0077515
-0.0066071,-0.0089111,-0.0055847,-0.0055542,-0.009552,-0.01741
-0.016022,-0.0086517,-0.00053406,-0.004715,-0.010773,-0.01178
-0.0094147,0.00068665,0.0058441,-0.0068359,-0.011093,-0.0092926
-0.0020905,0.0028687,-0.0013428,-0.0097961,-0.015945,-0.011124
-0.0065765,-0.0032501,-0.0082397,-0.0058594,-0.012329,-0.012955
-0.0091705,-0.0009613,0.00079346,0.002182,-0.0037384,-0.01355
-0.006012,0.0012817,0.0046234,-0.0062408,-0.0025635,-0.007309
-0.00080872,0.00053406,-0.0023956,-0.016266,-0.0081635,-0.0002594
0.0051422,0.0059204,-0.0054474,-0.0011292,-0.012421,0.0017548
0.0083008,0.0083008,0.0011597,0.0029449,-0.006424,-0.00010681
0.0033569,0.0018463,0.0037231,-0.011185,-0.0054321,-0.00018311
-0.00079346,-0.00082397,-0.0028687,-0.014343,-0.011429,0.00038147
0.004776,0.0062408,-0.0055084,-0.0093842,-0.013062,-0.0024414
0.0079498,0.0062866,-0.006897,-0.0066071,-0.016083,-0.0074921
0,-0.003952,-0.01416,-0.013809,-0.015518,-0.0086975
-0.0065765,-0.010803,-0.019562,-0.011108,-0.008667,-0.009903
-0.0076599,-0.013748,-0.011108,0.0022125,-0.0019379,-0.012039
-0.0075531,-0.0095978,-0.0028687,0.0019836,-0.00030518,-0.0027771
-0.0027161,-0.002182,-0.0077057,0.01503,0.0027618,0.0050659
0.0017242,-0.0057526,0.002594,0.038162,0.023407,-0.00047302
0.0012054,-0.0054016,0.031723,0.035599,0.043564,0.0012665
0.0012817,0.013672,0.040802,0.018158,0.033722,0.024658
0.0098877,0.028244,0.020981,0.0093536,0.014267,0.036316
0.023041,0.022461,0.0064392,0.012344,0.015289,0.021347
0.023788,0.010132,0.011917,0.0060883,0.019638,0.014282
0.012131,0.0066071,0.0077515,-0.010223,0.0076904,0.017426
0.0077057,0.0093689,-0.012985,-0.012283,-0.0035095,0.016602
0.014481,0.0036621,-0.018356,-0.0036926,-0.0027313,0.0088501
0.0097046,-0.0057373,-0.0028381,0.001709,-0.00015259,-0.0047455
-0.0034332,-0.0057678,0.0076141,0.0054779,-0.00059509,-0.0083313
-0.0050354,-0.00061035,0.0052643,0.0037689,-0.0029297,-0.0039368
-0.006897,0.0010223,0.00045776,-0.0050659,-0.0016479,-0.0045166
-0.011414,-0.0056915,-0.0022888,-0.0057068,-0.0027008,-0.006958
-0.014023,-0.010696,-0.0051575,0.0049896,-0.0098572,-0.012833
-0.018051,-0.013443,-0.0063324,0.0089417,-0.00085449,-0.017761
-0.021805,-0.020691,-0.00022888,-0.0038757,0.0079498,-0.015228
-0.02034,-0.012711,-0.0025482,-0.011795,-0.0081787,-0.0049438
-0.0034637,0.0016785,-0.010651,0.00015259,-0.013275,0.0040436
0.0078278,-0.00036621,0.00067139,0.0084839,0.0017853,-0.0014191
0.0022278,-0.0010071,0.015533,0.0037537,0.010162,-0.0032959
0.0018005,0.0096436,0.01326,0.0016327,0.0057983,0.0061951
0.0055847,0.015137,0.0029602,0.0074768,-1.5259e-05,0.006424
0.0079346,0.0058136,0.0011139,0.010101,0.0060883,-0.00073242
0.00082397,-0.0041809,0.0044708,0.0013885,0.0061493,-0.0032501
-0.01088,-0.0056763,-0.0021973,-0.0010376,0.0023804,-0.0031891
-0.006897,-0.004715,-0.0082245,0.0046082,0.010956,0.0016327
0.00076294,-0.004425,-0.0058594,0.00047302,0.011993,0.0064392
0.00045776,-0.0061798,-0.0031891,-0.0018921,0.0027924,0.0080261
0.0020294,-0.0021667,0.0021667,0.0055695,0.00061035,0.010406
0.010864,0.0065613,0.010666,0.008255,0.01152,0.0050049
0.012527,0.012497,0.010117,-0.0030975,0.0098267,0.0039978
0.0050354,0.014099,0.00064087,-0.013687,-0.0087585,0.012466
0.0074768,0.0068207,-0.0072174,-0.010803,-0.009903,0.0092468
0.0078583,-0.0052185,-0.014542,-0.0093842,-0.0044556,-0.0026245
-0.0020599,-0.012955,-0.015457,-0.012085,-0.0054932,-0.010529
-0.010162,-0.010727,-0.013779,-0.012314,-0.009201,-0.008667
-0.0097046,-0.005661,-0.015106,-0.012344,-0.015488,-0.0052185
0.0012665,-0.0075531,-0.0078278,-0.0076752,-0.010544,-0.007309
0.0032806,-0.0050964,0.0018768,0.00033569,-0.0052795,-0.0055084
-0.0040894,0.0076294,0.011368,0.0014648,-0.0030823,-0.0030212
-9.1553e-05,0.014801,0.013367,-7.6294e-05,0.0013428,0.00056458
0.0079498,0.011078,0.0080719,0.0057373,-0.00045776,0.0039215
0.0050812,0.0068512,0.011856,0.013321,0.0027008,-0.00057983
-0.0022125,0.0053711,0.0103,0.0079041,0.0080872,-0.0032654
0.0010071,0.004303,0.0051422,-0.0041046,0.0041656,0.0028839
0.0079346,0.0065613,1.5259e-05,-0.0027161,-0.0015564,0.0080566
0.0061798,0.010239,-0.0054016,0.0037689,-0.0043488,-0.0014801
0.0039063,0.0042877,0.0046997,-0.0030365,-0.0047913,-0.0064697
0.0046387,-0.0011139,0.0067596,-0.014893,-0.0094147,0.0050507
0.0057526,0.0062866,-0.0056,-0.010803,-0.015579,0.0035858
0.0090485,0.0074615,-0.0053711,-0.0026855,-0.012039,-0.0075684
0.0037994,0.0021973,-0.00030518,-0.0055542,-0.0086823,-0.0081635
-0.0080414,-0.0044556,-0.0078125,-0.0069122,-0.0072174,-0.0073242
-0.0081787,-0.015381,-0.013916,-0.0052948,-0.0015564,-0.0090942
-0.0084839,-0.014114,-0.010635,0.0027924,-0.0014954,-0.0076141
-0.013321,-0.009491,-0.011047,0.018204,0.0034637,-0.0058136
-0.0079956,-0.010956,-0.00010681,0.031281,0.024872,-0.0050049
-0.0018311,-0.008667,0.026657,0.031464,0.0401,0.0030823
0.0030975,0.005661,0.03595,0.013184,0.029312,0.021988
0.01445,0.033051,0.020172,0.0034943,0.010727,0.034225
0.027802,0.035889,0.0083618,0.0053864,0.0097046,0.02446
0.026337,0.01207,0.010147,-0.0050507,0.0087585,0.013123
0.0088501,0.0037842,0.0016479,-0.017136,-0.0065308,0.01239
0.0021057,0.0020294,-0.016708,-0.019501,-0.016571,0.0077972
0.0018768,-0.0068512,-0.026657,-0.014481,-0.013382,-0.0045929
-0.0052032,-0.017227,-0.022919,-0.0072784,-0.0066071,-0.015778
-0.010788,-0.021179,-0.0086365,-0.0015259,-0.0053253,-0.012543
-0.013351,-0.0070343,0.00041199,0.00042725,-0.0010071,-0.0049438
-0.006897,0.0015717,0.0023193,-0.0033875,0.001236,-0.003952
-0.0011444,-0.0012512,0.0010529,-0.0034332,-0.0064697,-0.0019226
-0.0074768,-0.00028992,-0.0019073,0.0069427,-0.0035095,-0.0062866
-0.012665,-0.0072632,0.0065308,0.016006,0.0068207,-0.013885
-0.017761,-0.013702,0.01355,0.0054169,0.0066833,-0.010422
-0.02095,-0.0087433,0.0013733,-0.008606,-0.006546,-0.0029144
-0.010727,-0.00177,-0.013565,-0.0032654,-0.01506,-0.0057831
-0.00091553,-0.0049896,-0.0098419,0.0055084,-0.0056763,-0.017975
-0.007019,-0.016129,0.0050659,-0.0012665,-0.0032196,-0.018936
-0.01622,-0.0081635,0.0007019,-0.014038,-0.011551,-0.0054932
-0.010666,0.0038147,-0.015396,-0.012711,-0.0088959,-0.002594
-0.00177,-0.0083923,-0.01593,-0.0054779,-0.003067,-0.0094147
-0.012268,-0.021011,-0.010788,-0.0085602,-0.0089874,-0.011551
-0.024307,-0.019852,-0.015106,-0.014374,-0.010956,-0.014328
-0.018951,-0.019608,-0.022659,-0.012787,-0.0043793,-0.014542
-0.018692,-0.026901,-0.025192,-0.006546,-0.010788,-0.0096588
-0.023895,-0.031799,-0.025055,-0.0089111,-0.014206,-0.0079193
-0.017609,-0.025192,-0.024368,-0.019974,-0.0075378,-0.011475
-0.007843,-0.012543,-0.021072,-0.022415,-0.013123,-0.012161
-0.0034027,-0.006134,-0.014786,-0.020401,-0.022903,-0.0057373
-0.0032806,-0.0037842,-0.01239,-0.024719,-0.027374,-0.0071869
-0.0040741,-0.00071716,-0.01712,-0.028091,-0.027008,-0.013885
-0.0037689,-0.0049896,-0.021301,-0.021896,-0.027878,-0.014526
-0.0058136,-0.012909,-0.019989,-0.011749,-0.028336,-0.017807
-0.014725,-0.017395,-0.016144,-0.014633,-0.019928,-0.021393
-0.022888,-0.017288,-0.019501,-0.018829,-0.017578,-0.020203
-0.019989,-0.018845,-0.025955,-0.0070038,-0.021042,-0.019302
-0.014252,-0.020706,-0.01767,0.00047302,-0.017929,-0.019852
-0.012772,-0.011185,-0.0016174,-0.0074005,-0.012863,-0.016678
-0.0077362,-1.5259e-05,0.0017395,-0.01265,-0.012863,-0.0079651
-0.0016785,0.003418,-0.0045624,6.1035e-05,-0.014496,-0.0039825
-0.0046234,-0.0010071,-0.0019531,0.015533,-0.002243,-0.0065308
-0.010712,-0.0065918,0.011978,0.0097504,0.0084381,-0.0095062
-0.014832,-0.0047302,0.011307,-0.0026093,-0.0050201,-0.0082855
-0.01651,-0.0036011,-0.013214,-0.0057526,-0.019669,-0.0062256
-0.0112,-0.013397,-0.029221,-0.0032349,-0.017059,-0.015549
-0.011948,-0.024887,-0.018753,-0.0074158,-0.013138,-0.022491
-0.019623,-0.020477,-0.012802,-0.023788,-0.0233,-0.018646
-0.016663,-0.012146,-0.025238,-0.026337,-0.031204,-0.015594
-0.0095978,-0.011826,-0.029144,-0.013565,-0.028091,-0.014893
-0.0059357,-0.014297,-0.023514,-0.0078735,-0.023941,-0.020813
-0.010452,-0.016022,-0.018204,-0.01297,-0.019714,-0.020462
-0.015411,-0.014969,-0.01358,-0.011887,-0.018494,-0.011948
-0.0112,-0.016388,-0.013336,0.01265,-0.0090485,-0.012482
-0.01683,-0.014267,-0.0062256,0.038864,0.012177,-0.013901
-0.024414,-0.012314,0.01474,0.046722,0.034714,-0.010605
-0.014893,-0.01123,0.033661,0.038956,0.048782,0.0045776
0.008194,0.011658,0.032562,0.022705,0.036514,0.030838
0.031342,0.043472,0.019394,0.012711,0.015381,0.044327
0.040344,0.046738,0.014587,0.0068207,0.011459,0.03389
0.037918,0.021378,0.014557,-0.0037842,0.010849,0.01857
0.027374,0.013443,0.0095062,-0.007019,-0.0014801,0.025375
0.023834,0.028458,0.0026703,-0.00042725,-0.010941,0.029694
0.026932,0.018921,-0.0033264,0.0035706,0.002182,0.0095825
0.012863,-0.0038757,-0.0016174,0.013977,0.014542,-0.00045776
-0.00050354,-0.0061646,0.013077,0.030441,0.015686,0.010132
0.005661,0.010208,0.025452,0.033127,0.026245,0.016953
0.017761,0.025543,0.027023,0.024063,0.030548,0.015533
0.023056,0.023911,0.024628,0.023834,0.024689,0.01799
0.016266,0.020706,0.024185,0.03688,0.025925,0.020279
0.0065765,0.014999,0.031708,0.03624,0.033981,0.017975
0.0036469,0.0065155,0.033997,0.01976,0.032272,0.017731
0.0056763,0.012741,0.023087,0.011169,0.011002,0.01683
0.0091095,0.019226,0.012817,0.011307,-0.00013733,0.0095215
0.0064392,0.010132,0.012482,0.017639,0.0067291,-0.0041656
3.0518e-05,-0.0045319,0.018356,0.015732,0.010254,-0.011002
-0.0039825,-0.00027466,0.011658,0.0019531,0.0074768,-0.0012054
-0.0014191,0.016479,-0.004303,0.00016785,0.0034332,0.0054321
0.0085449,0.00737,-0.0040741,0.0018921,0.0086212,-0.00094604
0.0053101,-0.010605,0.0027618,-0.0023651,0.0070648,0.0020447
-0.0031586,-0.0022583,-0.003418,-0.0052032,0.0018158,0.0098877
0.0028992,0.0063629,-0.0073242,-0.0052948,0.012024,0.0061798
-1.5259e-05,-0.004837,0.0011444,0.0030518,0.0098877,0.0061646
-0.010284,-0.01358,0.0058136,0.0062714,0.0022125,0.0080872
-0.0051727,-0.0049896,0.00067139,-0.00018311,0.0074768,0.0046844
0.0076447,0.0050659,-0.0060272,-0.0042877,0.0074921,0.0039368
0.015076,0.0045319,-0.0061646,-0.010162,-0.0023193,0.0045319
0.011581,0.006958,0.0010986,-0.017929,-0.012375,0.006012
0.010056,0.012878,-0.0029907,-0.025131,-0.013748,0.0050812
0.013336,0.010391,-0.017502,-0.024551,-0.013718,0.0037231
0.012238,0.00080872,-0.014816,-0.0080261,-0.011993,0.00079346
0.0090637,-0.0023041,0.0015717,-0.001297,-0.0020142,-0.0027924
-0.002655,0.0049133,0.0070648,-0.0099945,0.00036621,-0.00021362
-0.007309,0.0055237,0.00042725,6.1035e-05,-0.0066681,-0.0045776
0.0007019,-0.0007782,0.0046082,0.017166,-0.0050201,-0.007431
0.0018311,0.0041962,0.017685,0.011551,0.0068207,-0.0019226
0.0065308,0.016403,0.016571,-0.002121,0.0093842,0.0025024
0.014633,0.015076,0.0078125,4.5776e-05,0.00054932,0.0093994
0.0086823,0.002533,0.0041199,0.012344,0.0046997,0.0076141
-0.0023499,-0.0027161,0.0076599,0.0103,0.017136,0.0055847
-0.00177,0.0014191,0.0097198,-0.0052643,0.01358,0.013565
0.0041809,0.0053253,-0.0037231,-0.0092926,-0.00053406,0.0097351
0.00030518,-0.0033417,-0.013336,-0.0013885,-0.0089874,-0.0076752
-0.012543,-0.013153,-0.0063171,-0.0028839,-0.0096283,-0.018478
-0.020599,-0.013062,-0.0059052,-0.017426,-0.016113,-0.01442
-0.013153,-0.013641,-0.022095,-0.030334,-0.028397,-0.012039
-0.00033569,-0.011765,-0.036102,-0.030136,-0.030609,-0.019424
-0.0020447,-0.013794,-0.030212,-0.020309,-0.02681,-0.024811
-0.015549,-0.0177,-0.018021,-0.015823,-0.021164,-0.023926
-0.019989,-0.017624,-0.015747,-0.0094452,-0.01265,-0.014526
-0.011032,-0.016235,-0.013458,0.018234,0.0024414,-0.0054932
-0.0075989,-0.0081635,0.0079803,0.046402,0.031921,-0.004776
-0.012772,-0.0039825,0.045074,0.050491,0.052094,0.002533
-0.005722,0.011963,0.060318,0.036804,0.046402,0.022781
0.026291,0.048843,0.044388,0.024857,0.037247,0.046982
0.057556,0.066284,0.029404,0.018387,0.030426,0.053543
0.053726,0.047897,0.023849,-0.00080872,0.019394,0.037247
0.037338,0.024765,0.015182,-0.021164,0.0050812,0.028656
0.039032,0.02829,0.0020447,-0.01825,-0.0087585,0.03418
0.047852,0.035843,-0.0023956,-0.0013733,-0.0056152,0.030991
0.03862,0.01944,0.0037231,0.0068054,0.011414,0.016876
0.015945,0.0023041,0.011124,0.01683,0.025406,0.012238
0.012222,0.0075836,0.030121,0.039368,0.033081,0.021423
0.018494,0.024857,0.04866,0.044693,0.038498,0.027374
0.021378,0.035416,0.04335,0.035782,0.044525,0.02774
0.02951,0.0354,0.032928,0.040359,0.045227,0.028641
0.028198,0.026077,0.038696,0.043839,0.044846,0.025375
0.013916,0.015915,0.044922,0.027237,0.041367,0.024994
0.0065613,0.015244,0.026459,0.0067749,0.026077,0.030746
0.014297,0.017853,0.0059662,0.0024109,0.012253,0.024139
0.018753,0.010422,0.009964,0.006424,0.0052185,0.0080109
0.0032043,-0.0052032,0.014313,0.0016785,-0.00024414,-0.0043945
-0.013718,-0.0065002,0.0046082,-0.0059814,0.00088501,-0.01152
-0.011597,0.0037689,-0.0047607,-0.0055542,0.0021667,-0.0088806
-0.0048676,-0.00383,-0.00737,-0.0069427,-0.0009613,-0.0071564
-0.0096741,-0.01828,-0.013519,-0.017166,-0.0045776,-0.012192
-0.018265,-0.016998,-0.023773,-0.024292,-0.00737,-0.013214
-0.018127,-0.014893,-0.026199,-0.022232,-0.0050354,-0.0121
-0.013824,-0.024796,-0.026138,-0.020477,-0.0068054,-0.0095215
-0.018082,-0.033386,-0.027069,-0.020294,-0.010971,-0.0057373
-0.019516,-0.024948,-0.018539,-0.017258,-0.008667,-0.0059357
-0.011948,-0.011215,-0.0089874,-0.013824,-0.0099792,-0.0081787
-0.0063782,-0.0088348,-0.01062,-0.013,-0.012848,-0.0085449
-0.002121,-0.0062256,-0.007431,-0.01799,-0.012238,-0.0065765
-0.00047302,0.0052032,-0.00099182,-0.024765,-0.016144,-0.0053864
0.00097656,0.010544,-0.012329,-0.029633,-0.023651,-0.006897
0.0054626,-0.0009613,-0.029037,-0.029282,-0.027939,-0.013077
0.00030518,-0.016373,-0.027634,-0.017609,-0.024414,-0.021988
-0.015732,-0.019363,-0.0085449,-0.011368,-0.018784,-0.021332
-0.023315,-0.010193,-0.0019379,-0.016571,-0.015259,-0.010742
-0.014847,-0.0057526,-0.013809,-0.011261,-0.0078735,-0.0084076
-0.0079956,-0.011398,-0.0070038,0.0048981,-0.0093994,-0.014862
-0.0097656,-0.0052643,0.014221,0.0097046,-0.010529,-0.010635
-0.0018463,0.013535,0.019012,-0.0024872,0.0021057,0.0010223
0.011887,0.02211,0.010361,-0.0024567,0.0042267,0.0004425
0.0097961,0.0075378,0.0039215,0.012543,0.0010071,-0.00094604
-0.0035553,-0.010864,0.0036926,0.0068207,0.0034027,0.0076904
-0.0087585,-0.0074768,-0.003067,-0.012192,0.0052338,0.010437
-0.0038147,-0.0057526,-0.022339,-0.017487,0.00038147,0.0026093
-0.0079041,-0.022247,-0.032425,-0.010757,-0.014038,-0.015854
-0.028671,-0.034576,-0.02037,-0.011795,-0.021866,-0.02803
-0.041489,-0.029419,-0.017746,-0.025833,-0.026215,-0.022629
-0.027939,-0.018188,-0.033997,-0.032181,-0.036026,-0.026733
-0.012558,-0.01918,-0.039444,-0.0298,-0.040619,-0.036682
-0.01384,-0.025848,-0.030655,-0.026337,-0.036652,-0.035095
-0.022232,-0.023819,-0.02095,-0.016769,-0.027878,-0.026123
-0.02478,-0.01651,-0.019562,0.0053101,-0.01152,-0.015884
-0.012421,-0.015106,-0.0089417,0.035385,0.016632,-0.012833
-0.0058594,-0.019165,0.019989,0.046371,0.046707,-0.0022888
-0.0084534,-0.0045776,0.04303,0.036758,0.054153,0.022995
0.0090485,0.030701,0.046539,0.030273,0.037338,0.046555
0.040405,0.058243,0.036102,0.02449,0.029938,0.050751
0.054398,0.061417,0.031967,0.010117,0.028534,0.031616
0.039124,0.042984,0.030441,-0.0089722,0.0034943,0.019989
0.028473,0.032425,0.015289,-0.020035,-0.027298,0.018829
0.038528,0.037003,-0.0014648,-0.016083,-0.031876,0.0058899
0.031677,0.024475,-0.0056763,-0.0084686,-0.016113,-0.0033569
0.010086,-0.0024567,-0.00039673,0.0015106,-0.0019073,0.0021362
0.0009613,-0.0084534,0.010422,0.020203,0.014236,0.010956
0.0066071,0.0051727,0.025833,0.035187,0.033173,0.014771
0.014893,0.013733,0.032806,0.039963,0.040344,0.019623
0.016647,0.022507,0.028656,0.04332,0.042175,0.030685
0.020981,0.031097,0.037979,0.048233,0.05098,0.033035
0.022079,0.027298,0.055328,0.044739,0.056274,0.024216
0.014572,0.023804,0.047577,0.023849,0.038422,0.023544
0.016342,0.030579,0.017349,0.0032806,0.0094452,0.032104
0.028229,0.028809,-0.0019836,-0.0024414,0.0007019,0.024689
0.020248,0.0040894,0.0059814,-0.0052795,0.0037384,0.00080872
-0.010162,-0.01593,0.0085144,-0.0089417,-0.0065308,-0.013199
-0.021286,-0.0090942,-0.0079956,-0.0087891,-0.014526,-0.013916
-0.010056,-0.0028229,-0.013626,-0.0073547,-0.0071869,-0.016815
-0.012299,-0.014191,-0.0068512,-0.0071106,-0.0048676,-0.022064
-0.026154,-0.018433,-0.0075989,-0.011292,-0.009491,-0.019302
-0.020584,-0.010773,-0.0177,-0.019241,-0.010086,-0.015717
-0.0099945,-0.012054,-0.024933,-0.020157,-0.0040741,-0.014389
-0.018356,-0.024231,-0.02562,-0.013138,0.0002594,-0.0055847
-0.018387,-0.030945,-0.022446,-0.01564,-0.0072632,0.0044556
-0.0052338,-0.020142,-0.0242,-0.026672,-0.01329,0.00354
0.00028992,-0.0086823,-0.026871,-0.023956,-0.013763,-0.0050964
-0.003952,-0.014221,-0.013412,-0.013062,-0.014771,-0.011047
-0.0095978,-0.012558,-0.0012054,-0.011581,-0.017014,-0.0098267
-0.0019379,0.0089264,-0.0030212,-0.020111,-0.023132,-0.0064087
0.0069275,0.018295,-0.0077667,-0.023376,-0.024704,-0.0094757
0.00022888,0.0020447,-0.011444,-0.01091,-0.01767,-0.019684
-0.0099487,-0.016907,-0.0073242,-0.0049591,-0.012772,-0.02536
-0.016785,-0.014923,-0.0065918,-0.012589,-0.016632,-0.0159
-0.01712,-0.0038147,-0.017181,-0.015961,-0.016373,-0.0049744
-0.012497,-0.012787,-0.02153,-0.012756,-0.010666,-0.010239
-0.013367,-0.023926,-0.012634,-0.0088501,-0.017502,-0.017746
-0.013519,-0.014801,-0.00039673,-0.0086517,-0.022629,-0.014572
-0.0059814,0.0062103,0.0015717,-0.0082092,-0.012543,-0.0084686
0.0027161,0.01918,0.0028992,4.5776e-05,-0.0023041,-0.0042877
0.0027771,0.0053558,0.013916,0.0063477,0.0027924,-0.0043945
-0.0041656,-0.0039368,0.01059,0.0014954,-0.00048828,-0.001297
-0.0025635,0.0038147,-0.0094757,-0.0037689,-0.0056152,0.0059967
0.0012207,-0.0048065,-0.020599,-0.0041046,-0.00028992,0.0020752
-0.010361,-0.025345,-0.022736,-0.0071716,0.0027771,-0.009903
-0.030258,-0.035416,-0.0242,-0.015015,-0.0098419,-0.013428
-0.037796,-0.032333,-0.031357,-0.025436,-0.027191,-0.013535
-0.025009,-0.031738,-0.046265,-0.031555,-0.035416,-0.027466
-0.014191,-0.033737,-0.050888,-0.032227,-0.038681,-0.041275
-0.022736,-0.029526,-0.039185,-0.032288,-0.042801,-0.034836
-0.031357,-0.023102,-0.024796,-0.010513,-0.030457,-0.024536
-0.017883,-0.013641,-0.0087891,0.033539,0.0088043,-0.02327
-0.0042419,-0.0098724,0.0177,0.056747,0.046188,-0.013596
-0.0082855,-0.0068817,0.044098,0.044678,0.056519,0.019638
0.0066986,0.020203,0.051071,0.033264,0.047699,0.05661
0.043777,0.056595,0.043427,0.03775,0.042374,0.064011
0.06131,0.058289,0.03299,0.022766,0.04306,0.047546
0.046524,0.035324,0.020676,-0.008667,0.02356,0.038651
0.031876,0.032974,0.0062256,-0.024261,-0.014008,0.037735
0.042892,0.041748,-0.0029449,-0.023514,-0.032516,0.018402
0.041733,0.035355,-0.0010681,-0.013123,-0.025665,-0.011871
0.013306,0.013794,0.0069733,0.0016632,-0.014542,-0.016891
0.0011444,-0.0046844,0.016312,0.022583,0.0022736,0.0039215
0.014893,0.00383,0.028305,0.042969,0.030701,0.022125
0.022491,0.026718,0.042633,0.050766,0.053726,0.027512
0.017807,0.033447,0.044785,0.05661,0.060196,0.030014
0.023148,0.020645,0.044388,0.065475,0.063339,0.038086
0.027481,0.017273,0.057068,0.061325,0.070847,0.046967
0.017776,0.033524,0.055023,0.036606,0.064209,0.045853
0.023102,0.04538,0.031891,0.01088,0.036392,0.036865
0.04274,0.042023,0.012482,0.00054932,0.0080414,0.029556
0.037628,0.021561,0.01004,-0.0032196,-0.0056763,0.016098
0.0071869,0.00035095,0.012268,-0.0065918,-0.0070038,-0.0045776
-0.010452,-0.0018921,-0.0017853,-0.0089722,-0.0052032,-0.010513
-0.0056152,-0.0028992,-0.015564,-0.010605,-0.0049896,-0.0080109
-0.010849,-0.017075,-0.0092468,-0.0057526,-0.0046997,-0.014404
-0.026657,-0.025955,0.00057983,-0.0002594,-0.0020447,-0.017609
-0.022385,-0.014008,-0.004776,-0.01001,-0.0009613,-0.014481
-0.0076447,-0.0038147,-0.018311,-0.022537,-0.0073547,-0.01239
-0.008316,-0.010025,-0.020309,-0.015717,-0.0059967,-0.0064392
-0.014664,-0.012985,-0.010391,-0.0072784,0.0075989,0.0026245
-0.0043335,-0.0083313,-0.0067596,-0.012634,0.002182,0.0041809
0.010864,-0.0064697,-0.01825,-0.020401,-0.0168,0.00019836
0.0049438,-0.013016,-0.027679,-0.023071,-0.01741,-0.002182
-0.010696,-0.017883,-0.018188,-0.018906,-0.0092773,-0.0071716
-0.011887,-0.0097504,-0.0060425,-0.019272,-0.015762,-0.011368
-0.0075073,0.00010681,-0.011459,-0.026031,-0.032654,-0.014069
-0.0072632,-0.0053558,-0.022171,-0.025925,-0.033569,-0.021133
-0.011826,-0.021393,-0.017365,-0.019379,-0.02359,-0.028061
-0.024551,-0.01709,-0.008255,-0.016312,-0.026505,-0.03418
-0.028732,-0.0016937,-0.0090179,-0.015823,-0.028214,-0.03273
-0.018723,-0.0096893,-0.017014,-0.011871,-0.01886,-0.019485
-0.015472,-0.027451,-0.021667,-0.010117,-0.013123,-0.011307
-0.022995,-0.029495,-0.013947,-0.014267,-0.01712,-0.015671
-0.022949,-0.012817,-0.0077972,-0.01828,-0.022598,-0.020035
-0.0067749,0.0023346,-0.0088348,-0.010925,-0.020203,-0.014236
0.0069733,0.00038147,-0.0046082,0.00012207,-0.0095062,-0.0027924
0.0016327,-0.005188,0.0059509,-0.00177,-0.00076294,0.0023193
-0.0069733,-0.0023499,0.0017548,-0.011246,-0.0071411,-0.0014343
-0.0046844,0.0012054,-0.019577,-0.014694,-0.016586,-0.0075684
-0.0072479,-0.012054,-0.029007,-0.0087585,-0.013351,-0.01712
-0.028351,-0.03508,-0.027283,-0.010117,-0.0090332,-0.025299
-0.051346,-0.043686,-0.032928,-0.028244,-0.018158,-0.024841
-0.050034,-0.045395,-0.051575,-0.040634,-0.040771,-0.0298
-0.033615,-0.053101,-0.0681,-0.037994,-0.054062,-0.044678
-0.03331,-0.053375,-0.057571,-0.040619,-0.050827,-0.054535
-0.051086,-0.04628,-0.039383,-0.031677,-0.053558,-0.051849
-0.050354,-0.039093,-0.028961,0.011276,-0.036804,-0.04361
-0.026031,-0.025085,-0.0016327,0.043167,0.017426,-0.037811
-0.017166,-0.0099182,0.03418,0.035828,0.047073,-0.014755
-0.0090637,0.010559,0.0457,0.026062,0.032303,0.029526
0.02475,0.044464,0.035065,0.032669,0.024246,0.054504
0.053024,0.057816,0.028259,0.030807,0.038559,0.046158
0.04776,0.033661,0.024612,-0.00015259,0.036407,0.03598
0.029846,0.017532,0.0054626,-0.031311,-0.0046844,0.041046
0.035538,0.03035,-0.014511,-0.029099,-0.039932,0.034256
0.046188,0.035172,-0.013351,-0.015762,-0.038757,-0.0034485
0.021805,0.013809,-0.0028229,-0.010162,-0.030731,-0.03569
-0.011642,-0.0086212,0.0043488,0.0014954,-0.021744,-0.027695
-0.0091095,-0.0074158,0.014542,0.024857,0.00059509,-0.0013885
0.01004,0.010132,0.028183,0.044891,0.029785,0.014359
0.013474,0.025177,0.034775,0.056183,0.054688,0.021484
0.013214,0.025131,0.041946,0.066879,0.069901,0.032043
0.020325,0.012238,0.057205,0.070068,0.080414,0.045303
0.023682,0.01857,0.055389,0.054657,0.076401,0.056808
0.029877,0.044815,0.033966,0.028275,0.053131,0.061142
0.046951,0.049255,0.018768,0.010437,0.025711,0.042557
0.044342,0.024109,0.011337,-0.0015564,-0.00028992,0.015854
0.010895,-0.0019531,0.0049286,-0.015335,-0.017868,0.0038605
-0.012207,-0.0028076,-0.0068817,-0.019852,-0.017899,-0.0061035
-0.0060425,0.0052338,-0.017792,-0.01001,-0.010315,-0.022583
-0.002594,-0.0084534,-0.011505,0.00019836,-0.0072174,-0.026871
-0.021194,-0.024857,-0.0010834,0.0037231,-0.00094604,-0.010437
-0.026505,-0.017441,0.0050354,0.0043945,0.0112,0.0016785
-0.0028992,0.00061035,0.0058441,0.00013733,0.015442,-0.00021362
0.0093536,0.0032501,-0.0027924,0.0031128,0.0074615,0.0020752
0.0015564,-0.0032654,0.00032043,0.0089722,0.0092163,0.01593
0.0018005,0.0040588,0.0088806,-0.0024109,0.020691,0.025452
0.018692,0.014557,-0.0014648,-0.015167,0.0053406,0.014679
0.028458,0.0099335,-0.014511,-0.011139,-0.018845,0.0016174
0.01265,-0.0050507,-0.009201,-0.0037537,-0.0091553,0.0036774
-0.0039825,-0.0091553,0.0028381,-0.0091705,0.0098419,0.0096893
0.0016174,0.0073242,-0.0027161,-0.013062,0.0029907,0.0066986
0.013641,0.011642,-0.013489,-0.004837,-0.014084,-0.0029449
0.0064392,-0.0089417,-0.0050659,-0.0043488,-0.01207,-0.0077362
-0.014725,-0.016907,0.0061493,-0.0093079,-0.0031891,-0.012985
-0.022202,9.1553e-05,0.0033264,-0.0040436,-0.0097809,-0.021896
-0.011932,0.0093384,-0.005188,7.6294e-05,-0.012878,-0.021042
-0.007843,-0.012268,-0.010986,-0.0062408,-0.0084229,-0.0076752
-0.014191,-0.032181,-0.0070801,-0.01268,-0.011169,-0.0014038
-0.014099,-0.010162,-0.00067139,-0.010773,-0.014191,-0.012405
-0.0053864,0.019821,-0.00018311,-0.0089569,-0.014343,-0.015656
0.0076447,0.014267,0.0046844,-0.0084991,-0.0103,-0.0020142
0.01561,7.6294e-05,0.010406,-0.0017853,-0.0023651,0.0093231
0.010529,0.0050507,0.0088196,0.0036469,0.0014954,0.0074005
0.0033112,0.014206,0.0031891,0.00035095,-0.0039978,-0.0028381
0.0011749,0.004837,-0.0048828,-0.0069733,-0.0090332,-0.010468
-0.0077667,-0.01857,-0.014633,-0.0075073,-0.0041046,-0.012741
-0.027466,-0.031876,-0.027695,-0.011398,-0.0049896,-0.012512
-0.039322,-0.035645,-0.039505,-0.027924,-0.020172,-0.017395
-0.035919,-0.036713,-0.046967,-0.040787,-0.038406,-0.032013
-0.034271,-0.039291,-0.049576,-0.042175,-0.047592,-0.045761
-0.041885,-0.047089,-0.044891,-0.023376,-0.044128,-0.047272
-0.044464,-0.047318,-0.031281,0.0095673,-0.027267,-0.040604
-0.032364,-0.036301,0.00010681,0.03302,0.0064545,-0.036057
-0.022736,-0.015732,0.033981,0.035477,0.034851,-0.020645
-0.014114,0.011063,0.044708,0.02597,0.03537,0.021469
0.019257,0.038254,0.037476,0.029266,0.031738,0.053619
0.054993,0.055954,0.029602,0.028717,0.038651,0.045456
0.052841,0.043243,0.025604,0.0013428,0.03479,0.034668
0.031052,0.02243,0.009491,-0.027298,0.007019,0.046204
0.033386,0.028717,-0.018967,-0.041992,-0.027191,0.045868
0.0457,0.031342,-0.033539,-0.041061,-0.04007,0.011658
0.031403,0.0049896,-0.02327,-0.021118,-0.037766,-0.024185
-0.0011444,-0.017639,-6.1035e-05,0.00047302,-0.029388,-0.030502
-0.019119,-0.011169,0.017654,0.014099,-0.011383,-0.019531
-0.010162,0.0069275,0.024658,0.033447,0.0090942,-0.0073395
0.0057526,0.01622,0.028839,0.059952,0.038025,0.0073242
0.0159,0.016876,0.040878,0.071121,0.072556,0.0224
0.014633,0.013824,0.058502,0.064346,0.086777,0.038986
0.010101,0.018799,0.059021,0.052261,0.076035,0.060028
0.028229,0.040863,0.038818,0.033585,0.059418,0.070862
0.057709,0.055374,0.017899,0.01384,0.043213,0.055725
0.060242,0.034439,0.0090027,-0.0042114,0.015625,0.029572
0.026978,0.0055237,0.0053253,-0.017685,-0.017532,0.011154
-0.0023956,0.0019531,-0.0040436,-0.021378,-0.030365,-0.0037384
-0.0046844,0.0049591,-0.013382,-0.016968,-0.021896,-0.019989
-0.013275,-0.012299,-0.019592,-0.009079,-0.01503,-0.033478
-0.03511,-0.034805,-0.016479,-0.0054169,-0.01416,-0.034042
-0.038589,-0.028137,0.00085449,-0.002182,-0.0057068,-0.022079
-0.024139,-0.003891,0.010834,0.00085449,0.0091705,-0.011642
-0.012451,-0.00018311,0.0052338,0.0058746,0.015869,-0.0040894
-0.0028992,-0.0086212,0.0014038,0.013184,0.015091,0.010254
0.010101,-0.0004425,0.0061493,0.0058594,0.014221,0.024948
0.018326,0.018646,0.0079956,-0.013046,0.0068512,0.022308
0.018967,0.018372,-0.005249,-0.024612,-0.01181,0.0058441
0.012665,-0.0057831,-0.020142,-0.019928,-0.028198,-0.0055695
-0.0019379,-0.018219,-0.018494,-0.01506,-0.025833,-0.0070953
-0.01001,-0.0096283,-0.018555,-0.026505,-0.012177,-0.0074005
-0.0042572,-0.0037842,-0.030823,-0.031052,-0.0094299,-0.011642
-0.0013428,-0.012238,-0.027847,-0.018051,-0.019028,-0.015213
-0.0098724,-0.021881,-0.0074768,-0.0071106,-0.019287,-0.013779
-0.017197,-0.0095673,0.0022583,-0.0002594,-0.0072479,-0.014374
-0.014938,0.0072937,0.00083923,0.0058136,-0.00064087,-0.019943
-0.010254,0.001358,0.00022888,0.0031128,-0.0053253,-0.016037
-0.0084686,-0.01619,-0.0010376,-0.0059357,-0.01297,-0.0032349
-0.009613,-0.018066,-0.0033417,-0.009491,-0.013062,-0.0030975
-0.0070496,0.0033875,-0.0050049,-0.0094757,-0.010468,-0.009903
0.0015259,0.014771,-0.0048828,-0.01355,-0.011169,-0.002243
0.0098572,0.0055084,-0.00091553,-0.018021,-0.010376,0.0080872
0.013336,0.0022278,0.0020294,-0.014175,-0.0092468,0.0047913
0.0099335,0.0082092,-0.0061035,-0.002655,-0.0085144,-0.0016479
0.0045624,0.0049896,-0.012283,0.0040436,-0.0092468,-0.0075531
-0.0065155,-0.013779,-0.0083313,-0.0007782,-0.0098572,-0.01564
-0.026825,-0.027008,-0.011353,-0.012375,-0.0059662,-0.018723
-0.03923,-0.031891,-0.032455,-0.020493,-0.011841,-0.020615
-0.036972,-0.04306,-0.061005,-0.028564,-0.032379,-0.029678
-0.036942,-0.051727,-0.064301,-0.043259,-0.049805,-0.041534
-0.049271,-0.054214,-0.046539,-0.038986,-0.048553,-0.045547
-0.059418,-0.052048,-0.031906,-0.0044861,-0.026031,-0.046036
-0.051987,-0.044693,-0.013458,0.029602,0.0024414,-0.049454
-0.036606,-0.032242,0.013748,0.03392,0.01976,-0.032913
-0.018433,-0.0033417,0.034058,0.019806,0.019928,0.0095367
0.0112,0.03241,0.032898,0.01918,0.02095,0.038513
0.036713,0.046402,0.025421,0.018997,0.030258,0.032852
0.035767,0.035583,0.020279,-4.5776e-05,0.021622,0.020676
0.026794,0.01976,0.003006,-0.025711,-0.010498,0.030365
0.031235,0.017532,-0.024261,-0.048157,-0.037766,0.036255
0.033295,0.024124,-0.040894,-0.051575,-0.04483,0.0044403
0.020462,0.011917,-0.033508,-0.034485,-0.045898,-0.031174
7.6294e-05,-0.01326,-0.012085,-0.012299,-0.04425,-0.032562
-0.009964,-0.018005,0.012085,0.011215,-0.027786,-0.020737
-0.0084229,0.00036621,0.029755,0.035004,0.00088501,-0.014221
-0.0037537,0.023453,0.035828,0.063141,0.033539,-0.0024567
0.0088348,0.025665,0.047867,0.082947,0.068344,0.014404
0.016098,0.011047,0.066422,0.080551,0.090744,0.031616
0.0084229,0.015915,0.067505,0.064148,0.086777,0.058426
0.016022,0.041245,0.041138,0.041458,0.071457,0.076721
0.051987,0.054138,0.01416,0.015976,0.051071,0.061737
0.063171,0.03418,0.0094757,-0.0088043,0.017487,0.034088
0.029282,0.0038605,-9.1553e-05,-0.020462,-0.012589,0.013123
0.00064087,-0.0046539,-0.021545,-0.023071,-0.028534,-0.00079346
-0.0030212,-0.0016937,-0.029068,-0.026703,-0.034027,-0.016113
-0.0085144,-0.014999,-0.024933,-0.021622,-0.02948,-0.040314
-0.037628,-0.038879,-0.022568,-0.0079498,-0.021545,-0.048615
-0.055893,-0.04245,-0.018066,-0.001358,-0.01329,-0.034058
-0.037323,-0.023712,-0.0084686,-0.0055847,-0.0037079,-0.022583
-0.021545,-0.0095673,0.0028534,-0.0017853,0.010712,-0.014633
-0.016006,-0.0063324,0.013519,0.01001,0.021301,0.0028381
-0.00048828,0.0011139,0.01181,0.009903,0.01387,0.025024
0.02533,0.018509,0.0018616,-0.00071716,0.00067139,0.027695
0.041336,0.026291,-0.0002594,-0.015213,-0.0041656,0.011292
0.026443,0.0096741,-0.00047302,-0.023148,-0.012512,0.0072937
0.0040588,-0.0046387,-0.0077667,-0.01886,-0.027496,0.0094604
-0.0014954,-0.0014343,-0.020157,-0.014648,-0.027237,-0.0049896
0.0035858,-0.0018005,-0.027771,-0.01503,-0.011093,-0.020966
-0.0014954,-0.016815,-0.023514,-0.019623,-0.0053864,-0.019104
-0.020752,-0.02739,-0.013046,-0.016647,-0.013779,-0.010712
-0.023514,-0.010941,-0.0043793,0.00021362,-0.010208,-0.0090637
-0.0072937,0.0083008,0.0011749,0.015549,0.0077515,-0.011429
0.00021362,0.0045471,0.010162,0.019302,0.013428,-0.007782
-0.0037231,-0.0056915,0.018005,0.012222,0.0066833,0.0045929
-0.0030975,-0.0025177,0.013229,0.0037384,0.0029907,0.010681
0.0076752,0.010986,0.0045929,7.6294e-05,-0.0027008,0.0082703
0.014847,0.016907,0.0042419,-0.00088501,-0.0067749,0.006958
0.016205,0.013596,0.0068665,-0.0048065,-0.00053406,0.012527
0.01503,0.0094147,0.0063629,-0.010208,0.0044708,0.016998
0.01149,0.011566,0.0028534,-0.0063782,-0.0021515,0.0045929
0.019043,0.013,-0.0038147,0.0031891,-0.010666,-0.0063019
0.018143,0.0032196,-0.0068512,0.0075226,-0.0044708,-0.0011444
-0.0092163,-0.009613,-0.0039215,0.0043182,0.0062256,-0.00019836
-0.029053,-0.024521,-0.011063,-0.0037842,0.0055847,-0.0093536
-0.025421,-0.034744,-0.035461,-0.012177,-0.0059967,-0.01828
-0.023422,-0.035583,-0.051422,-0.01886,-0.024948,-0.022903
-0.03717,-0.040466,-0.042603,-0.016037,-0.03035,-0.026474
-0.050064,-0.045731,-0.01915,0.0042267,-0.0064697,-0.034088
-0.046677,-0.038071,0.0083618,0.023788,0.022644,-0.036789
-0.033859,-0.01561,0.022568,0.023544,0.024933,-0.018219
-0.010544,0.0095978,0.028229,0.021011,0.011078,0.017715
0.024231,0.028625,0.036285,0.022934,0.014648,0.037918
0.041245,0.041428,0.028961,0.010025,0.029526,0.026703
0.029465,0.036591,0.010406,-0.013565,0.019012,0.016891
0.0177,0.01799,-0.0090027,-0.03273,-0.02063,0.027084
0.024582,0.0069885,-0.03096,-0.047028,-0.04808,0.024658
0.024811,0.0032806,-0.047745,-0.058121,-0.047546,-0.0092163
-0.00056458,-0.0040283,-0.048157,-0.050613,-0.048141,-0.038788
-0.01825,-0.01413,-0.022125,-0.023636,-0.052734,-0.038483
-0.01004,-0.017838,0.0059357,-0.00061035,-0.04126,-0.027008
-0.00057983,-0.005722,0.018646,0.024857,-0.0097656,-0.018417
-0.0014191,0.016266,0.035645,0.061478,0.032242,-0.004364
0.0033417,0.026764,0.058762,0.088074,0.067139,0.016296
0.013397,0.02179,0.077026,0.087769,0.085434,0.033096
0.011703,0.020905,0.073029,0.068085,0.085281,0.04834
0.016495,0.036301,0.044083,0.046768,0.072708,0.065796
0.043457,0.049225,0.017654,0.020004,0.052155,0.066315
0.053604,0.034897,0.002243,-0.014587,0.018372,0.038284
0.027725,0.0068359,-0.013763,-0.038162,-0.01828,0.0072327
0.0057526,-0.0095825,-0.032898,-0.04277,-0.04248,-0.0074463
0.0036621,-0.014252,-0.043488,-0.03833,-0.051529,-0.020279
-0.012619,-0.024063,-0.0383,-0.031113,-0.045914,-0.042694
-0.04718,-0.043945,-0.028244,-0.01561,-0.030975,-0.054718
-0.061142,-0.052582,-0.022202,-0.0015564,-0.017029,-0.044617
-0.049072,-0.040329,-0.016617,-0.0017853,-0.0065918,-0.033524
-0.038925,-0.020554,-0.0045624,-0.0038757,0.006012,-0.023697
-0.030533,-0.0078735,0.0062714,0.00032043,0.018295,-0.0016632
-0.0089722,-0.0027924,0.00047302,-0.0017853,0.013443,0.021149
0.017212,0.0079651,-0.013824,-0.018127,-0.0054626,0.021896
0.031601,0.015732,-0.016068,-0.032791,-0.018433,0.0044098
0.025208,0.0049133,-0.013199,-0.035049,-0.032623,-0.0019684
0.0061646,-0.01123,-0.023819,-0.032028,-0.047546,0.0010071
-0.005661,-0.017166,-0.038132,-0.0271,-0.042313,-0.012497
-0.01329,-0.019821,-0.037857,-0.025497,-0.028336,-0.033524
-0.024872,-0.030609,-0.029678,-0.026337,-0.026901,-0.036758
-0.031967,-0.035889,-0.025192,-0.017731,-0.02742,-0.026306
-0.030289,-0.018585,-0.015076,0.00021362,-0.012146,-0.023148
-0.019867,0.0014496,0.0020142,0.014374,0.0092621,-0.021332
-0.0088196,0.0033417,0.011337,0.015305,0.014359,-0.0066376
-0.003418,-0.002533,0.01265,0.0112,0.0088043,0.0076599
0.0019684,-3.0518e-05,0.013336,0.010468,0.003418,0.011795
0.0091248,0.014511,0.014511,0.0086365,-0.0033875,0.0094147
0.018646,0.025787,0.015411,0.0019989,-0.0063782,0.0093079
0.024734,0.020844,0.01207,-0.0067291,-0.0079193,0.013962
0.017761,0.013031,0.0040436,-0.0063171,-0.0055237,0.01297
0.0089111,0.011551,0.00090027,0.00042725,-9.1553e-05,0.0084686
0.012314,0.0084991,0.0026855,0.0090485,0.00019836,0.0039215
0.016541,0.0065155,0.0016632,0.01889,0.0071564,-0.0018158
0.0066986,0.00071716,0.0024567,0.018173,0.017441,0.00045776
-0.013519,-0.012878,0.00053406,0.012711,0.01918,0.0041504
-0.021881,-0.022415,-0.014648,0.011642,0.012054,-0.0042114
-0.013901,-0.026611,-0.031403,0.014404,-0.0018311,-0.011887
-0.016327,-0.028198,-0.024521,0.017059,0.00099182,-0.012894
-0.030396,-0.032104,0.0078888,0.017075,0.025146,-0.010071
-0.034485,-0.02211,0.0298,0.019379,0.037842,0.00065613
-0.014603,0.012466,0.029388,0.020752,0.027328,0.014542
0.02298,0.0392,0.029419,0.022461,0.015411,0.028519
0.046326,0.042618,0.036743,0.021469,0.022263,0.035431
0.042053,0.037704,0.038651,0.0050049,0.032639,0.033554
0.030289,0.036148,0.018661,-0.014069,0.016739,0.030975
0.031845,0.033707,-0.012924,-0.025848,-0.01709,0.02858
0.037537,0.017517,-0.031021,-0.037598,-0.038498,0.019058
0.020599,-0.0085602,-0.035416,-0.041321,-0.036758,-0.0068207
-0.011459,-0.019135,-0.031723,-0.03685,-0.031113,-0.031418
-0.025864,-0.010986,-0.017838,-0.024963,-0.040482,-0.037827
-0.015396,-0.0061798,0.0033112,0.0030212,-0.040344,-0.032715
-0.0029449,-0.0020905,0.026596,0.037155,-0.0075226,-0.01973
0.0017853,0.010101,0.04895,0.065308,0.0401,-0.0041046
0.010895,0.026169,0.073395,0.083145,0.076889,0.02095
0.022385,0.042664,0.091217,0.090714,0.09169,0.055374
0.034424,0.050018,0.085754,0.083832,0.093445,0.073166
0.048615,0.0513,0.062561,0.056213,0.084839,0.074387
0.055313,0.051407,0.0345,0.021225,0.060913,0.067139
0.046951,0.039047,0.0086975,-0.0060883,0.026398,0.04213
0.023483,0.017273,-0.011337,-0.026382,-0.0089111,0.010757
0.002243,-0.0043182,-0.028336,-0.044876,-0.031296,-0.0098877
-0.0021057,-0.020508,-0.042786,-0.048889,-0.044769,-0.023422
-0.0099487,-0.031906,-0.041245,-0.026627,-0.045029,-0.036652
-0.038788,-0.04097,-0.021149,-0.0054932,-0.020798,-0.043167
-0.057678,-0.03862,-0.0066071,0.0014496,-0.0010681,-0.03421
-0.042572,-0.029343,-0.0019226,0.0084076,0.0036774,-0.022308
-0.023453,-0.018402,0.010254,0.0094147,0.015808,-0.015701
-0.021774,-0.00086975,0.020325,0.0068054,0.024139,0.0036011
-0.011597,0.013336,0.01149,0.0031433,0.016342,0.024963
0.017181,0.016174,-0.0040894,-0.013489,0.004364,0.018387
0.031036,0.012924,-0.012894,-0.033936,-0.0093536,0.0011902
0.02269,0.0089264,-0.016861,-0.04248,-0.029465,0.0010834
0.013443,-0.0019989,-0.024551,-0.036102,-0.046982,0.0059204
0.0054779,-0.020325,-0.03595,-0.022827,-0.039276,-0.0084991
-0.007309,-0.029739,-0.037338,-0.021957,-0.016144,-0.030533
-0.028152,-0.029968,-0.027802,-0.030518,-0.014832,-0.029144
-0.035965,-0.027557,-0.020203,-0.022659,-0.030609,-0.017593
-0.020493,-0.018417,-0.013885,-0.0014038,-0.024567,-0.020706
-0.014862,-0.0075989,-0.0015564,0.0082245,0.0043182,-0.025879
-0.020782,1.5259e-05,0.0086517,-0.00021362,0.016632,-0.016449
-0.014099,0.005127,0.0063324,-0.012619,-0.0016327,0.0032959
0.0034485,0.0037384,-0.0058289,-0.015503,-0.02211,0.0090332
0.015305,-0.0010681,-0.013641,-0.012222,-0.020264,-0.002655
0.010025,-0.0013428,-0.012024,-0.014282,-0.016052,-0.0058136
-0.0027466,0.00054932,-0.0084534,-0.026459,-0.027283,-0.0012665
-0.010391,-0.0028687,-0.010025,-0.037018,-0.040192,-0.0099945
-0.011719,-0.015121,-0.019592,-0.023956,-0.044769,-0.029434
-0.013504,-0.022629,-0.020813,0.00061035,-0.032089,-0.036392
-0.019287,-0.014435,-0.010269,0.006012,-0.0090027,-0.024841
-0.023026,-0.012009,-0.0059814,0.0026703,0.0078278,-0.015137
-0.023727,-0.023819,-0.010971,0.010635,0.014893,-0.012604
-0.019928,-0.028351,-0.020447,0.025131,0.015976,-0.0039215
-0.012634,-0.020828,-0.019028,0.039154,0.023773,0.0026093
-0.011597,-0.0186,0.0037842,0.045059,0.037582,-0.0027313
-0.019455,-0.023331,0.027985,0.031723,0.042786,-0.00032043
-0.020416,-0.0073242,0.032867,0.014862,0.03183,0.018829
-1.5259e-05,0.029129,0.025253,0.011368,0.01503,0.030334
0.028442,0.045868,0.025375,0.0075684,0.0098267,0.021408
0.040466,0.034805,0.027771,-0.0023651,0.0098419,0.014572
0.02977,0.02565,0.015457,-0.014893,0.0037994,0.02269
0.020905,0.028381,-0.0016022,-0.026321,-0.0093536,0.027725
0.033096,0.022034,-0.018982,-0.033371,-0.025558,0.02005
0.039642,0.0011444,-0.041199,-0.034683,-0.032715,0.0085754
0.013382,-0.018478,-0.048447,-0.029434,-0.027771,-0.0065308
-0.0224,-0.027084,-0.030426,-0.024994,-0.022385,-0.025726
-0.031097,-0.017532,-0.0070953,-0.013443,-0.028442,-0.032349
-0.014648,-0.0027924,0.0087585,0.015076,-0.030792,-0.026245
-0.0012817,0.00016785,0.029358,0.044113,-0.003418,-0.025696
-0.0056305,0.0095215,0.060715,0.05983,0.038879,-0.01535
-0.0033112,0.035126,0.082535,0.070236,0.065338,0.023804
0.028336,0.054443,0.08252,0.083969,0.075333,0.060776
0.057816,0.052368,0.074402,0.081512,0.082199,0.070023
0.05719,0.045364,0.062744,0.050323,0.084015,0.068649
0.049362,0.054138,0.039124,0.019241,0.064133,0.06871
0.047989,0.052582,0.010544,0.0020142,0.028687,0.055618
0.037949,0.021713,-0.013199,-0.019516,-0.002533,0.018951
0.016068,-0.0085754,-0.028809,-0.043655,-0.031647,-0.013916
-0.0060425,-0.022141,-0.035507,-0.045929,-0.048691,-0.024689
-0.020889,-0.026932,-0.037521,-0.028168,-0.040451,-0.037125
-0.035248,-0.035309,-0.02887,-0.010605,-0.020584,-0.043152
-0.044983,-0.040207,-0.0071259,0.0049591,-0.00083923,-0.027359
-0.039658,-0.032166,0.012146,0.014801,0.01442,-0.014191
-0.028046,-0.016586,0.018402,0.013336,0.021637,-0.0018616
-0.0094452,0.007309,0.013077,0.0057983,0.022202,0.020462
0.012756,0.022949,0.0015869,-0.0041962,0.01915,0.031876
0.022751,0.018967,-0.0052032,-0.015945,0.0081635,0.018768
0.023117,0.012009,-0.0046234,-0.031845,-0.013733,0.00022888
0.021576,0.015961,-0.014832,-0.040451,-0.03566,-0.0016022
0.019699,0.014099,-0.031677,-0.030746,-0.044205,-0.0031891
0.010406,-0.018356,-0.03334,-0.021835,-0.031387,-0.01622
-0.012527,-0.047836,-0.029739,-0.021866,-0.014938,-0.021759
-0.031662,-0.038162,-0.031174,-0.020508,-0.016632,-0.01825
-0.03392,-0.021042,-0.028351,-0.014206,-0.022797,-0.020798
-0.030548,-0.025085,-0.010193,-0.00085449,-0.018341,-0.028427
-0.026245,-0.022751,0.011902,0.0093079,-0.0028229,-0.025574
-0.018234,0.0068817,0.016006,0.0028992,0.0087433,-0.013245
-0.0083466,0.02919,0.012024,-0.014008,0.00047302,-0.0031433
0.0035858,0.021179,0.0053864,-0.021301,-0.018677,0.0040894
0.018448,0.0052795,-0.0070343,-0.014893,-0.032822,0.0022888
0.023651,-0.0014191,-0.018906,-0.021057,-0.031036,-0.0054169
0.0044708,-0.0040741,-0.029678,-0.043198,-0.028397,-0.00914
-0.021057,-0.01535,-0.033096,-0.04541,-0.044388,-0.020065
-0.031281,-0.036301,-0.030823,-0.023819,-0.059875,-0.038406
-0.033768,-0.047226,-0.031952,-0.0091248,-0.049393,-0.052383
-0.041351,-0.040344,-0.032822,-0.010559,-0.023758,-0.052872
-0.053192,-0.037766,-0.029419,-0.0088043,-0.012039,-0.042175
-0.05481,-0.04187,-0.022827,0.015976,-0.0057678,-0.034622
-0.040726,-0.037033,-0.011047,0.042191,0.015564,-0.024536
-0.024155,-0.031357,0.0017548,0.041489,0.041183,-0.0064545
-0.016068,-0.023987,0.0080109,0.029724,0.052109,0.011978
-0.010605,-0.0074005,0.013611,0.022339,0.039154,0.028412
0.0049591,0.0092621,0.018509,0.015549,0.018967,0.037964
0.024597,0.019592,0.010864,0.00074768,0.010757,0.031189
0.02858,0.022705,-0.002182,-0.022659,0.003479,0.016403
0.019638,0.020081,-0.0087433,-0.036865,-0.01532,0.0094299
0.01474,0.014557,-0.014359,-0.03772,-0.036606,0.0037231
0.013657,0.0094299,-0.024506,-0.036743,-0.043854,-0.0040283
0.016022,0.0029297,-0.035339,-0.037766,-0.034714,-0.0059662
0.019012,-0.0090637,-0.041077,-0.033554,-0.025452,-0.0017853
0.0066986,-0.025299,-0.038986,-0.017334,-0.02121,-0.00056458
-0.018234,-0.030411,-0.025299,0.0015411,-0.011612,-0.012451
-0.02829,-0.014252,9.1553e-05,0.022232,0.0011749,-0.020782
-0.013077,0.0021057,0.02948,0.044189,0.011536,-0.014236
0.0016632,0.0059967,0.054184,0.05603,0.0233,-0.0070801
0.0019684,0.018997,0.071655,0.065811,0.039612,0.0058746
0.0085449,0.054184,0.084503,0.077011,0.058929,0.030151
0.038208,0.078903,0.089371,0.077927,0.071167,0.050186
0.065353,0.064835,0.079224,0.059143,0.065826,0.060532
0.061722,0.041428,0.052246,0.030975,0.055298,0.065552
0.048096,0.041901,0.020859,0.017609,0.048737,0.064285
0.040497,0.044724,0.0010529,0.0097198,0.032898,0.050323
0.02858,0.01622,-0.011337,-0.0098877,0.0080414,0.019089
0.0074158,-0.022369,-0.026779,-0.027084,-0.015259,-0.014557
-0.017151,-0.034943,-0.038055,-0.025314,-0.028809,-0.033798
-0.032043,-0.029266,-0.033127,-0.013199,-0.027237,-0.037628
-0.037445,-0.026169,-0.01741,-0.011749,-0.016052,-0.030655
-0.036255,-0.028625,0.00042725,-0.012466,-0.0055389,-0.021896
-0.026611,-0.024048,0.014542,0.0063324,-4.5776e-05,-0.012024
-0.014145,-0.0037231,0.02005,0.020325,0.0074768,0.0038452
0.0023804,0.019241,0.018814,0.006485,0.01561,0.020538
0.018799,0.027084,0.010956,-0.0084686,0.013016,0.023651
0.022278,0.019257,0.00038147,-0.0091553,0.0041656,0.0121
0.01828,0.013916,-0.0053711,-0.0091248,-0.0036163,0.0030212
0.018433,0.018173,-0.004715,-0.014664,-0.015182,-0.0027466
0.014389,0.011627,-0.0077972,-0.018616,-0.027725,-0.013763
-0.0005188,-0.012344,-0.015915,-0.015396,-0.023361,-0.019836
-0.012299,-0.029358,-0.018524,-0.0077667,-0.0066071,-0.01033
-0.013901,-0.02446,-0.021103,-0.0034027,-0.0013275,-0.001236
-0.015076,-0.017227,-0.017242,-0.0059509,-0.0069122,-0.0079193
-0.022934,-0.023026,-0.00016785,-0.0071564,-0.010742,-0.014771
-0.0233,-0.019592,0.0062408,-0.0065155,-0.0042267,-0.0071564
-0.0084839,0.0053711,-0.0049591,-0.012329,0.0041656,0.0054779
0.0036011,0.024124,-0.011383,-0.020203,-0.0059967,0.0044861
0.0098724,0.015579,-0.0021362,-0.022018,-0.023315,-0.0061798
0.015167,0.0018921,0.00068665,-0.020508,-0.028152,-0.0086823
0.013809,0.0055237,-0.018448,-0.025558,-0.029572,-0.0090485
0.0055542,0.0041199,-0.035721,-0.036209,-0.03833,-0.013672
-0.0090332,-0.019501,-0.031433,-0.035858,-0.048096,-0.023285
-0.031464,-0.041168,-0.019058,-0.019928,-0.049576,-0.037994
-0.050491,-0.043961,-0.020386,-0.0049896,-0.04039,-0.049789
-0.052811,-0.042847,-0.03035,-0.0005188,-0.025696,-0.055908
-0.053314,-0.044739,-0.028397,0.0042114,-0.013855,-0.050613
-0.059845,-0.042847,-0.014633,0.024582,0.0019379,-0.039932
-0.051315,-0.038849,0.0037689,0.048203,0.030807,-0.028351
-0.028381,-0.02536,0.020355,0.045059,0.054001,-0.0017395
-0.0075684,-0.0010376,0.020187,0.024521,0.047943,0.028198
0.0087738,0.015137,0.01152,0.012299,0.024353,0.038574
0.023331,0.017868,0.010864,0.0040283,0.012558,0.035873
0.032196,0.016373,0.002243,-0.017776,0.0086212,0.033112
0.029968,0.018784,-0.023239,-0.048218,-0.011032,0.023743
0.021683,0.017075,-0.039856,-0.057098,-0.038773,0.0041809
0.0089264,-0.0028229,-0.036118,-0.044006,-0.052094,-0.014359
-0.0071869,-0.02179,-0.036346,-0.03862,-0.051468,-0.025757
-0.010345,-0.019836,-0.044403,-0.046097,-0.048187,-0.029968
0.0018463,-0.012054,-0.041214,-0.039459,-0.043457,-0.021423
0.0043488,-0.015823,-0.027618,-0.0041046,-0.025101,-0.0058594
-0.0097656,-0.021118,-0.0045319,0.035431,0.011597,-0.002182
-0.016769,-0.008194,0.028137,0.052368,0.03952,-0.003067
-0.0027313,0.014908,0.054718,0.050369,0.037445,0.0067596
0.01651,0.030228,0.063629,0.055542,0.032883,0.021805
0.020798,0.04184,0.070038,0.076859,0.052704,0.034195
0.026672,0.057068,0.087692,0.086868,0.074097,0.041733
0.048157,0.069489,0.089066,0.059235,0.064789,0.045258
0.058151,0.065674,0.058182,0.019363,0.034866,0.048431
0.049805,0.043701,0.021698,0.011292,0.020721,0.049606
0.044434,0.027115,0.0035248,0.017944,0.026413,0.043594
0.037674,0.022263,-0.0028229,0.0050354,0.025543,0.031067
0.014801,0.0024414,-0.018646,-0.018433,0.0068359,0.008316
-0.01503,-0.03157,-0.036667,-0.030045,-0.016113,-0.01564
-0.031769,-0.048477,-0.04335,-0.023407,-0.026764,-0.024094
-0.030075,-0.040436,-0.042236,-0.016327,-0.024628,-0.029572
-0.032745,-0.032349,-0.029205,-0.019699,-0.014633,-0.04039
-0.050323,-0.034485,-0.008606,-0.021088,-0.011139,-0.035187
-0.048096,-0.028168,0.00061035,-0.014236,-0.024948,-0.017639
-0.016434,-0.010406,-0.0028381,-0.012009,-0.032562,-0.011093
0.0038605,0.0021667,-0.00177,-0.019943,-0.021072,-0.0090637
-7.6294e-05,0.0092773,-0.00086975,-0.02005,-0.013123,-0.0033569
0.0021667,0.016052,-0.01059,-0.016571,-0.017563,-0.0019073
0.01796,0.013245,-0.018005,-0.020111,-0.018051,-0.0079651
0.016724,0.0031128,-0.018173,-0.017624,-0.014359,-0.014404
-0.0087128,-0.012802,-0.018539,-0.010284,-0.018753,-0.018799
-0.028259,-0.032303,-0.023544,-0.005127,-0.01947,-0.025406
-0.028549,-0.038055,-0.031219,-0.0052643,-0.0058746,-0.024155
-0.027817,-0.038773,-0.030518,-0.0077972,0.0014801,-0.011963
-0.034531,-0.042374,-0.016571,-0.0057678,-0.0092163,-0.010315
-0.037048,-0.034607,-0.0035706,-0.008606,-0.02002,-0.019974
-0.027176,-0.015213,-0.0076599,-0.018311,-0.02002,-0.016891
-0.0076752,0.0046997,-0.021606,-0.024826,-0.01474,0.00047302
0.0074463,0.011505,-0.020325,-0.027313,-0.016708,0.0058746
0.0099792,0.0065308,-0.003006,-0.029083,-0.031372,-0.0095367
0.0091248,0.0053406,-0.0054169,-0.028473,-0.040039,-0.018463
0.010132,0.0067902,-0.03064,-0.021515,-0.034729,-0.013718
0.006958,-0.00076294,-0.036148,-0.014847,-0.032135,-0.017075
-0.012619,-0.021515,-0.015167,-0.011948,-0.032593,-0.029068
-0.039612,-0.040054,-0.0032806,-0.0022278,-0.024963,-0.035583
-0.044785,-0.03978,-0.01384,0.017929,-0.016663,-0.036652
-0.039795,-0.03418,-0.018738,0.036957,-0.0076141,-0.038605
-0.045929,-0.035263,0.004715,0.046936,0.017227,-0.036789
-0.049911,-0.030167,0.034302,0.049728,0.045288,-0.021072
-0.0327,-0.0066528,0.041946,0.04834,0.056992,0.0081024
0.0088654,0.026154,0.03508,0.048035,0.057144,0.039108
0.039154,0.042496,0.029922,0.040726,0.051849,0.052383
0.037933,0.032761,0.030441,0.013824,0.039429,0.044556
0.034576,0.0215,0.02066,-0.016891,0.016724,0.043488
0.040863,0.026779,-0.015976,-0.032913,-0.0082703,0.047119
0.042465,0.025803,-0.050888,-0.045547,-0.026962,0.023941
0.021362,-0.0023041,-0.052521,-0.059097,-0.045486,-0.01738
-0.014328,-0.033737,-0.040329,-0.055939,-0.059341,-0.038513
-0.025421,-0.037201,-0.042252,-0.043304,-0.05748,-0.0289
-0.012848,-0.019257,-0.048141,-0.036041,-0.047958,-0.021698
-0.0039978,-0.0086517,-0.032104,-0.018021,-0.035645,-0.031082
-0.0059052,-0.013458,0.0041656,0.024048,-0.005722,-0.02536
-0.011734,-0.0097198,0.039093,0.066559,0.041748,0.0083771
0.00082397,0.018646,0.064926,0.074448,0.073303,0.037903
0.030548,0.052856,0.079178,0.063889,0.068649,0.044769
0.050415,0.064911,0.080124,0.074493,0.058975,0.050842
0.056641,0.064194,0.086975,0.089264,0.073547,0.064011
0.062943,0.07634,0.096359,0.07106,0.085022,0.068115
0.067444,0.084732,0.075378,0.030228,0.059143,0.05809
0.055344,0.062729,0.033829,0.0075073,0.014999,0.04126
0.037949,0.026306,0.0068512,0.013428,-0.0035706,0.027954
0.032028,0.010651,0.0060883,0.015991,0.016266,0.020782
0.021255,0.012146,0.010529,0.0044098,0.037842,0.014008
-0.0019073,-0.0025024,-0.0052338,-0.0010529,0.027313,0.0084229
-0.015747,-0.028046,-0.022797,0.0014191,0.010361,0.0091705
-0.0066223,-0.030914,-0.021606,0.0013733,0.010529,0.010696
0.0030212,-0.014099,-0.014679,-0.0079498,0.010208,0.0023193
-0.010483,-0.0051727,-0.011475,-0.019974,0.0019226,-0.0099182
-0.024216,-0.010757,-0.0075836,-0.023422,-0.01091,-0.012665
-0.017548,-0.016449,-0.0055847,-0.027512,-0.030884,-0.0097504
-0.0081024,-0.0098419,-0.0072632,-0.035645,-0.045731,-0.013351
-0.0089722,0.0030975,-0.0065765,-0.031708,-0.039001,-0.023621
-0.008606,0.010361,-0.0034485,-0.012115,-0.021423,-0.025421
0.0044556,0.010925,0.0020294,0.0034637,-0.0081024,-0.0112
0.014984,0.01059,0.0054169,0.0034485,0.001236,-0.00036621
0.010941,0.011063,0.0039978,0.002533,0.0099792,-0.0012817
0.0048676,0.0086212,0.0041351,0.011703,0.016083,0
0.0016937,-0.0007019,0.0010986,0.018341,0.016647,0.0016022
-0.0059509,-0.015656,-0.002182,0.010635,0.013977,-0.00035095
-0.020218,-0.024734,-0.0012207,-0.0075378,0.0064697,-0.0015869
-0.028564,-0.023254,-0.011063,-0.025284,-0.010651,-0.0032501
-0.024094,-0.022293,-0.02626,-0.035065,-0.031006,-0.0090637
-0.015076,-0.021149,-0.033676,-0.040329,-0.039764,-0.017395
-0.008194,-0.01297,-0.03389,-0.045853,-0.038757,-0.018524
-0.0090179,-0.0070648,-0.029266,-0.051941,-0.04274,-0.016724
-0.0098267,-0.0041504,-0.031921,-0.051453,-0.051102,-0.023987
-0.0015869,-0.0023651,-0.035187,-0.033752,-0.051834,-0.030518
0.0034332,-0.008194,-0.024139,-0.013901,-0.038284,-0.028854
-0.0097504,-0.015778,-0.013412,-0.010239,-0.020752,-0.028183
-0.029953,-0.021362,-0.007782,-0.0037537,-0.015289,-0.029755
-0.034546,-0.025604,-0.00039673,0.023254,-0.010361,-0.028015
-0.033859,-0.029465,0.0063934,0.05307,0.0094757,-0.023453
-0.04155,-0.035324,0.019958,0.059036,0.033524,-0.022034
-0.044357,-0.031616,0.032562,0.045883,0.045258,-0.015076
-0.029694,-0.0081329,0.031433,0.039734,0.044662,0.0097198
-9.1553e-05,0.024582,0.028931,0.037628,0.045563,0.031921
0.025513,0.039185,0.0298,0.020889,0.041138,0.033905
0.032227,0.030289,0.020721,-0.0081787,0.020828,0.02887
0.028625,0.024216,-0.0034637,-0.032822,-0.0032959,0.026703
0.032166,0.02063,-0.03035,-0.041306,-0.021011,0.026199
0.034286,0.005661,-0.047775,-0.048813,-0.030136,0.017319
0.012772,-0.019455,-0.06221,-0.064194,-0.042328,-0.0078125
-0.022003,-0.045074,-0.072845,-0.066864,-0.060516,-0.036407
-0.041687,-0.054153,-0.063889,-0.053818,-0.064804,-0.052139
-0.038773,-0.047943,-0.051514,-0.039017,-0.057175,-0.047302
-0.029434,-0.036072,-0.046616,-0.028488,-0.049332,-0.035843
-0.02533,-0.027496,-0.02446,-0.011581,-0.035156,-0.036575
-0.021255,-0.016464,0.015381,0.019348,-0.006958,-0.03006
-0.006958,0.011169,0.048248,0.046722,0.030258,0.0035858
0.016571,0.040695,0.061707,0.06366,0.056976,0.041275
0.037781,0.058411,0.070709,0.070801,0.065903,0.05452
0.053635,0.062836,0.085602,0.068176,0.064606,0.053482
0.062698,0.064972,0.084274,0.060211,0.058548,0.059952
0.060776,0.07222,0.057587,0.040665,0.051285,0.060196
0.049271,0.058502,0.025726,0.021225,0.034851,0.038727
0.030914,0.0215,0.0083923,0.01297,0.010651,0.015961
0.012421,-0.0050659,0.0039215,0.006073,0.00059509,0.0048828
0.0028076,-0.0054169,-0.0026245,0.00057983,0.0074615,-0.0010834
-0.00177,0.0014801,-0.0086823,0.0037842,0.014847,0.0014343
-0.0095978,-0.0091705,-0.0066376,0.012344,0.020676,0.010971
-0.008667,-0.024139,-3.0518e-05,0.011215,0.028824,0.018082
0.0081635,-0.01918,0.00061035,0.0036621,0.028961,0.025177
0.017227,0.005127,-0.011398,-0.00068665,0.019958,0.028015
0.012955,0.016708,-0.017258,-0.012314,0.0080414,0.014359
0.006134,-0.0058746,-0.0095673,-0.03067,-0.012817,-0.00035095
-0.0099792,-0.021194,-0.0078125,-0.038452,-0.035156,-0.0063324
-0.021912,-0.0093231,-0.016342,-0.033035,-0.048645,-0.025116
-0.02095,-0.00090027,-0.022781,-0.02774,-0.054352,-0.049332
-0.020508,-0.0049286,-0.014328,-0.026031,-0.047333,-0.050568
-0.016495,-0.0085297,-0.00032043,-0.016708,-0.028046,-0.032532
-0.010635,-0.0025635,0.0012512,0.0045929,-0.0050049,-0.015335
-0.0059967,0.0031586,0.00030518,0.02121,0.015488,-0.0059509
0.0024719,0.0023041,0.0065002,0.024872,0.030441,0.0030823
0.0076141,-0.00015259,0.011063,0.025452,0.035248,0.016037
0.0037842,-0.0061798,0.010788,0.017883,0.027359,0.02153
-0.0058136,-0.0093384,0.0028076,-0.0014191,0.011642,0.012238
-0.014572,-0.0090179,-0.014221,-0.024094,-0.012543,-0.00099182
-0.017761,-0.016602,-0.029373,-0.042816,-0.03894,-0.011154
-0.016693,-0.026627,-0.038727,-0.05426,-0.054871,-0.018829
-0.017151,-0.022446,-0.044998,-0.064148,-0.060699,-0.026871
-0.0168,-0.01004,-0.046204,-0.061478,-0.060562,-0.039886
-0.011856,-0.0099792,-0.037933,-0.036819,-0.057816,-0.044525
-0.0092468,-0.013458,-0.021072,-0.012024,-0.043854,-0.030502
-0.0068512,-0.0079498,-0.0061035,-0.0002594,-0.016037,-0.015121
-0.0032349,-0.0040894,0.00099182,0.017639,0.0081177,-0.011124
-0.006012,-0.0063019,0.011322,0.056442,0.026138,-0.012939
-0.015182,-0.011337,0.037674,0.088669,0.046005,-0.0073395
-0.026993,-0.015503,0.065521,0.086273,0.06488,0.0085144
-0.031387,-0.010605,0.066238,0.062714,0.071167,0.021317
-0.014587,0.010498,0.041794,0.04985,0.06073,0.030457
0.019424,0.036331,0.030762,0.046799,0.050064,0.038284
0.039917,0.042419,0.039078,0.01767,0.041275,0.037628
0.034546,0.030762,0.025787,-0.027985,0.017578,0.037338
0.031952,0.027115,-0.013763,-0.047058,-0.010391,0.040268
0.040451,0.02684,-0.046753,-0.042236,-0.023468,0.025513
0.035614,0.0046234,-0.055084,-0.044327,-0.029892,-0.0030823
0.0075684,-0.028168,-0.05127,-0.058777,-0.041092,-0.019531
-0.022003,-0.045334,-0.05751,-0.062042,-0.052658,-0.023743
-0.033646,-0.047852,-0.066193,-0.043274,-0.053986,-0.032761
-0.036133,-0.047043,-0.05455,-0.019302,-0.038712,-0.043091
-0.037476,-0.04216,-0.021149,-0.0021973,-0.017624,-0.03772
-0.03064,-0.024246,0.014359,0.012741,-0.0058899,-0.023392
-0.0087891,0.0078735,0.037689,0.026245,0.0035553,-0.0075836
0.015778,0.041321,0.051849,0.040359,0.026291,0.016296
0.032974,0.063828,0.071106,0.062561,0.055984,0.04158
0.054108,0.07338,0.099854,0.078232,0.069916,0.058868
0.076324,0.0802,0.10896,0.07132,0.066498,0.068878
0.085663,0.093262,0.081726,0.05188,0.062149,0.075775
0.079483,0.091232,0.051071,0.042419,0.06134,0.076294
0.064941,0.059799,0.044495,0.048264,0.061005,0.062958
0.047623,0.025986,0.042725,0.043869,0.053696,0.03952
0.026596,0.012177,0.024933,0.026337,0.036575,0.018814
0.0077209,0.0099945,0.0036469,0.015884,0.024643,0.013092
-0.0020294,0.0024261,-0.0027313,0.0095978,0.025604,0.01564
-0.0036163,-0.0082245,0.0074921,0.0052338,0.029404,0.012802
-0.0022736,-0.012222,0.013748,0.0062714,0.026413,0.01384
0.0024719,-0.0068817,0.0037842,0.0070038,0.020538,0.024536
0.017166,0.0067444,-0.006546,-0.0013428,0.021179,0.033951
0.031799,0.016113,-0.0062103,-0.019882,0.014603,0.030899
0.031982,0.012894,-0.0054321,-0.034668,-0.0081024,0.017563
0.020798,0.0047455,-0.013977,-0.036194,-0.025818,0.0056915
0.0054932,0.0031738,-0.018829,-0.031754,-0.031799,-0.0077667
-0.0085907,0.0043335,-0.0095367,-0.029541,-0.034958,-0.02771
-0.021698,-0.0025787,-3.0518e-05,-0.023407,-0.036423,-0.045029
-0.030029,-0.0094147,0.00093079,-0.007019,-0.02948,-0.046219
-0.021912,-0.0058594,0.004776,0.009201,-0.0079498,-0.028961
-0.0093536,0.0040283,0.017487,0.020508,0.018875,-0.0084229
-0.0042572,0.0080872,0.028793,0.032349,0.036621,0.0061493
0.0042267,0.0071259,0.030121,0.032471,0.039825,0.020126
0.015503,0.012589,0.020523,0.010834,0.032074,0.032211
0.023087,0.016525,0.0022125,-0.014175,0.017365,0.030121
0.019241,0.006958,-0.014221,-0.027237,-0.0027466,0.014496
0.00099182,-0.010208,-0.021866,-0.039169,-0.024857,-0.00013733
-0.016144,-0.023453,-0.034927,-0.057556,-0.049149,-0.014923
-0.02298,-0.028915,-0.054611,-0.066666,-0.070679,-0.035248
-0.026566,-0.027679,-0.058563,-0.062347,-0.075165,-0.05394
-0.034164,-0.025375,-0.042587,-0.051865,-0.065445,-0.063858
-0.038544,-0.027969,-0.022156,-0.033661,-0.055634,-0.055542
-0.031021,-0.026871,-0.010666,-0.010956,-0.038269,-0.03244
-0.018372,-0.013489,-0.0045776,0.020035,-0.001297,-0.017624
-0.0068207,0.0016632,0.016632,0.05867,0.041626,-0.013458
-4.5776e-05,0.0065308,0.053696,0.082794,0.066299,-0.00016785
-0.002243,0.0075531,0.078506,0.081421,0.071335,0.025955
0.00042725,0.016708,0.075241,0.070755,0.072754,0.052399
0.018311,0.029556,0.056488,0.06134,0.072876,0.059525
0.032928,0.034515,0.039673,0.040878,0.060181,0.044235
0.030823,0.034683,0.026886,0.0015259,0.031418,0.031204
0.023514,0.030792,0.0037537,-0.039856,-0.0011444,0.027405
0.023941,0.017593,-0.031342,-0.058334,-0.022415,0.020844
0.025162,0.0012817,-0.052979,-0.057495,-0.032135,0.0049896
0.011459,-0.013336,-0.057831,-0.057236,-0.040573,-0.017059
-0.0094147,-0.023941,-0.063766,-0.061279,-0.045212,-0.029388
-0.016251,-0.036255,-0.062195,-0.059631,-0.042831,-0.024963
-0.016266,-0.050919,-0.049118,-0.038132,-0.038864,-0.020264
-0.029587,-0.049072,-0.040039,-0.005661,-0.027649,-0.029312
-0.041794,-0.036377,-0.026794,0.0094452,-0.0088959,-0.03595
-0.031769,-0.028748,0.0027771,0.0057526,0.0030823,-0.022461
-0.011841,-0.010254,0.028427,0.0048065,0.0032349,0.00074768
0.0071106,0.025818,0.036972,0.018799,0.0065613,0.015259
0.026154,0.05629,0.047913,0.036163,0.023392,0.020584
0.041595,0.067535,0.071457,0.039413,0.040039,0.032394
0.056915,0.070572,0.084946,0.033371,0.042511,0.048706
0.071365,0.077606,0.067917,0.032745,0.036591,0.054352
0.074051,0.077148,0.042191,0.041061,0.037537,0.052185
0.056625,0.053284,0.038101,0.043823,0.043121,0.047333
0.027267,0.016617,0.039749,0.035446,0.046997,0.035767
0.0061951,-0.0095825,0.020386,0.030624,0.047501,0.017059
-0.0074463,-0.01503,-0.0088043,0.024994,0.033417,-0.00071716
-0.016998,-0.015594,-0.022461,0.0048981,0.013474,-0.0045471
-0.020584,-0.026337,-0.017273,-0.018417,0.0037842,-0.001297
-0.025024,-0.031616,-0.012909,-0.024475,-0.00062561,-0.0080261
-0.020889,-0.021576,-0.019043,-0.019562,-0.004837,-0.011703
-0.0049896,-0.012802,-0.024765,-0.025223,-0.012527,0.0036469
0.0048676,-0.013428,-0.023697,-0.040054,-0.020981,0.016632
0.0076599,-0.0090179,-0.020966,-0.045639,-0.024841,0.0073395
0.011459,0.00021362,-0.027435,-0.035385,-0.030746,-0.0070953
0.010864,-0.0045471,-0.034561,-0.033005,-0.035156,-0.013351
-0.0024719,-0.01683,-0.031052,-0.042252,-0.034897,-0.021637
-0.027954,-0.022888,-0.02832,-0.03096,-0.035721,-0.038254
-0.045563,-0.024963,-0.023499,-0.011627,-0.032913,-0.053497
-0.04422,-0.024734,-0.014328,-0.0085449,-0.026443,-0.054718
-0.039673,-0.025436,-0.0095978,-0.0044403,-0.016693,-0.042358
-0.034744,-0.025589,-0.00059509,0.008606,0.0015259,-0.024078
-0.02713,-0.016312,0.011078,0.014496,0.014984,-0.0063324
-0.017212,-0.0022736,0.0058441,0.0010986,0.0072632,0.0063477
0.00010681,1.5259e-05,-0.016525,-0.022415,-0.011078,0.0061646
0.01059,-0.012848,-0.03685,-0.038361,-0.023071,-0.0040283
-0.00099182,-0.025482,-0.042496,-0.048386,-0.035416,-0.0097351
-0.024353,-0.03093,-0.04921,-0.064362,-0.059326,-0.019989
-0.038483,-0.037781,-0.072906,-0.078094,-0.082153,-0.04364
-0.041931,-0.047745,-0.08577,-0.073242,-0.088608,-0.069931
-0.051468,-0.054779,-0.0681,-0.055389,-0.083145,-0.08699
-0.06311,-0.053299,-0.043015,-0.038788,-0.075882,-0.08017
-0.063141,-0.044571,-0.028793,-0.018372,-0.059601,-0.057388
-0.049973,-0.037079,-0.012283,0.022873,-0.018387,-0.042664
-0.032944,-0.025711,0.023117,0.072144,0.031784,-0.034607
-0.025192,-0.0011444,0.061798,0.092819,0.063187,-0.0121
-0.010406,0.021927,0.081573,0.085373,0.072937,0.02887
0.018341,0.036163,0.081955,0.077744,0.074295,0.057312
0.036743,0.045731,0.065491,0.069611,0.073471,0.054138
0.036438,0.040253,0.03714,0.037537,0.051987,0.042572
0.024918,0.023621,0.0081329,-0.016006,0.0070038,0.03569
0.018967,0.011856,-0.021362,-0.056915,-0.034012,0.02179
0.0177,0.0030823,-0.056,-0.072678,-0.051331,-0.0016632
0.00383,-0.019333,-0.082993,-0.076797,-0.05397,-0.024841
-0.02037,-0.046127,-0.087341,-0.07486,-0.063965,-0.038345
-0.037231,-0.051514,-0.077362,-0.065933,-0.071365,-0.04837
-0.035492,-0.047028,-0.066696,-0.048492,-0.058594,-0.05278
-0.032349,-0.0504,-0.056717,-0.019791,-0.035797,-0.042374
-0.041946,-0.058044,-0.038162,0.015701,-0.009903,-0.031799
-0.047897,-0.052246,-0.0037231,0.034698,0.010666,-0.026428
-0.033768,-0.019714,0.030594,0.029526,0.014236,-0.013
-0.0056152,0.019318,0.041885,0.028198,0.01738,0.012833
0.021439,0.041946,0.0401,0.040894,0.030899,0.035309
0.042358,0.04953,0.054016,0.042297,0.035095,0.042969
0.054306,0.063538,0.074997,0.022812,0.023849,0.045517
0.063126,0.092148,0.071701,0.014542,0.017685,0.045853
0.076462,0.097137,0.049469,0.03212,0.027618,0.045349
0.080093,0.067017,0.040924,0.049973,0.040131,0.048782
0.063751,0.043106,0.048996,0.054489,0.047028,0.050018
0.03949,0.037613,0.049683,0.054306,0.054733,0.042221
0.021912,0.02684,0.041199,0.059128,0.063721,0.031113
0.010712,0.002243,0.027267,0.057465,0.064743,0.026337
-0.0027466,-0.014801,0.0082092,0.035919,0.049438,0.022476
-0.012924,-0.015381,-0.0039673,0.0083771,0.026611,0.016068
-0.012253,-0.017166,-0.010315,-0.011246,0.011139,0.0094147
-0.0097351,-0.021606,-0.018219,-0.023804,-0.001236,0.0012207
-0.010223,-0.017548,-0.028214,-0.0336,-0.017792,-0.00088501
-0.0034485,-0.0082703,-0.030884,-0.039566,-0.026825,0.0012207
0.0095825,-0.0024719,-0.018021,-0.035263,-0.023987,0.0015717
0.016586,0.00021362,-0.011047,-0.024231,-0.023865,0.0020752
0.018188,0.0069733,-0.016251,-0.021332,-0.025146,-0.0024414
0.014374,0.01445,-0.0075226,-0.018784,-0.017014,-0.0081482
0.0039673,0.0090027,0.010284,0.00074768,-0.0058746,-0.00914
-0.0063171,-0.0031128,0.01001,0.017593,0.001709,-0.011093
-0.012131,-0.0074615,-0.0015259,0.01619,0.01062,-0.013641
-0.014572,-0.0037994,0.0050049,0.013321,0.019165,-0.01181
-0.018478,0.0016632,0.021866,0.015518,0.017715,-0.0065002
-0.015839,0.00036621,0.019333,0.010971,0.0069733,-0.00012207
-0.00041199,-0.0023346,0.002243,-0.0031128,1.5259e-05,0.007431
0.0086975,0.00035095,-0.010895,-0.016068,-0.00082397,0.010345
0.0058289,7.6294e-05,-0.017838,-0.026489,-0.010468,0.0063019
0.0064087,-0.0048981,-0.024872,-0.039459,-0.030411,0.0018311
0.0075226,-0.0095978,-0.033493,-0.0495,-0.047562,-0.0048828
0.0002594,-0.012726,-0.040665,-0.049957,-0.05545,-0.020691
-0.014969,-0.016403,-0.046036,-0.04451,-0.054764,-0.04335
-0.031036,-0.024643,-0.043518,-0.03775,-0.050308,-0.054276
-0.036942,-0.034729,-0.031342,-0.024216,-0.042068,-0.045593
-0.037567,-0.037079,-0.017914,0.0053864,-0.02623,-0.036224
-0.037399,-0.027832,0.0051727,0.042999,0.0018921,-0.031464
-0.033859,-0.010818,0.041611,0.066452,0.042603,-0.02005
-0.023087,0.0077209,0.071609,0.079254,0.070282,0.005188
0.004425,0.02655,0.087875,0.091034,0.072647,0.042252
0.036514,0.05101,0.090958,0.086533,0.075394,0.065353
0.054825,0.066833,0.075989,0.062347,0.080383,0.0616
0.056976,0.057404,0.047424,0.028931,0.063797,0.052567
0.045975,0.039413,0.013855,-0.0070496,0.021347,0.046051
0.033295,0.022507,-0.019791,-0.038574,-0.019272,0.031509
0.021027,-0.0032196,-0.050369,-0.06221,-0.037796,0.0048065
0.00041199,-0.030167,-0.074677,-0.075638,-0.049469,-0.023178
-0.025314,-0.042801,-0.083633,-0.079788,-0.060455,-0.039444
-0.039429,-0.044754,-0.074219,-0.072998,-0.066788,-0.046539
-0.036087,-0.045715,-0.056061,-0.049225,-0.064255,-0.048615
-0.033463,-0.045029,-0.039246,-0.015564,-0.040924,-0.047699
-0.038635,-0.042618,-0.024445,0.011536,-0.0052795,-0.039795
-0.03862,-0.034851,0.00091553,0.022079,0.015579,-0.019897
-0.023682,-0.010666,0.027863,0.025757,0.014313,7.6294e-05
0.0053864,0.022629,0.037201,0.035492,0.019394,0.011215
0.030548,0.040298,0.044205,0.040482,0.037399,0.02504
0.038971,0.04068,0.052551,0.027924,0.037659,0.0466
0.04541,0.049759,0.048203,0.0069275,0.018021,0.055145
0.056885,0.074463,0.041153,-0.0029449,0.0012512,0.041885
0.060806,0.082321,0.039536,0.0087738,0.005661,0.026962
0.055099,0.05275,0.039276,0.027466,0.022247,0.023911
0.041199,0.020035,0.035172,0.034912,0.02739,0.027878
0.020462,0.01799,0.029343,0.037338,0.03244,0.027542
0.0070496,0.024673,0.025391,0.041153,0.045654,0.016495
0.0043488,0.0076752,0.016525,0.043274,0.051453,0.0053864
-0.0029602,-0.024078,0.0056,0.034775,0.045532,0.0078888
-0.017654,-0.037201,-0.0037842,0.011536,0.028809,0.015884
-0.025589,-0.027023,-0.013992,-0.012329,0.007019,0.011993
-0.021759,-0.019745,-0.028427,-0.03183,-0.014511,-0.0066986
-0.015732,-0.024902,-0.045013,-0.048279,-0.036301,-0.025238
-0.017014,-0.030518,-0.04245,-0.057297,-0.05159,-0.028336
-0.022385,-0.022141,-0.026794,-0.057281,-0.055847,-0.022232
-0.016556,-0.0093079,-0.029617,-0.046524,-0.050064,-0.021835
-0.0029907,-0.010269,-0.0392,-0.034149,-0.037537,-0.023636
-0.0032959,-0.014542,-0.028183,-0.024231,-0.02533,-0.023666
-0.013824,-0.012543,-0.008606,-0.0079956,-0.01535,-0.02356
-0.016663,-0.011169,-0.0050049,0.0075226,-0.0017548,-0.017105
-0.01442,-0.018097,-0.014603,0.010849,0.014114,-0.0090637
-0.018463,-0.024902,-0.015671,0.0043335,0.01445,-0.0077362
-0.026642,-0.020264,-0.0036163,-0.0015411,-0.0040131,-0.01416
-0.030426,-0.015198,0.00080872,-0.0050659,-0.019897,-0.022202
-0.027191,-0.016586,-0.013748,-0.015274,-0.0233,-0.022263
-0.020447,-0.021332,-0.030334,-0.032974,-0.024475,-0.01825
-0.016708,-0.024033,-0.034409,-0.047562,-0.030746,-0.01503
-0.014755,-0.019669,-0.037048,-0.047714,-0.043457,-0.014664
-0.0096588,-0.019348,-0.05014,-0.041595,-0.057236,-0.01889
-0.0069427,-0.025284,-0.059341,-0.044876,-0.057495,-0.026413
-0.01358,-0.024246,-0.049484,-0.051407,-0.04895,-0.039261
-0.024216,-0.022247,-0.034729,-0.041245,-0.045853,-0.047028
-0.034744,-0.030304,-0.030334,-0.0082245,-0.043854,-0.040161
-0.045258,-0.042389,-0.022842,0.028107,-0.027115,-0.038696
-0.048691,-0.042877,0.0034943,0.047775,0.0090485,-0.047775
-0.047211,-0.023911,0.04097,0.055054,0.041504,-0.03743
-0.039841,0.0028076,0.070068,0.067215,0.051498,0.0020142
-0.011871,0.024612,0.080887,0.087402,0.055038,0.041748
0.031952,0.042786,0.080261,0.091751,0.071716,0.054626
0.060623,0.059525,0.069702,0.060654,0.082275,0.055252
0.059402,0.06543,0.045273,0.014053,0.058533,0.061813
0.053482,0.05423,0.012512,-0.014771,0.013748,0.057877
0.053268,0.030182,-0.022171,-0.027634,-0.019073,0.035431
0.037766,-0.00094604,-0.053375,-0.049789,-0.031723,0.0071259
-0.00018311,-0.031052,-0.078598,-0.078934,-0.044067,-0.018524
-0.035278,-0.050278,-0.093781,-0.091034,-0.06694,-0.042236
-0.045105,-0.056335,-0.084656,-0.074402,-0.083511,-0.059128
-0.04866,-0.054092,-0.055908,-0.037872,-0.073441,-0.063736
-0.055893,-0.050247,-0.032547,-0.0040588,-0.038376,-0.063614
-0.052261,-0.0495,-0.014084,0.013107,-0.0071716,-0.052643
-0.039627,-0.035339,0.008667,0.021194,0.0056,-0.021225
-0.01915,0.004303,0.033432,0.035736,0.017853,0.0087738
0.011703,0.041901,0.057175,0.052811,0.033279,0.017746
0.040573,0.053497,0.065842,0.051819,0.041245,0.02562
0.057266,0.053452,0.057312,0.028473,0.038559,0.052841
0.064575,0.062408,0.045288,0.0061493,0.027405,0.074478
0.064392,0.072754,0.034256,0.0043793,0.016937,0.062775
0.05777,0.063522,0.027222,0.01181,0.012863,0.035431
0.048615,0.036667,0.025192,0.018021,0.014969,0.019226
0.034348,0.016846,0.02005,0.024628,0.023468,0.020615
0.015289,0.010269,0.011841,0.0289,0.034546,0.026672
-0.00085449,0.0024872,0.013184,0.034149,0.036041,0.015762
-0.0088043,-0.0042267,0.017227,0.039032,0.029419,-0.0047455
-0.0080261,-0.0072632,0.012665,0.036331,0.033417,-0.0065765
-0.0071716,-0.014023,0.0072479,0.023712,0.040329,0.011185
-0.013489,-0.021774,-0.00033569,0.0011444,0.024643,0.021408
-0.019211,-0.023987,-0.017853,-0.023605,-0.0081482,0.0061493
-0.017914,-0.020737,-0.040573,-0.044281,-0.036957,-0.018097
-0.018311,-0.023743,-0.052521,-0.058868,-0.054031,-0.029663
-0.024628,-0.034134,-0.049194,-0.062698,-0.061447,-0.035568
-0.026321,-0.03421,-0.041534,-0.054871,-0.0625,-0.0392
-0.023788,-0.022369,-0.034286,-0.042282,-0.054901,-0.036407
-0.025162,-0.012802,-0.028198,-0.026703,-0.037109,-0.0336
-0.020813,-0.013428,-0.022095,-0.004715,-0.012558,-0.027481
-0.0088501,-0.01915,-0.011185,0.01622,0.010178,-0.014893
-0.0034485,-0.014999,0.00383,0.025665,0.025558,0.0013123
-0.0054016,-0.0036469,0.011856,0.018234,0.030243,0.014755
-0.0066681,-0.0013275,0.0011902,0.0032501,0.016785,0.014694
-0.0073395,-0.011215,-0.020218,-0.0050354,-0.0059052,0.0026245
-0.014069,-0.027039,-0.03035,-0.013733,-0.020279,-0.01622
-0.021576,-0.031708,-0.027832,-0.033539,-0.029556,-0.028076
-0.022049,-0.020416,-0.02977,-0.056763,-0.04747,-0.022476
-0.020401,-0.014618,-0.043686,-0.06015,-0.066528,-0.019638
-0.018631,-0.022919,-0.055679,-0.041168,-0.064713,-0.0327
-0.018158,-0.02774,-0.04393,-0.027954,-0.045227,-0.045578
-0.017502,-0.014893,-0.019028,-0.025635,-0.032303,-0.040649
-0.012909,0.0019531,-0.0058746,-0.011581,-0.029388,-0.023361
-0.010895,-0.0028687,-0.0027771,0.021515,-0.013901,-0.012863
-0.018356,-0.024994,0.0039063,0.052902,0.018753,-0.01445
-0.034073,-0.034378,0.020035,0.062073,0.042557,-0.018509
-0.039352,-0.019958,0.03862,0.057205,0.044968,-0.011139
-0.0224,0.0063477,0.055359,0.057709,0.038849,0.009491
-0.0022888,0.02298,0.07077,0.064926,0.042633,0.029724
0.011658,0.027008,0.069778,0.061005,0.054276,0.037552
0.029282,0.039734,0.048294,0.03688,0.052246,0.038071
0.051544,0.056564,0.02417,0.005661,0.03389,0.044846
0.062164,0.053589,0.0022888,-0.018433,0.0093994,0.047073
0.050079,0.024902,-0.020737,-0.029099,-0.0088806,0.033524
0.029205,-0.0068512,-0.047714,-0.036469,-0.017441,0.015839
0.0088043,-0.024963,-0.073334,-0.054108,-0.030334,-0.0065765
-0.014908,-0.041199,-0.080368,-0.068619,-0.049347,-0.033768
-0.038147,-0.051529,-0.067505,-0.057587,-0.064545,-0.048981
-0.050888,-0.047363,-0.04187,-0.022903,-0.057281,-0.051346
-0.049744,-0.03801,-0.0085144,0.0062256,-0.026245,-0.050919
-0.03801,-0.024765,0.018829,0.015869,-0.0050201,-0.042892
-0.01709,0.0014038,0.031845,0.027649,0.004303,-0.015686
0.0069733,0.036118,0.046158,0.053238,0.028595,0.019424
0.028412,0.056915,0.073837,0.070343,0.058975,0.038544
0.055069,0.065079,0.089066,0.058868,0.063446,0.049835
0.0867,0.078339,0.07399,0.035812,0.044083,0.068237
0.097519,0.090424,0.048691,0.023651,0.036835,0.083252
0.078979,0.084091,0.039978,0.02211,0.044571,0.079773
0.059326,0.05751,0.049393,0.027725,0.040604,0.056564
0.053452,0.033752,0.047791,0.031464,0.030029,0.036392
0.04364,0.027298,0.025726,0.028,0.032562,0.034393
0.02301,0.024612,0.0087585,0.027298,0.044678,0.035385
0.0074615,0.010956,0.012878,0.032394,0.049393,0.02507
0.00021362,-0.0065308,0.022079,0.037323,0.046677,0.0083771
-0.0011444,-0.0090637,0.017914,0.035294,0.044434,0.006073
0.0078888,0.00015259,0.0081482,0.022598,0.036102,0.023865
0.017212,0.0072174,0.0070801,0.0045319,0.02269,0.03447
0.012238,0.0076599,0.011963,-0.011124,0.01059,0.020935
0.0015564,0.0040588,0.0068207,-0.022156,-0.0070953,-0.0019073
-0.0016479,0.0018311,-0.011398,-0.028931,-0.032608,-0.012634
-0.0011444,-0.0018921,-0.025742,-0.0401,-0.050201,-0.013901
-0.0054474,-0.0084381,-0.02536,-0.053619,-0.05188,-0.025467
-0.017975,-0.013,-0.020157,-0.044098,-0.045288,-0.040405
-0.029114,-0.016937,-0.020172,-0.014435,-0.029053,-0.038849
-0.02536,-0.024124,-0.02095,0.0049438,-0.0005188,-0.021286
-0.011841,-0.024551,-0.015839,0.0077515,0.024307,-0.002182
-0.0030823,-0.0096436,-0.0020294,0.011169,0.032303,0.0098572
0.0036774,0.0043793,0.015656,0.021545,0.034241,0.021927
0.012543,0.006958,0.022797,0.020203,0.034897,0.031708
0.016068,0.007782,0.0092163,0.0021667,0.022858,0.028198
0.014496,0.0081635,-0.0093994,-0.014862,-0.0010986,0.013077
0.0067291,0.0017242,-0.017288,-0.031784,-0.025223,-0.0032043
-0.0045624,-0.006958,-0.026169,-0.050964,-0.045334,-0.013901
-0.0103,-0.012039,-0.037552,-0.062378,-0.064453,-0.025925
-0.016235,-0.01973,-0.043579,-0.060638,-0.074478,-0.042191
-0.026321,-0.023453,-0.044083,-0.045898,-0.0625,-0.050125
-0.027023,-0.011642,-0.031097,-0.027634,-0.038651,-0.042175
-0.011292,-0.00045776,-0.0050812,-0.0018768,-0.019196,-0.025482
0.00024414,-0.0022736,0.022507,0.037857,0.0046844,-0.011429
-0.0083923,-0.0045624,0.043945,0.073151,0.04509,-0.0020447
-0.017273,0.002121,0.056763,0.086868,0.080582,0.012802
-0.010239,0.012207,0.065506,0.08345,0.084671,0.032654
0.0024261,0.021545,0.074799,0.078583,0.068634,0.040909
0.012924,0.0327,0.082428,0.072037,0.058334,0.037521
0.02124,0.041611,0.076248,0.049347,0.056702,0.034805
0.031219,0.045609,0.048172,0.011993,0.041779,0.037857
0.047256,0.049164,0.011963,-0.020065,0.010559,0.045242
0.056183,0.043625,-0.014008,-0.036118,-0.011749,0.039734
0.046326,0.017853,-0.034485,-0.043701,-0.018753,0.017227
0.024734,-0.012619,-0.055374,-0.053528,-0.022125,-0.00088501
0.0012817,-0.029709,-0.071564,-0.064438,-0.032242,-0.011566
-0.018326,-0.041733,-0.082581,-0.063614,-0.045868,-0.023926
-0.039551,-0.058517,-0.075058,-0.046188,-0.046997,-0.040588
-0.061142,-0.069519,-0.045624,-0.018906,-0.033997,-0.058289
-0.067734,-0.056625,-0.011368,0.0045166,-0.02211,-0.061462
-0.055069,-0.025635,0.021118,0.013748,-0.018814,-0.04364
-0.027573,0.0032501,0.043198,0.01857,-0.0077515,-0.021042
0.0025635,0.033371,0.054413,0.033875,0.018066,-0.0038452
0.02475,0.063156,0.06749,0.051422,0.040878,0.019745
0.048477,0.073318,0.07933,0.05069,0.048447,0.048752
0.077469,0.06897,0.072342,0.031601,0.040985,0.068481
0.09462,0.074081,0.044617,0.012604,0.035294,0.075577
0.086975,0.077698,0.02298,0.0075378,0.038467,0.070801
0.058578,0.050064,0.021805,0.014511,0.036362,0.060165
0.030258,0.011612,0.022339,0.017136,0.029175,0.043396
0.016617,-0.0021057,0.0094299,0.0098419,0.023041,0.018936
0.0066223,-0.00061035,-0.0061493,0.0078125,0.019913,0.0021973
-0.0072021,-0.0067596,-0.008606,0.009491,0.022583,0.0014648
-0.018311,-0.017395,-0.0027771,0.0095062,0.027573,0.0043182
-0.015213,-0.02005,-0.00086975,0.014008,0.025803,0.0018158
0.0039673,-0.014648,-0.0045624,0.0096893,0.016357,0.0054626
0.018768,-0.0020294,-0.0082855,-0.0093231,0.009079,0.019547
0.016052,0.012863,-0.0065308,-0.028961,0.0033569,0.023621
0.0055237,0.014893,-0.0050507,-0.035263,-0.012451,0.0071106
0.00013733,0.0012665,-0.010376,-0.031128,-0.037521,-0.013092
-0.0026855,-0.010422,-0.018951,-0.037155,-0.053116,-0.023453
-0.014893,-0.010117,-0.024185,-0.048904,-0.053162,-0.031097
-0.033279,-0.011948,-0.023041,-0.046936,-0.049988,-0.044708
-0.040161,-0.026031,-0.027283,-0.028763,-0.044434,-0.053802
-0.034622,-0.042114,-0.039673,-0.0090942,-0.026611,-0.045639
-0.03334,-0.047348,-0.040924,-0.00033569,0.0027618,-0.027145
-0.03685,-0.03952,-0.022766,0.0039215,0.023788,-0.0084381
-0.029022,-0.02623,-0.003006,0.005249,0.0224,0.0041504
-0.0076904,-0.013718,-0.0050964,0.0019684,0.010239,0.008728
0.0073242,-0.0075378,-0.018402,-0.0047455,0.0027313,0.0067444
0.0019989,-0.010788,-0.019928,-0.019531,-0.004364,0.0043182
-0.0096893,-0.014938,-0.018417,-0.041443,-0.026917,0.00045776
-0.011078,-0.011658,-0.029297,-0.056671,-0.061813,-0.019135
-0.014175,-0.010788,-0.04895,-0.059753,-0.083282,-0.045441
-0.03154,-0.026962,-0.060715,-0.064499,-0.081177,-0.061798
-0.047226,-0.042145,-0.052505,-0.063843,-0.072144,-0.066879
-0.043701,-0.033768,-0.034393,-0.039627,-0.064774,-0.060745
-0.0298,-0.016739,-0.022888,-0.0010223,-0.042755,-0.046341
-0.023407,-0.012222,-0.0054626,0.036346,0.003479,-0.025345
-0.021271,-0.017242,0.033325,0.06723,0.050598,-0.0056915
-0.012253,-0.0091095,0.069626,0.086884,0.073898,0.011002
0.00091553,0.017288,0.076187,0.090851,0.078735,0.03717
0.011322,0.035828,0.065414,0.085983,0.079575,0.057495
0.017715,0.0327,0.063568,0.070328,0.072922,0.051605
0.020172,0.026718,0.060425,0.033081,0.050598,0.036163
0.025345,0.032272,0.031479,-0.0078888,0.019485,0.029572
0.03569,0.034393,-0.0095215,-0.028915,-0.0071259,0.028915
0.03627,0.018509,-0.035767,-0.036774,-0.022751,0.022858
0.025146,-0.0052338,-0.049332,-0.052231,-0.03154,0.0064087
0.013168,-0.017517,-0.064041,-0.072144,-0.038757,-0.010345
0.0015106,-0.024399,-0.076981,-0.072357,-0.046432,-0.020569
-0.014587,-0.04097,-0.078369,-0.05275,-0.052948,-0.032318
-0.039063,-0.056763,-0.066025,-0.030441,-0.05191,-0.048279
-0.061371,-0.062973,-0.046295,-0.016296,-0.039368,-0.060211
-0.070618,-0.05986,-0.025177,-0.01033,-0.024231,-0.060577
-0.066452,-0.042023,0.0023651,0.0042877,-0.021896,-0.047775
-0.043015,-0.010056,0.032639,0.026337,-0.020645,-0.031952
-0.0077362,0.027267,0.053024,0.037231,0.00053406,-0.018036
0.024872,0.056259,0.064453,0.03717,0.027756,0.0074615
0.053009,0.070389,0.07019,0.034958,0.035492,0.044052
0.072174,0.080734,0.068298,0.036514,0.031326,0.068039
0.084259,0.087494,0.059982,0.036942,0.038345,0.067001
0.087296,0.073914,0.045227,0.028687,0.047836,0.05777
0.067307,0.043488,0.024841,0.023666,0.0439,0.056976
0.030334,0.015381,0.010513,0.026016,0.036636,0.052277
0.00057983,-0.0042725,0.0055237,0.020309,0.031662,0.029999
-0.0066376,-0.015747,-0.0032196,0.0086365,0.023605,0.0045319
-0.0036011,-0.01915,-0.012299,0.0054932,0.0168,-0.006485
-0.010376,-0.019257,-0.0099945,0.010483,0.017212,-0.0018005
-0.0159,-0.015869,-0.0028839,0.012405,0.021851,0.012451
0.0017548,-0.0042572,0.0005188,0.0028076,0.019409,0.017761
0.031113,0.011215,0.00013733,-0.0079193,0.0082092,0.013855
0.036575,0.022064,0.0010529,-0.0080261,-0.0010681,0.017349
0.017242,0.025848,0.008728,-0.008194,-0.0055389,0.017044
0.0081482,0.023758,0.014725,-0.014099,-0.010605,0.0060272
0.013046,0.017395,0.0091095,-0.02002,-0.023056,-0.0056458
0.0048218,0.0070343,0.00019836,-0.020386,-0.033371,-0.014511
-0.019577,-0.003418,-0.0019073,-0.01297,-0.030029,-0.026428
-0.034103,-0.011948,-0.003479,-0.0072174,-0.020721,-0.04039
-0.028061,-0.021713,-0.013641,-0.0027313,-0.0066681,-0.035706
-0.0168,-0.029404,-0.024841,0.0047607,0.0079651,-0.013596
-0.014725,-0.033356,-0.023438,0.0082855,0.015518,0.0032654
-0.020676,-0.028931,-0.01091,0.0083313,0.023285,0.0080566
-0.014099,-0.014557,-0.0026398,0.0057373,0.027222,0.0082703
0.010223,-0.0057373,-0.0079498,-0.00093079,0.019058,0.015533
0.020905,-0.0042114,-0.017426,-0.012863,0.0018616,0.023743
0.0059204,-0.0011292,-0.019394,-0.033661,-0.021637,0.015488
-0.0067596,0.0012207,-0.017868,-0.05188,-0.047119,-0.0099335
-0.0057678,0.00018311,-0.024506,-0.056931,-0.067902,-0.037247
-0.012375,-0.0070953,-0.040466,-0.057159,-0.074783,-0.051407
-0.034805,-0.021347,-0.047012,-0.056839,-0.071136,-0.054047
-0.048248,-0.032333,-0.032974,-0.043427,-0.065475,-0.056702
-0.038895,-0.032516,-0.016876,-0.0054016,-0.045837,-0.05896
-0.03064,-0.028976,-0.0088959,0.042358,-0.00383,-0.044968
-0.032654,-0.025269,0.01181,0.071564,0.047592,-0.013107
-0.025085,-0.013412,0.053391,0.081146,0.082977,0.017029
-0.0028534,0.0092926,0.085648,0.091309,0.086441,0.039688
0.024048,0.033554,0.087341,0.10063,0.082718,0.059418
0.043488,0.050171,0.074066,0.086273,0.090805,0.070129
0.044617,0.056992,0.06134,0.041931,0.082382,0.065643
0.035843,0.052124,0.045486,-0.0041809,0.040588,0.051147
0.0345,0.037766,0.015656,-0.025757,-0.0061798,0.034668
0.036819,0.019135,-0.026138,-0.036407,-0.02948,0.016418
0.029114,-0.0015717,-0.058487,-0.054901,-0.034637,-0.0013885
0.0092163,-0.01857,-0.070175,-0.074036,-0.038513,-0.012375
-0.010178,-0.03125,-0.070358,-0.077972,-0.049683,-0.019272
-0.021576,-0.046082,-0.069977,-0.060135,-0.060272,-0.032791
-0.035172,-0.057388,-0.067383,-0.031525,-0.054001,-0.050125
-0.046753,-0.05629,-0.050095,-0.010269,-0.032684,-0.056046
-0.049103,-0.045517,-0.016174,-0.003067,-0.016068,-0.0504
-0.051834,-0.027817,0.018082,0.0032654,-0.013306,-0.037598
-0.04982,-0.0036469,0.037796,0.023438,-0.0088959,-0.025391
-0.022293,0.023849,0.050705,0.04599,0.0064545,-0.01944
0.026489,0.049362,0.069016,0.050797,0.024857,0.0042419
0.061646,0.068985,0.077637,0.035172,0.037415,0.045029
0.06926,0.081909,0.066147,0.024078,0.042542,0.070175
0.071289,0.082825,0.055267,0.032669,0.0439,0.072021
0.081177,0.069687,0.04837,0.035568,0.041718,0.060776
0.079422,0.049759,0.030167,0.024582,0.039291,0.053055
0.050156,0.025284,0.006546,0.014282,0.039352,0.050217
0.011032,-0.0015106,-0.0088043,0.010941,0.036667,0.035965
-0.015625,-0.021622,-0.01091,0.011017,0.02739,0.010269
-0.021942,-0.029755,-0.0089111,0.006958,0.016129,-0.011276
-0.015472,-0.026245,-0.013931,0.0060272,0.012772,-0.012085
-0.010849,-0.019592,-0.015594,0.0071259,0.019562,0.00737
-0.0024109,-0.013596,-0.0031433,0.0015106,0.023773,0.02327
0.019775,0.0015564,0.010986,-0.0054932,0.013931,0.024292
0.040115,0.026047,0.013428,-0.0075226,-0.00012207,0.025391
0.041855,0.04454,0.011749,-0.0062714,-0.0035706,0.027756
0.03093,0.043427,0.01445,-0.012207,-0.0027466,0.017639
0.020782,0.029114,0.016144,-0.020172,-0.013596,-0.00083923
0.01181,0.016785,0.012985,-0.020432,-0.029037,-0.010513
-0.0043945,0.005722,0.0019226,-0.017548,-0.028473,-0.014038
-0.024017,-0.0079041,-0.016159,-0.0098724,-0.017975,-0.028275
-0.031937,-0.021881,-0.027283,-0.0019684,-0.01004,-0.041916
-0.027161,-0.037094,-0.021652,-0.0014496,-0.0038605,-0.032822
-0.027496,-0.046158,-0.014267,-0.0054779,0.00021362,-0.010208
-0.035095,-0.040207,-0.022614,-0.0074768,0.0048828,-0.0025177
-0.031357,-0.027176,-0.030365,-0.0039063,0.0057983,-0.01178
-0.012863,-0.021042,-0.023407,-0.006485,0.0027313,-0.012589
0.0032806,-0.023422,-0.018753,-0.021469,-0.0021973,0.0049133
0.0029907,-0.017212,-0.024902,-0.040497,-0.020584,0.018616
-0.0056458,-9.1553e-05,-0.032455,-0.053192,-0.045807,0.00015259
-0.0084686,0.0048981,-0.034012,-0.055054,-0.061768,-0.036392
-0.010773,-0.0062103,-0.030151,-0.05661,-0.067932,-0.051514
-0.01947,-0.015579,-0.031433,-0.058594,-0.067123,-0.042923
-0.03038,-0.018494,-0.035706,-0.045898,-0.059601,-0.039078
-0.037125,-0.024689,-0.026459,-0.012695,-0.043793,-0.048599
-0.037186,-0.032791,-0.0059509,0.029205,-0.016129,-0.050903
-0.032639,-0.029953,0.016266,0.064041,0.024155,-0.032303
-0.023087,-0.016998,0.043365,0.086319,0.064072,-0.00079346
-0.011719,6.1035e-05,0.069656,0.096359,0.085403,0.028854
0.0043793,0.021149,0.078583,0.09845,0.091202,0.049011
0.032211,0.038666,0.072311,0.085434,0.092102,0.062744
0.05275,0.0504,0.061783,0.049561,0.082352,0.071564
0.050812,0.05278,0.040924,0.0063019,0.05954,0.070877
0.040039,0.038055,0.0053558,-0.024536,0.025177,0.056168
0.033356,0.016663,-0.028625,-0.039993,-0.013107,0.030472
0.027374,-0.0014343,-0.050323,-0.059387,-0.036942,0.0050659
0.010025,-0.016495,-0.065536,-0.083664,-0.048981,-0.014343
-0.016983,-0.034424,-0.076019,-0.084839,-0.062683,-0.031677
-0.037994,-0.053436,-0.078568,-0.061218,-0.076202,-0.052963
-0.045471,-0.060883,-0.066528,-0.038162,-0.075516,-0.069702
-0.046783,-0.055069,-0.044266,-0.028244,-0.055313,-0.067139
-0.048996,-0.042847,-0.025528,-0.019135,-0.035309,-0.055984
-0.049316,-0.02887,-0.004364,0.0014648,-0.027023,-0.051407
-0.043182,-0.0083618,0.024811,0.023788,-0.016785,-0.044678
-0.024078,0.015778,0.04808,0.034805,0.0021515,-0.022461
0.0069733,0.033142,0.055756,0.036316,0.020828,0.0084076
0.035568,0.049301,0.056946,0.03511,0.031464,0.030472
0.049301,0.064545,0.061844,0.032135,0.033798,0.044128
0.052826,0.068298,0.060135,0.026855,0.033752,0.057266
0.058685,0.057068,0.038666,0.021957,0.03479,0.059158
0.05806,0.035049,0.010101,0.020477,0.032379,0.04361
0.035828,0.012009,-0.0055542,0.015167,0.026962,0.027222
0.001358,-0.010193,-0.013947,-0.0034637,0.0186,0.014236
-0.023224,-0.03479,-0.02887,-0.020126,0.0045013,-0.0028992
-0.033401,-0.053146,-0.047577,-0.017456,-0.0085907,-0.02063
-0.038193,-0.057922,-0.053116,-0.0071106,-0.011429,-0.029373
-0.036682,-0.049744,-0.036713,-0.0091705,-0.0027161,-0.020264
-0.023636,-0.029984,-0.016327,-0.021912,0.00068665,-0.0032654
-0.00013733,-0.0071564,-0.0054321,-0.023544,-0.0079803,0.0059814
0.022125,0.011276,0.00074768,-0.0080872,-0.014313,0.011139
0.032928,0.028854,0.0086365,0.0031586,-0.011963,0.016541
0.033112,0.042908,0.020218,-0.0052185,-0.004837,0.015656
0.025238,0.042465,0.025024,-0.020203,-0.010437,0.0041046
0.012192,0.025864,0.014587,-0.021301,-0.030136,-0.0089111
-0.0037231,0.0028381,-0.0039825,-0.0089264,-0.037354,-0.017563
-0.021805,-0.014328,-0.018158,-4.5776e-05,-0.023514,-0.031631
-0.038742,-0.026398,-0.020157,-0.0015259,-0.0068665,-0.045792
-0.047562,-0.040833,-0.01857,-0.0026245,-0.0046234,-0.041763
-0.044281,-0.051956,-0.025589,0.0018463,-0.0083313,-0.02536
-0.0354,-0.051193,-0.03009,0.0040283,-0.0037537,-0.014526
-0.027893,-0.039093,-0.024338,0.00047302,0.0060883,-0.010651
-0.018997,-0.024597,-0.020874,-0.0072174,0.0097809,-0.0052948
-0.0062866,-0.0168,-0.021851,-0.018799,-0.0037079,0.0039368
0.0023041,-0.0093384,-0.023071,-0.032486,-0.027679,0.0061646
-0.00018311,0.001709,-0.025177,-0.045853,-0.045578,-0.0070038
-0.0080414,0.0039825,-0.028519,-0.055542,-0.055618,-0.024185
-0.015121,-0.0028076,-0.033905,-0.059738,-0.065796,-0.0383
-0.020996,-0.01004,-0.036682,-0.05632,-0.075546,-0.051941
-0.028564,-0.017731,-0.032364,-0.041962,-0.074234,-0.058151
-0.041901,-0.029297,-0.024521,-0.019791,-0.056091,-0.055542
-0.052704,-0.042145,-0.01767,0.011536,-0.027161,-0.052887
-0.04808,-0.043335,-0.0048981,0.051041,0.003479,-0.046021
-0.034454,-0.031525,0.021179,0.07988,0.038422,-0.023026
-0.022003,-0.018127,0.047897,0.090057,0.074783,0.010361
-0.0054626,-0.0016479,0.061676,0.093063,0.092545,0.040817
0.019836,0.025238,0.067337,0.092163,0.089996,0.063065
0.045151,0.053207,0.070709,0.072906,0.082916,0.072525
0.057358,0.063095,0.059128,0.031876,0.074661,0.073624
0.056747,0.052307,0.024002,-0.006012,0.054062,0.07196
0.05162,0.037079,-0.013199,-0.03038,0.016113,0.059875
0.044586,0.023926,-0.03392,-0.052567,-0.022842,0.036118
0.029724,0.0038147,-0.047302,-0.071579,-0.048279,0.0066223
3.0518e-05,-0.021698,-0.065659,-0.079437,-0.062927,-0.027863
-0.032455,-0.045212,-0.081635,-0.072037,-0.074554,-0.060562
-0.048004,-0.061462,-0.078018,-0.054169,-0.084412,-0.073669
-0.048477,-0.061829,-0.055664,-0.033127,-0.079681,-0.067688
-0.048203,-0.048843,-0.027191,-0.010117,-0.050735,-0.060669
-0.046783,-0.029938,0.00038147,0.011124,-0.016983,-0.054413
-0.036026,-0.008194,0.024979,0.032227,0.00080872,-0.037949
-0.012131,0.016937,0.050446,0.053848,0.01709,-0.0037689
0.021576,0.044586,0.074677,0.064224,0.043823,0.033875
0.050064,0.064606,0.085068,0.058502,0.064072,0.054581
0.06105,0.074417,0.079666,0.046814,0.064255,0.062073
0.061462,0.077911,0.066528,0.041031,0.052414,0.068268
0.065689,0.072205,0.049576,0.035904,0.04303,0.072479
0.068588,0.052505,0.029724,0.023193,0.037079,0.06073
0.051239,0.025116,0.0081024,0.012787,0.03064,0.033005
0.013733,0.0020447,-0.0075989,0.0065613,0.019669,0.0096893
-0.014877,-0.018646,-0.019531,-0.003006,0.0050964,-0.0026093
-0.020889,-0.037125,-0.037201,-0.011398,-0.0015869,-0.01152
-0.026779,-0.048798,-0.048996,-0.012558,-0.00061035,-0.02066
-0.038391,-0.053558,-0.039963,-0.0081329,-0.00074768,-0.022156
-0.036758,-0.042587,-0.015335,-0.0060272,-0.00090027,-0.0092621
-0.013596,-0.015442,0.0050507,-0.0068665,0.003479,0.0083313
0.016403,0.013397,0.011612,-0.00085449,0.0088196,0.022095
0.035736,0.036423,0.01944,0.009964,0.011703,0.030075
0.047623,0.054977,0.038437,0.013824,0.013016,0.032745
0.052841,0.067474,0.051331,0.0079803,0.0084686,0.029541
0.046249,0.059708,0.039764,-0.0022125,-0.0024719,0.018982
0.032379,0.034653,0.011169,-0.0095367,-0.015732,0.0040283
0.01384,0.014984,-0.011719,-0.0112,-0.02446,-0.012451
-0.0086517,-0.0028076,-0.018692,-0.0093231,-0.01767,-0.025818
-0.032303,-0.03212,-0.021057,-0.0067444,-0.006012,-0.0327
-0.048462,-0.059601,-0.029465,-0.0035248,-0.0048828,-0.030869
-0.048111,-0.062271,-0.034454,0.0015106,-0.0032959,-0.022461
-0.03801,-0.044617,-0.027054,0.0010529,0.0057526,-0.013809
-0.025574,-0.030334,-0.016663,-0.0040894,0.010223,-0.0056458
-0.011414,-0.022217,-0.015808,-0.0103,0.0012665,0.0014191
-0.001297,-0.0089569,-0.020157,-0.025406,-0.014175,0.004715
0.0031433,0.0066376,-0.018951,-0.043884,-0.027939,0.0014343
0.0050201,0.013885,-0.019241,-0.055435,-0.045227,-0.011154
-0.00038147,0.010468,-0.026505,-0.057938,-0.06456,-0.029739
-0.015244,0.00047302,-0.03273,-0.055038,-0.073959,-0.042603
-0.028152,-0.013458,-0.032333,-0.050003,-0.069199,-0.047684
-0.034698,-0.028412,-0.027176,-0.032562,-0.053909,-0.054214
-0.043335,-0.039917,-0.022171,-0.0014801,-0.039291,-0.056931
-0.051971,-0.045166,-0.012939,0.034882,-0.021072,-0.048691
-0.048386,-0.042786,0.0091553,0.070267,0.018646,-0.033722
-0.031418,-0.03035,0.036545,0.09021,0.066025,-0.01207
-0.011856,-0.009491,0.051956,0.091064,0.089813,0.017868
0.006073,0.011765,0.057724,0.082886,0.085281,0.048492
0.025818,0.032761,0.062119,0.071152,0.078506,0.068359
0.045837,0.052475,0.057266,0.052643,0.083801,0.074051
0.056458,0.057251,0.036713,0.020264,0.078781,0.071365
0.053329,0.045853,0.0084076,-0.020004,0.043701,0.065231
0.045074,0.034439,-0.012604,-0.050095,-0.0061646,0.053024
0.03508,0.022049,-0.028534,-0.061615,-0.039108,0.029144
0.017181,-0.0021973,-0.047928,-0.060959,-0.050613,-0.0094757
-0.0079651,-0.027008,-0.061218,-0.061478,-0.060806,-0.045868
-0.029816,-0.042984,-0.063217,-0.066269,-0.078461,-0.059418
-0.039948,-0.049469,-0.059128,-0.056519,-0.090012,-0.062683
-0.041412,-0.04245,-0.045258,-0.02713,-0.072647,-0.066605
-0.040543,-0.030777,-0.016037,0.0027313,-0.034988,-0.063568
-0.036652,-0.017761,0.01915,0.024246,-0.0064087,-0.047134
-0.019653,0.003418,0.042526,0.040634,0.01268,-0.013763
0.012909,0.032089,0.056274,0.056488,0.036163,0.023361
0.038879,0.05748,0.07486,0.066437,0.061417,0.048187
0.044998,0.06546,0.089081,0.0616,0.072647,0.05838
0.046127,0.063736,0.082855,0.052307,0.065781,0.062363
0.052902,0.063477,0.059692,0.042969,0.05188,0.066193
0.056778,0.055847,0.031204,0.021317,0.040176,0.059418
0.043091,0.032333,0.0051575,-0.0036774,0.028442,0.038651
0.013596,-0.0024719,-0.016159,-0.013367,0.010162,0.013428
-0.0090637,-0.031326,-0.035004,-0.014023,-0.006012,-0.004776
-0.017029,-0.042282,-0.053314,-0.02034,-0.013336,-0.014984
-0.024734,-0.046082,-0.063919,-0.031235,-0.012451,-0.02359
-0.033661,-0.054352,-0.05751,-0.033051,-0.0081482,-0.022705
-0.033768,-0.053452,-0.037018,-0.019608,-0.011551,-0.014587
-0.023666,-0.03212,-0.013641,-0.0022888,-0.010361,-0.0085144
-0.0090485,-0.0032654,0.0070953,0.0058899,0.0053711,0.002243
0.0086975,0.02066,0.026917,0.0067291,0.018127,0.019379
0.029572,0.041122,0.042603,0.0094604,0.015259,0.031387
0.046951,0.060608,0.048035,0.013321,0.0040283,0.031418
0.053772,0.06601,0.042847,0.012299,0.0018616,0.026733
0.045776,0.048599,0.03212,0.0060425,0.0055389,0.019165
0.029358,0.027878,0.015503,-0.0028687,-0.00097656,0.0044708
0.012146,0.016525,-0.011322,-0.0103,-0.013855,-0.010071
-0.0079041,-0.0076752,-0.032043,-0.013,-0.018509,-0.020645
-0.02919,-0.049179,-0.034271,-0.010422,-0.015747,-0.03154
-0.049271,-0.069504,-0.032303,-0.0068054,-0.013275,-0.038162
-0.058502,-0.057755,-0.033234,-0.011032,-0.0097351,-0.031723
-0.046707,-0.040298,-0.033463,-0.019577,-0.0083923,-0.019089
-0.027023,-0.028214,-0.028351,-0.021851,-0.011658,-0.015366
-0.014771,-0.017868,-0.016266,-0.022446,-0.019455,-0.017273
-0.0096436,-0.0041656,-0.0066376,-0.031097,-0.031509,-0.013428
-0.004715,0.014603,-0.0063324,-0.045059,-0.039291,-0.0087738
0.003479,0.027161,-0.014145,-0.051102,-0.044907,-0.013077
0.0076141,0.018021,-0.020737,-0.045288,-0.054962,-0.023544
-0.0023346,-0.0040283,-0.018433,-0.036484,-0.059753,-0.033325
-0.021484,-0.018799,-0.017593,-0.028488,-0.051941,-0.040054
-0.037628,-0.028214,-0.024857,-0.017502,-0.042542,-0.043991
-0.046844,-0.041672,-0.029922,0.0024719,-0.033813,-0.046204
-0.047485,-0.054626,-0.022781,0.032394,-0.010071,-0.045563
-0.041718,-0.054092,-0.0053253,0.061432,0.027039,-0.034958
-0.033859,-0.039566,0.014252,0.073349,0.058655,-0.0089569
-0.023209,-0.018341,0.031586,0.067749,0.071167,0.02182
-0.0064545,0.0048828,0.044769,0.062973,0.071106,0.042404
0.020599,0.024948,0.04921,0.06311,0.076401,0.04834
0.044296,0.041153,0.040558,0.048218,0.082138,0.055466
0.046463,0.049286,0.026794,0.0067596,0.065292,0.072891
0.039001,0.043304,0.015335,-0.037628,0.023102,0.072708
0.035446,0.029541,-0.0054321,-0.052795,-0.018829,0.042755
0.030563,0.016418,-0.034866,-0.049042,-0.043045,0.0032959
0.016205,0.00019836,-0.052902,-0.057922,-0.055099,-0.026398
-0.0095673,-0.024139,-0.058014,-0.072464,-0.071518,-0.042679
-0.033524,-0.044708,-0.056992,-0.067551,-0.093994,-0.058487
-0.041199,-0.043976,-0.049927,-0.045578,-0.095215,-0.07225
-0.033493,-0.028671,-0.037262,-0.01889,-0.064102,-0.07283
-0.023987,-0.018372,-0.011459,0.0093384,-0.025223,-0.057327
-0.020264,-0.012024,0.027069,0.037903,0.0034332,-0.024902
-0.0093384,0.0071106,0.057709,0.056778,0.029053,0.010574
0.017197,0.041229,0.070404,0.06102,0.057999,0.039169
0.042877,0.066299,0.074524,0.068054,0.07933,0.060059
0.050079,0.063904,0.077179,0.075516,0.08223,0.066727
0.047028,0.053665,0.074188,0.058502,0.071625,0.065094
0.050049,0.057251,0.053574,0.02742,0.053543,0.064163
0.05249,0.05275,0.018845,0.0045166,0.031479,0.054993
0.033859,0.019073,-0.010086,-0.010376,0.0090942,0.02652
-0.0015411,-0.020615,-0.030197,-0.02124,-0.0121,-0.0068817
-0.021423,-0.041443,-0.052032,-0.034927,-0.026184,-0.025009
-0.022888,-0.050583,-0.072754,-0.049789,-0.031998,-0.027771
-0.032043,-0.060074,-0.077438,-0.051178,-0.031967,-0.025894
-0.046005,-0.066132,-0.058899,-0.032074,-0.028778,-0.0298
-0.043839,-0.055374,-0.029709,-0.0062561,-0.021103,-0.031067
-0.026001,-0.021164,-0.004837,0.0078278,-0.0031281,-0.016647
-0.0047913,0.014084,0.021652,0.015167,0.016129,0.0049591
0.014343,0.031403,0.050934,0.025696,0.025787,0.021301
0.029526,0.047165,0.0672,0.035095,0.025711,0.03241
0.044067,0.066711,0.063339,0.035843,0.023651,0.039108
0.056351,0.068848,0.045639,0.026016,0.02562,0.036926
0.052521,0.050293,0.027985,0.0081329,0.01915,0.026001
0.034134,0.028961,0.011383,-0.0092316,0.0009613,0.013062
0.015228,0.0080719,-0.014099,-0.014206,-0.014633,0.0014801
-0.0027618,-0.019852,-0.03952,-0.011703,-0.019043,-0.012695
-0.023026,-0.048874,-0.048203,-0.014221,-0.013535,-0.025558
-0.042603,-0.063644,-0.042404,-0.022644,-0.013336,-0.032593
-0.054031,-0.056015,-0.037491,-0.0289,-0.024033,-0.038055
-0.054688,-0.041122,-0.035843,-0.02507,-0.030594,-0.036194
-0.047806,-0.036667,-0.029633,-0.02327,-0.0289,-0.029724
-0.035583,-0.031296,-0.019424,-0.034729,-0.028168,-0.029938
-0.023575,-0.0076752,-0.0093994,-0.039948,-0.034103,-0.028244
-0.012878,0.021072,-0.0029755,-0.033508,-0.040878,-0.020294
-0.0011902,0.024612,-0.0034485,-0.03035,-0.039719,-0.014496
0.006485,0.0084839,-0.0075531,-0.026016,-0.035355,-0.014816
0.0057983,0.0016785,-0.0059357,-0.01619,-0.03421,-0.020416
-0.0037537,0.0009613,-0.0010529,-0.0077362,-0.034821,-0.02417
-0.01622,-0.010696,-0.0070648,-0.0020905,-0.030823,-0.02269
-0.02272,-0.033722,-0.020996,0.0097961,-0.017273,-0.021057
-0.024933,-0.051407,-0.027771,0.031601,0.0038147,-0.023148
-0.033829,-0.050537,-0.020706,0.047043,0.028351,-0.022476
-0.043427,-0.040924,-0.00038147,0.047501,0.047104,-0.010086
-0.033844,-0.029221,0.017303,0.04805,0.056976,0.0092773
-0.010468,-0.0088959,0.021042,0.055008,0.062012,0.026703
0.011017,0.016266,0.022934,0.050369,0.064728,0.039902
0.026886,0.033112,0.02919,0.026413,0.068558,0.051422
0.03331,0.038727,0.033615,0.0015259,0.058777,0.060608
0.034622,0.038406,0.029114,-0.0090637,0.025925,0.059998
0.039337,0.036819,0.011673,-0.015839,-0.0081024,0.042297
0.037506,0.033096,-0.013107,-0.035904,-0.029663,0.010391
0.018982,0.014664,-0.032257,-0.059326,-0.049484,-0.0177
-0.0027313,-0.014587,-0.038055,-0.063339,-0.072098,-0.033615
-0.013596,-0.026077,-0.038498,-0.050934,-0.085007,-0.047363
-0.013535,-0.015182,-0.039017,-0.036987,-0.07959,-0.055466
-0.0088043,-0.007309,-0.029343,-0.016541,-0.055084,-0.049606
-0.0071106,-0.0095825,-0.0020294,0.016052,-0.017517,-0.036087
-0.0058441,-0.0039825,0.03685,0.045364,0.019531,-0.0121
0.003891,0.021698,0.065308,0.060913,0.049637,0.024094
0.026382,0.054642,0.072693,0.074921,0.071716,0.054718
0.049652,0.066986,0.077881,0.08728,0.088745,0.067291
0.051971,0.059311,0.08699,0.080658,0.098312,0.066177
0.039368,0.054672,0.081085,0.057358,0.086868,0.065613
0.035904,0.053726,0.051956,0.03125,0.059647,0.067429
0.043045,0.043091,0.016434,0.0090942,0.033051,0.053543
0.037811,0.017029,-0.0097961,-0.011826,0.0086823,0.021759
0.012589,-0.013336,-0.034378,-0.03508,-0.018845,-0.0077972
-0.0084381,-0.032364,-0.059555,-0.055664,-0.043961,-0.020004
-0.015961,-0.043671,-0.07283,-0.066055,-0.050644,-0.022034
-0.027084,-0.054474,-0.072433,-0.05928,-0.043076,-0.030655
-0.042084,-0.059433,-0.060455,-0.037231,-0.037659,-0.039841
-0.042892,-0.048035,-0.034683,-0.010895,-0.02626,-0.034042
-0.028381,-0.020279,-0.00028992,0.0065308,-0.00065613,-0.018158
-0.013702,0.0084991,0.030167,0.015228,0.020279,-0.0029297
0.0021973,0.03038,0.048538,0.028641,0.025101,0.01442
0.027832,0.046036,0.057999,0.043686,0.029175,0.031937
0.044983,0.053391,0.060959,0.045654,0.041,0.040314
0.042236,0.053925,0.05072,0.030151,0.042908,0.038422
0.038376,0.043228,0.028503,0.0062561,0.022812,0.030243
0.037521,0.019287,-0.00065613,-0.012436,-0.0035858,0.023544
0.025009,-0.0062714,-0.031937,-0.020523,-0.01619,0.01503
0.0015869,-0.027802,-0.050293,-0.027161,-0.017151,-0.0054779
-0.01947,-0.041245,-0.051331,-0.039368,-0.023834,-0.028961
-0.034561,-0.043152,-0.047714,-0.046249,-0.037643,-0.041306
-0.047974,-0.041824,-0.045624,-0.039597,-0.047089,-0.043579
-0.057877,-0.040009,-0.034409,-0.026367,-0.044662,-0.047134
-0.056946,-0.029709,-0.008667,-0.017838,-0.031967,-0.05394
-0.043884,-0.0093231,0.011856,-0.017044,-0.025284,-0.048615
-0.023972,0.011505,0.013412,-0.015259,-0.027512,-0.025803
-0.0037384,0.020477,0.012329,-0.0057373,-0.022598,-0.0030975
0.009491,0.019287,0.019241,0.003891,-0.0076141,0.0035248
0.016449,0.01976,0.020462,0.0038757,0.0011292,0.0028381
0.024216,0.019653,0.0094757,-0.00021362,-0.0066833,0.0089569
0.026184,0.0096436,-0.0043335,4.5776e-05,-0.014694,0.01239
0.012726,-0.0090485,-0.015549,-6.1035e-05,-0.0097504,0.0022583
-0.008194,-0.028168,-0.027618,-0.002533,-0.006134,-0.012207
-0.025909,-0.039581,-0.036697,-0.0013885,-0.01239,-0.021591
-0.038147,-0.046005,-0.033401,0.0061951,-0.0093079,-0.028244
-0.046127,-0.052155,-0.024323,0.021088,0.016434,-0.02774
-0.044937,-0.048737,-0.014114,0.032104,0.042709,-0.013702
-0.028946,-0.028671,0.00013733,0.031097,0.047775,0.0091705
-0.0080261,0.00097656,0.014038,0.0289,0.046768,0.030563
0.0077362,0.022263,0.02803,0.030807,0.054855,0.037872
0.021271,0.026596,0.039703,0.029343,0.055542,0.037552
0.033386,0.031616,0.037933,0.01236,0.033554,0.040833
0.037338,0.04361,0.020706,-0.014038,0.00054932,0.038406
0.032806,0.042999,0.0034943,-0.031601,-0.026764,0.020203
0.021484,0.021545,-0.0055084,-0.042892,-0.046753,-0.011459
0.0042114,-0.001358,-0.018921,-0.049652,-0.061325,-0.035858
-0.005249,-0.010178,-0.03595,-0.048584,-0.069611,-0.039337
-0.0021973,-0.013626,-0.04097,-0.041229,-0.069885,-0.033447
0.00027466,-0.010483,-0.027405,-0.022583,-0.05423,-0.027817
0.0010834,0.0010529,0.0012054,0.0066681,-0.017853,-0.021179
0.0069427,0.0089264,0.031723,0.04187,0.026413,-0.0037231
0.015182,0.017624,0.052216,0.069992,0.060822,0.026871
0.023392,0.035919,0.061874,0.077881,0.080475,0.054459
0.032547,0.054489,0.067627,0.077042,0.089615,0.062546
0.035461,0.053329,0.075699,0.073502,0.090027,0.054962
0.026093,0.033875,0.069733,0.056442,0.078125,0.051086
0.016602,0.022125,0.033875,0.025009,0.055359,0.05069
0.020294,0.019928,-0.0083466,-0.009079,0.024719,0.038315
0.025482,0.006897,-0.033691,-0.03656,-0.012024,0.011017
0.011139,-0.022125,-0.046371,-0.056091,-0.044983,-0.016815
-0.017929,-0.047562,-0.06044,-0.068878,-0.061081,-0.030731
-0.036972,-0.052277,-0.077484,-0.072571,-0.062149,-0.039001
-0.035721,-0.051849,-0.079544,-0.063507,-0.06044,-0.045883
-0.031982,-0.054535,-0.060226,-0.043961,-0.053116,-0.044724
-0.041122,-0.041519,-0.026932,-0.017807,-0.034241,-0.038788
-0.044739,-0.014206,0.0093536,0.0080109,-0.0088348,-0.030106
-0.023682,0.0077362,0.030869,0.026871,0.014282,-0.014984
0.0086212,0.020035,0.037766,0.039673,0.031021,0.0098267
0.026962,0.032898,0.046951,0.045547,0.045319,0.033218
0.029419,0.046799,0.057159,0.044861,0.050949,0.042114
0.034393,0.046783,0.0513,0.036545,0.040909,0.039856
0.042923,0.031097,0.022873,0.014694,0.023056,0.035095
0.039825,0.010162,-0.013809,-0.01149,0.0049133,0.030136
0.019928,-0.01152,-0.038681,-0.028625,-0.011154,0.015717
-0.0044403,-0.027969,-0.048386,-0.039688,-0.025757,-0.0094757
-0.02211,-0.037628,-0.053879,-0.049805,-0.043015,-0.034775
-0.039948,-0.046219,-0.061676,-0.057709,-0.059738,-0.050385
-0.057724,-0.05249,-0.059769,-0.055298,-0.065659,-0.055344
-0.064255,-0.045639,-0.038452,-0.038132,-0.057144,-0.063614
-0.058609,-0.021973,-0.0086212,-0.018799,-0.040421,-0.069855
-0.043106,-0.0004425,0.014038,-0.0079651,-0.028275,-0.053009
-0.022217,0.0079956,0.02388,0.0027771,-0.020966,-0.021103
-0.0016327,0.017242,0.03093,0.019913,-0.0037079,0.0030518
0.016205,0.029694,0.03981,0.035202,0.020615,0.011948
0.028778,0.035278,0.043381,0.039948,0.032822,0.022232
0.03804,0.0298,0.036392,0.033829,0.028778,0.039764
0.038071,0.014954,0.01593,0.022461,0.020279,0.041092
0.022949,-0.00032043,-0.01062,0.0065918,0.013443,0.025162
0.0054779,-0.014343,-0.030426,-0.0096283,0.0021362,0.0074921
-0.0112,-0.031693,-0.04039,-0.016113,-0.013336,-0.013336
-0.032318,-0.049225,-0.045471,-0.012329,-0.018402,-0.030609
-0.048538,-0.058594,-0.046783,-0.0038147,-0.0064545,-0.03299
-0.052979,-0.05127,-0.035034,0.0023499,0.012665,-0.027847
-0.046188,-0.033005,-0.010147,0.0094604,0.022705,-0.019257
-0.028458,-0.013046,0.012146,0.0271,0.025742,-0.0035858
-0.003067,0.0093689,0.029572,0.043671,0.038818,0.014084
0.01738,0.02832,0.046066,0.041306,0.050781,0.027557
0.024628,0.038773,0.04866,0.02272,0.041809,0.034912
0.032104,0.045441,0.037399,0.0031281,0.012772,0.035446
0.042847,0.049576,0.029022,-0.010818,-0.019531,0.025635
0.040329,0.043671,0.016769,-0.024826,-0.033096,0.0060272
0.026062,0.023788,-0.0061646,-0.036942,-0.036423,-0.0079193
0.016754,0.0039063,-0.020798,-0.041275,-0.045868,-0.0090485
0.015503,0.0047913,-0.016693,-0.03685,-0.050446,-0.010574
0.016388,0.020767,-0.00053406,-0.017578,-0.040787,-0.014313
0.019653,0.024078,0.015778,0.017624,-0.012115,-0.0075226
0.024109,0.017075,0.02858,0.052322,0.033493,0.012405
0.026566,0.023621,0.047958,0.067612,0.072983,0.037109
0.028473,0.041122,0.070984,0.073441,0.090775,0.055191
0.032043,0.053116,0.082733,0.086533,0.094711,0.061234
0.036697,0.052582,0.080948,0.093323,0.098557,0.059586
0.037308,0.042084,0.069016,0.074326,0.097,0.058563
0.034958,0.031357,0.047058,0.033691,0.074493,0.058365
0.034592,0.026993,0.01825,-0.0036469,0.035431,0.048706
0.029587,0.019058,-0.010071,-0.028427,-0.0043793,0.027298
0.013855,-0.0033569,-0.03334,-0.047134,-0.030136,0.0027008
-0.0037384,-0.027847,-0.05127,-0.056625,-0.039581,-0.016876
-0.012222,-0.037613,-0.061462,-0.061371,-0.05043,-0.030624
-0.019379,-0.036758,-0.057724,-0.063812,-0.064178,-0.040771
-0.034897,-0.033661,-0.039871,-0.052628,-0.061127,-0.043961
-0.044357,-0.025589,-0.019516,-0.022629,-0.03743,-0.041443
-0.034607,-0.014954,-0.00056458,0.011536,-0.0062256,-0.03331
-0.016815,-0.006424,0.01828,0.024414,0.016449,-0.017365
-0.0056458,0.0056305,0.030975,0.022125,0.029007,0.0046692
0.0022125,0.021072,0.036636,0.028885,0.041122,0.028748
0.017929,0.026733,0.034576,0.038452,0.047455,0.040512
0.033859,0.018341,0.023727,0.031677,0.040329,0.03746
0.034393,0.0066071,0.0052795,0.0052643,0.023972,0.030777
0.024078,-0.0015869,-0.019318,-0.026932,0.0025635,0.022873
0.011307,-0.0071411,-0.039169,-0.048279,-0.024323,0.0088654
-0.0060272,-0.017288,-0.050171,-0.058685,-0.051926,-0.016418
-0.028198,-0.036377,-0.060516,-0.064926,-0.068298,-0.04509
-0.05011,-0.052338,-0.065308,-0.068771,-0.073151,-0.066223
-0.06282,-0.050461,-0.056015,-0.068115,-0.07666,-0.077942
-0.06575,-0.034256,-0.03952,-0.054733,-0.077545,-0.078384
-0.06308,-0.025192,-0.022476,-0.028992,-0.063797,-0.070496
-0.051575,-0.029099,-0.005722,-0.0070496,-0.037231,-0.058823
-0.034088,-0.021622,0.008316,0.0041046,-0.013657,-0.036819
-0.012604,0.005188,0.019058,0.015244,0.0032349,-0.0050049
0.012848,0.023941,0.026367,0.030151,0.017075,0.020996
0.029907,0.018875,0.028076,0.037949,0.027573,0.033234
0.030914,0.0087891,0.021011,0.029953,0.033218,0.035278
0.021545,0.0057983,0.0057678,0.011887,0.028564,0.033264
0.0088043,-0.004425,-0.014557,-0.0057526,0.010742,0.022995
-0.0048218,-0.022995,-0.038055,-0.018494,-0.013885,-0.0023651
-0.02037,-0.039841,-0.057281,-0.030762,-0.031128,-0.025574
-0.037918,-0.057022,-0.069702,-0.047318,-0.034653,-0.033447
-0.055374,-0.069122,-0.076431,-0.050323,-0.033035,-0.039688
-0.06572,-0.068558,-0.068604,-0.02681,-0.03067,-0.051544
-0.05954,-0.05838,-0.042526,-0.0016937,-0.022247,-0.053513
-0.042374,-0.041199,-0.013763,0.0062256,-0.0069885,-0.035233
-0.027298,-0.017624,0.0017242,0.012573,0.0082397,-0.011826
-0.014832,0.0037384,0.012436,0.025925,0.018784,-0.0002594
-0.00085449,0.01442,0.028137,0.029572,0.018814,0.00068665
0.013153,0.022949,0.037949,0.014404,0.0036469,0.0052338
0.021545,0.034225,0.030197,-0.0061798,-0.013702,0.016006
0.024353,0.035629,0.011703,-0.016663,-0.020142,0.015869
0.025803,0.024185,-0.00064087,-0.019089,-0.026382,0.0023041
0.023911,0.016418,-0.00022888,-0.025665,-0.039215,-0.0076599
0.019974,0.019913,0.0053711,-0.031387,-0.044754,-0.0050354
0.020065,0.025604,0.0040436,-0.0177,-0.033188,0.0043793
0.025177,0.024948,-0.00085449,0.012192,-0.0063171,0.010391
0.030914,0.019913,0.0072937,0.038208,0.025497,0.013214
0.024551,0.018982,0.033615,0.052505,0.050964,0.022705
0.0090942,0.019165,0.056229,0.0616,0.068756,0.037659
0.010315,0.019638,0.052368,0.072525,0.078415,0.04483
0.026596,0.025269,0.035538,0.076874,0.080856,0.045242
0.033356,0.024429,0.029892,0.058868,0.077209,0.046265
0.023407,0.011429,0.032669,0.024353,0.056152,0.041763
0.0093994,0.0022278,0.02095,-0.0015564,0.021027,0.030807
0.0088196,0.0047913,-0.0086823,-0.012436,-0.0044861,0.01622
0.012695,0.0034485,-0.032761,-0.024673,-0.017487,-0.00047302
0.0016937,-0.011505,-0.037949,-0.041519,-0.031357,-0.015121
-0.015076,-0.02504,-0.029419,-0.051315,-0.049805,-0.027771
-0.022186,-0.021652,-0.02211,-0.047089,-0.062073,-0.03508
-0.020599,-0.0073853,-0.023392,-0.031296,-0.052292,-0.036377
-0.019562,-0.0025787,-0.02005,-0.010773,-0.024338,-0.032364
-0.018967,-0.01033,-0.0043335,0.0067749,0.00045776,-0.023285
-0.013962,-0.011276,0.015015,0.016144,0.013657,-0.0090485
-0.0030212,0.0024567,0.024109,0.026077,0.026138,0.014114
0.014145,0.016098,0.020432,0.040298,0.046417,0.034988
0.025436,0.013184,0.018738,0.046371,0.062958,0.04454
0.027512,0.0015564,0.019211,0.037506,0.058746,0.047104
0.02951,0.0021057,0.0081787,0.014069,0.036423,0.043823
0.030487,0.0093079,-0.011292,-0.011688,0.010193,0.034286
0.021698,0.0048828,-0.024292,-0.028534,-0.011566,0.015747
-0.0031738,-0.0089264,-0.028473,-0.043121,-0.032883,-0.0098114
-0.027649,-0.020462,-0.035599,-0.055084,-0.058655,-0.036804
-0.036621,-0.022583,-0.04306,-0.060608,-0.075958,-0.061737
-0.04071,-0.019333,-0.037109,-0.059921,-0.078064,-0.074615
-0.049271,-0.019135,-0.021088,-0.046249,-0.075043,-0.072769
-0.052887,-0.016129,-0.0058441,-0.021362,-0.064392,-0.064636
-0.035263,-0.0071259,0.0049744,0.00099182,-0.035828,-0.050034
-0.0075226,0.0036774,0.013458,0.018204,0.00097656,-0.025345
0.0094452,0.013031,0.027969,0.039154,0.026138,0.0099335
0.020187,0.018219,0.047302,0.057968,0.041611,0.040756
0.030762,0.0271,0.05159,0.061829,0.057266,0.051834
0.037857,0.033676,0.038635,0.051254,0.066483,0.05336
0.035812,0.023132,0.026245,0.033905,0.059189,0.050751
0.022675,0.0057983,0.011658,0.017349,0.03392,0.039719
0.006424,-0.0067139,-0.010452,-0.0023041,0.0033264,0.01944
-0.011124,-0.018066,-0.034332,-0.030701,-0.016479,-0.0058441
-0.030563,-0.033386,-0.054169,-0.053604,-0.028152,-0.027176
-0.042862,-0.048569,-0.060608,-0.052429,-0.043839,-0.041779
-0.043945,-0.05043,-0.05661,-0.033875,-0.053436,-0.050446
-0.039841,-0.040298,-0.048508,-0.020142,-0.040695,-0.051605
-0.03714,-0.033981,-0.034424,-0.013565,-0.016876,-0.041519
-0.033157,-0.029266,-0.01506,-0.00177,-0.00053406,-0.025574
-0.021957,-0.012817,0.008316,0.018066,0.0039368,-0.013367
-0.0071259,0.0087585,0.027618,0.033401,0.0078583,-0.0039368
0.0072327,0.01622,0.03064,0.03212,0.018036,0.006134
0.016144,0.014893,0.026657,0.018112,0.022018,0.019287
0.017868,0.025269,0.033554,0.0054474,0.013794,0.030685
0.025803,0.041016,0.040665,0.0038147,0.0023193,0.029099
0.041916,0.04689,0.032028,0.0063171,-0.0015564,0.021454
0.048172,0.044189,0.020874,0.0049438,0.0032349,0.024887
0.041992,0.04187,0.026855,0.0036316,0.010117,0.036194
0.040649,0.048096,0.039581,0.0093536,0.017242,0.040909
0.0457,0.054214,0.036758,0.023575,0.025955,0.037674
0.044617,0.043518,0.029419,0.04277,0.039673,0.035385
0.03566,0.022888,0.036011,0.058884,0.061417,0.039505
0.027222,0.012558,0.041855,0.060471,0.079376,0.047012
0.029465,0.016891,0.033035,0.0495,0.074356,0.051529
0.032135,0.022064,0.022034,0.038071,0.055511,0.046509
0.021118,0.012238,0.019455,0.031418,0.044983,0.031631
0.01033,-0.0029144,0.020111,0.023239,0.038437,0.018646
0.0098572,0.00022888,0.011383,0.004303,0.022995,0.015274
0.010162,0.014389,-0.0041504,-0.01799,-0.0017242,0.010529
0.0013123,0.015045,-0.0077057,-0.028305,-0.027756,-0.0056
-0.010651,0.00059509,0.0018921,-0.028061,-0.042343,-0.024292
-0.010864,-0.0067749,0.0075073,-0.027985,-0.038818,-0.032455
-0.0067596,0.0016174,-0.0035248,-0.027023,-0.028854,-0.025299
-0.011215,0.0049744,-0.016235,-0.020706,-0.023209,-0.013565
-0.014725,-0.0032806,-0.0088806,-0.012604,-0.012695,-0.0095062
-0.0044708,-0.0094604,0.0044556,-0.0040894,0.0055695,-0.0057526
0.0094452,-0.0067749,0.0043182,0.0079498,0.021103,0.0081787
0.013168,-0.00028992,-0.002182,0.021469,0.034821,0.025543
0.012558,0.0014191,-0.0010223,0.026276,0.046463,0.033096
0.015823,-0.0002594,0.0051727,0.01265,0.041748,0.033356
0.024658,-0.0018463,-0.00022888,-0.0093994,0.019745,0.032547
0.025909,-0.0030365,-0.017868,-0.018341,-0.0011292,0.024765
0.0065308,-0.0072632,-0.026581,-0.020691,-0.013336,0.0066986
-0.017731,-0.011002,-0.01915,-0.037964,-0.027466,-0.014999
-0.0271,-0.0087128,-0.017975,-0.059479,-0.051636,-0.03392
-0.024918,-0.0085297,-0.030777,-0.059784,-0.072052,-0.048523
-0.028961,-0.014771,-0.033173,-0.042953,-0.070084,-0.057892
-0.037445,-0.019196,-0.01326,-0.025497,-0.054077,-0.059845
-0.030975,-0.0076752,0.011307,-0.0083923,-0.03418,-0.047836
-0.011841,0.013855,0.018784,0.0092468,-0.010483,-0.025055
0.0054779,0.020111,0.017166,0.025864,0.0088806,-0.0054626
0.015457,0.011017,0.029251,0.041855,0.024445,0.013702
0.023804,0.012634,0.048218,0.052902,0.04364,0.036377
0.034851,0.029541,0.050705,0.051483,0.062714,0.050659
0.035172,0.034348,0.032028,0.038803,0.066986,0.052185
0.022873,0.014145,0.012039,0.024689,0.04776,0.046143
0.010529,-0.010727,0.0031891,0.0087738,0.021866,0.032288
-0.0034027,-0.018066,-0.009964,-0.014618,0.0050201,0.011551
-0.017654,-0.017181,-0.036087,-0.040619,-0.012482,-0.0096588
-0.029175,-0.030609,-0.06163,-0.05835,-0.039932,-0.03096
-0.042465,-0.054077,-0.072678,-0.06369,-0.067169,-0.050964
-0.055084,-0.066116,-0.071609,-0.063522,-0.076431,-0.06601
-0.059799,-0.059479,-0.071762,-0.057373,-0.067368,-0.073364
-0.055191,-0.051468,-0.068726,-0.040726,-0.055893,-0.068817
-0.051453,-0.051346,-0.046402,-0.022141,-0.042969,-0.060623
-0.05043,-0.044174,-0.015594,-0.0063324,-0.025467,-0.049927
-0.039291,-0.025421,-0.00032043,0.0085754,-0.013306,-0.02861
-0.014465,-0.0058594,0.0037689,0.016754,-0.0032349,-0.0079956
0.0086212,0.0078278,0.016006,0.01413,0.0076141,0.0029602
0.013138,0.019318,0.035645,0.011124,0.012436,0.012329
0.012756,0.034729,0.04277,0.014008,0.011368,0.024887
0.028366,0.04538,0.030991,0.012268,0.0050812,0.030151
0.044281,0.040344,0.020538,0.0049896,-0.00019836,0.023376
0.035736,0.031891,0.023407,0.0019073,0.002533,0.019928
0.017136,0.033173,0.027603,0.0048828,0.011795,0.025528
0.01767,0.033951,0.021301,0.0090485,0.019989,0.028198
0.029755,0.022797,0.007431,0.014404,0.020981,0.024017
0.029526,0.0050049,-0.0007782,0.026917,0.0233,0.020447
0.01683,-0.0047913,0.006073,0.036346,0.035431,0.022049
0.0074768,-0.0014801,0.017273,0.03009,0.047653,0.026581
0.01088,0.0044556,0.014145,0.023148,0.044632,0.027695
0.019592,0.0019684,-0.001358,0.027847,0.030121,0.021317
0.017807,-0.0059662,-0.0054474,0.02951,0.022369,0.013718
0.0025787,-0.004303,0.011124,0.015106,0.021362,0.0094757
-0.0096893,0.0085754,0.021088,-0.0032806,0.0094147,0.0031738
-0.0083313,0.015503,0.011795,-0.0097198,-0.01535,-0.010422
-0.0074158,0.0074768,0.0027924,-0.011826,-0.033615,-0.028442
-0.018326,-0.0053711,0.00065613,-0.02063,-0.037277,-0.035782
-0.029236,-0.0099487,-0.0027466,-0.029282,-0.036011,-0.030182
-0.027557,-0.0070496,-0.011078,-0.029129,-0.033829,-0.025879
-0.017181,-0.0088501,-0.017654,-0.023254,-0.028564,-0.023422
-0.010223,-0.019821,-0.020508,-0.01857,-0.018768,-0.017868
-0.0071411,-0.026352,-0.027161,-0.013016,-0.0058594,-0.0063019
-0.0010986,-0.021332,-0.03186,-0.0052185,0.007019,0.0089569
0.0056458,-0.015701,-0.027191,-0.00019836,0.019348,0.016312
0.0074615,-0.01622,-0.018341,0.0030823,0.023407,0.01622
0.0024719,-0.017868,-0.013275,0.0011444,0.013336,0.015808
-0.0042572,-0.014587,-0.017059,-0.0087891,0.00024414,0.010941
-0.0090485,-0.009552,-0.02037,-0.014435,-0.010208,-0.0018463
-0.013016,-0.0078735,-0.012299,-0.015381,-0.020432,-0.015625
-0.016769,-0.0053406,-0.0029602,-0.024063,-0.030029,-0.025085
-0.022415,0.00038147,-0.003952,-0.033371,-0.04126,-0.032211
-0.024796,0.0023499,-0.0071411,-0.025803,-0.048508,-0.037872
-0.018372,-0.001358,-0.0019226,-0.0073242,-0.041824,-0.040237
-0.0081177,0.0021362,0.0088501,0.0039063,-0.021271,-0.030838
0.0014191,0.016571,0.019638,0.010422,0.0010529,-0.0069885
0.011948,0.024963,0.028152,0.025375,0.013596,0.0121
0.024643,0.022156,0.036346,0.046585,0.026047,0.019974
0.034943,0.022507,0.043594,0.056854,0.045151,0.031006
0.037201,0.029892,0.04126,0.050797,0.057434,0.046585
0.032898,0.028595,0.031616,0.039139,0.05806,0.054367
0.025085,0.013931,0.023514,0.027969,0.049988,0.04715
0.012741,0.00054932,0.01384,0.01857,0.036514,0.03389
0.0015411,-0.0048828,-0.0015259,0.0059814,0.024704,0.021835
-0.0033264,-0.008194,-0.019073,-0.013855,0.0085144,0.0066223
-0.010651,-0.016769,-0.033966,-0.033752,-0.017929,-0.011841
-0.026352,-0.028961,-0.043564,-0.045456,-0.040482,-0.029892
-0.039673,-0.036377,-0.049011,-0.04863,-0.051163,-0.045837
-0.039307,-0.038895,-0.053055,-0.051682,-0.059753,-0.055725
-0.034225,-0.038879,-0.056534,-0.054733,-0.067429,-0.057144
-0.037399,-0.037369,-0.054276,-0.044434,-0.060226,-0.054947
-0.041138,-0.036972,-0.038101,-0.021439,-0.040451,-0.050018
-0.034943,-0.0327,-0.017044,-0.0063782,-0.02652,-0.039932
-0.020538,-0.017807,-0.0042725,-0.0040131,-0.021118,-0.025314
-0.0032806,0.003006,0.0063782,0.0032043,-0.01152,-0.0067902
0.011032,0.018387,0.022476,0.022659,0.010223,0.0081329
0.017776,0.027451,0.042725,0.040924,0.032257,0.017471
0.021332,0.037537,0.056335,0.040833,0.036606,0.031235
0.032303,0.04567,0.051361,0.029297,0.030365,0.045288
0.044174,0.047913,0.043777,0.030884,0.036331,0.047882
0.042603,0.048431,0.052841,0.046982,0.054947,0.045456
0.036774,0.048004,0.05986,0.053009,0.064346,0.050003
0.041824,0.043015,0.046646,0.040451,0.056381,0.059143
0.053253,0.036087,0.030731,0.029724,0.048264,0.064926
0.059326,0.035431,0.031784,0.036621,0.056427,0.063477
0.056061,0.039505,0.039505,0.049103,0.069885,0.056122
0.050186,0.037903,0.033661,0.044891,0.065414,0.049026
0.046234,0.027237,0.019424,0.026138,0.042664,0.04451
0.038651,0.019302,0.014206,0.014175,0.023819,0.039703
0.027954,0.022125,0.018402,0.016418,0.021866,0.026398
0.016998,0.023849,0.021347,0.019318,0.022537,0.0034637
0.0048676,0.015289,0.017899,0.0077667,0.0092773,-0.011032
-0.0093536,0.0013275,0.012665,-0.0093842,-0.011078,-0.01149
-0.023239,-0.0079498,0.0061798,-0.017014,-0.021881,-0.012436
-0.026688,-0.0093079,-0.0034332,-0.020142,-0.019913,-0.019806
-0.021271,-0.010757,-0.0079803,-0.021881,-0.016632,-0.025391
-0.016968,-0.014191,-0.0070038,-0.021042,-0.016647,-0.020157
-0.011887,-0.014816,-0.0096436,-0.020508,-0.014282,-0.010391
-0.0030823,-0.01088,-0.01564,-0.019135,-0.0088196,-0.0030365
0.0075073,-0.0044861,-0.0186,-0.016998,-0.0019531,0.0071564
0.01532,-0.0028076,-0.017273,-0.012787,0.0067444,0.015732
0.014374,-0.006012,-0.014938,-0.0078735,0.013901,0.014938
0.0074615,-0.0050812,-0.01355,-0.009964,0.01059,0.010941
0.0048218,-0.00097656,-0.013931,-0.01796,-0.0032959,0.010284
0.0055847,-0.00024414,-0.016418,-0.02446,-0.016312,0.0065613
-0.0010834,-0.0016632,-0.016296,-0.022598,-0.020859,-0.0077362
-0.012466,-0.0030518,-0.0081787,-0.014709,-0.017166,-0.023544
-0.017868,-0.0015259,0.00354,-0.01181,-0.015503,-0.027328
-0.01593,0.0021362,0.0091248,-0.0099792,-0.022659,-0.020981
-0.009613,0.0037537,0.0069275,-0.00012207,-0.025772,-0.018082
-0.0053558,0.0086517,0.011383,0.012726,-0.010727,-0.020889
-0.0025482,0.016693,0.029694,0.022812,0.013184,-0.013168
0.007019,0.020828,0.043289,0.029251,0.02388,0.0091705
0.020462,0.021515,0.040298,0.031342,0.021942,0.025696
0.028,0.019867,0.031784,0.030655,0.020813,0.025452
0.022964,0.018799,0.028107,0.027313,0.024261,0.022476
0.012863,0.018127,0.023392,0.017838,0.032761,0.026901
0.011017,0.0092621,0.011612,0.0047913,0.034866,0.030518
0.01088,-0.0077057,-0.0054169,-0.0045929,0.019821,0.02301
-0.0020752,-0.019928,-0.023972,-0.013153,-0.001709,0.0047913
-0.022308,-0.023117,-0.038605,-0.029816,-0.015121,-0.013992
-0.033371,-0.029907,-0.051132,-0.048965,-0.024078,-0.028198
-0.037582,-0.04657,-0.062698,-0.061081,-0.043427,-0.039978
-0.048508,-0.06105,-0.070465,-0.066193,-0.069519,-0.054153
-0.065735,-0.06514,-0.075287,-0.065598,-0.084335,-0.074905
-0.0755,-0.064774,-0.075516,-0.066254,-0.083893,-0.086945
-0.070129,-0.065186,-0.071304,-0.069443,-0.078461,-0.079315
-0.058975,-0.060837,-0.06575,-0.063034,-0.077057,-0.068008
-0.049789,-0.047684,-0.053772,-0.042236,-0.07309,-0.061111
-0.036652,-0.032516,-0.032684,-0.020355,-0.05481,-0.050156
-0.019943,-0.017685,-0.014099,-0.01207,-0.028152,-0.030289
-0.0087738,-0.0031738,-0.003067,-0.0062561,-0.0075989,-0.0098114
-0.0027008,0.0067139,0.0061951,0.011154,0.0028992,0.0042877
0.004425,0.012268,0.015717,0.026047,0.010544,0.012115
0.01358,0.014236,0.023804,0.025406,0.019653,0.016403
0.017075,0.01506,0.025391,0.020355,0.028793,0.024933
0.01178,0.018173,0.021225,0.026627,0.036102,0.032333
0.0090332,0.019394,0.02301,0.039063,0.03656,0.030212
0.014664,0.016922,0.03273,0.042282,0.03479,0.026703
0.024796,0.016953,0.036713,0.038864,0.042068,0.033188
0.032959,0.023376,0.031967,0.036545,0.051773,0.045242
0.033325,0.030792,0.027527,0.036926,0.049011,0.0466
0.034439,0.031906,0.025192,0.03862,0.036789,0.036713
0.04007,0.028412,0.02478,0.033813,0.031311,0.029022
0.037659,0.024063,0.026077,0.023987,0.030548,0.028824
0.024063,0.019104,0.021439,0.015274,0.019669,0.024292
0.0052643,0.01445,0.0060577,0.0056763,0.0037994,0.0048065
-0.0067902,0.0054016,-0.0088501,-0.003891,-0.0083466,-0.014297
-0.0078888,-0.01265,-0.014587,-0.013397,-0.01799,-0.017242
-0.016708,-0.029984,-0.0186,-0.023315,-0.023209,-0.015976
-0.036209,-0.034042,-0.022552,-0.027985,-0.026382,-0.023422
-0.043884,-0.024872,-0.022751,-0.026367,-0.032318,-0.035065
-0.031281,-0.017029,-0.022125,-0.025192,-0.03685,-0.041702
-0.016891,-0.022537,-0.021225,-0.027176,-0.035721,-0.035095
-0.017258,-0.027542,-0.01799,-0.02533,-0.030914,-0.019852
-0.020828,-0.017029,-0.013123,-0.017563,-0.022522,-0.011719
-0.014145,-0.0032806,-0.011078,-0.01152,-0.01265,-0.012268
-0.0024567,-0.0016479,-0.016373,-0.010223,-0.0067596,-0.011307
0.0051727,-0.0095978,-0.022095,-0.011093,-0.006424,-0.0041046
0.0014038,-0.011551,-0.019302,-0.011536,-0.0091248,0.0022583
-0.0065765,-0.00061035,-0.012558,-0.011612,-0.0092621,-0.00012207
-0.0029602,0.0075836,-0.0112,-0.010834,-0.0058289,-0.0029144
0.0051727,-0.00053406,-0.014145,-0.0068359,-0.0034637,-0.0016632
0.002533,-0.01268,-0.0094452,-0.0013275,-0.0049591,-0.0013733
-0.0067596,-0.0077667,0.00065613,0.0044708,-0.006546,-0.0022278
-0.0093536,0.0072784,0.0056915,0.0097198,-0.0029755,-0.00737
-0.0031891,0.0082245,0.0121,0.017731,0.0053253,-0.0084686
-0.00010681,-0.00053406,0.023163,0.030579,0.012527,0.0010223
-0.0013428,0.0029449,0.032898,0.035431,0.013351,0.0062408
0.0036316,0.017502,0.03772,0.030365,0.010178,0.0037994
0.0095215,0.022079,0.037064,0.02771,0.010742,0.0047455
0.0088959,0.013138,0.031219,0.027115,0.01973,0.014435
0.0089417,0.0071869,0.021133,0.021957,0.027252,0.024948
0.014877,0.010117,0.01059,0.0094757,0.021027,0.024948
0.017273,0.012024,-0.0016632,-0.0051117,0.01059,0.015381
0.0062408,-0.0007019,-0.016006,-0.010193,0.007019,0.0050507
-0.0087433,-0.019791,-0.026276,-0.0092468,0.0039673,0.00056458
-0.018433,-0.024567,-0.030441,-0.01889,-0.0068207,-0.005127
-0.023743,-0.022125,-0.035614,-0.034943,-0.023514,-0.021576
-0.027359,-0.03157,-0.044968,-0.037827,-0.036743,-0.038971
-0.037415,-0.046158,-0.048508,-0.032318,-0.042175,-0.04422
-0.049957,-0.047394,-0.044373,-0.034286,-0.046036,-0.045258
-0.049591,-0.036209,-0.039825,-0.041061,-0.052872,-0.051453
-0.034073,-0.025772,-0.034668,-0.041183,-0.056992,-0.051056
-0.016068,-0.021973,-0.027084,-0.032562,-0.053299,-0.03511
-0.0084534,-0.01593,-0.018188,-0.022995,-0.042252,-0.017975
-0.0064087,0.00073242,-0.0098267,-0.015106,-0.026855,-0.012146
0.0027924,0.017426,-0.0020599,-0.0068665,-0.011612,-0.008316
0.017654,0.017624,0.006424,0.0043335,0.0014648,0.0062103
0.026291,0.0083008,0.014038,0.017487,0.0098419,0.022949
0.022842,0.011337,0.017075,0.024994,0.01506,0.024826
0.016312,0.023987,0.020462,0.027939,0.026199,0.020584
0.016937,0.028427,0.030548,0.037125,0.043686,0.026306
0.024628,0.022736,0.039902,0.052017,0.057709,0.038956
0.033234,0.020813,0.04657,0.063843,0.063873,0.048248
0.03595,0.032898,0.056549,0.071426,0.066742,0.049271
0.035568,0.048187,0.067337,0.073929,0.074982,0.051834
0.040771,0.054337,0.073227,0.072388,0.084396,0.060806
0.049377,0.053131,0.072281,0.068039,0.080811,0.06517
0.053894,0.05101,0.066742,0.057983,0.066879,0.05896
0.052628,0.052429,0.054199,0.043427,0.051025,0.05014
0.048233,0.046661,0.03569,0.026413,0.03656,0.047089
0.039169,0.030014,0.019608,0.0091858,0.029144,0.041718
0.025406,0.015594,0.0059052,-0.0054626,0.023346,0.027695
0.015762,0.0032959,-0.0084229,-0.014404,0.007309,0.013184
0.0082092,-0.0084534,-0.021591,-0.01796,-0.011383,0.0033112
-0.0018768,-0.016434,-0.02417,-0.022736,-0.018219,-0.0041656
-0.010635,-0.017288,-0.013306,-0.028473,-0.017487,-0.012085
-0.015488,-0.01059,-0.0075989,-0.030121,-0.020462,-0.020966
-0.013565,-0.0058136,-0.012497,-0.024994,-0.027313,-0.025635
-0.0080566,-0.0050659,-0.0082703,-0.017136,-0.028458,-0.021255
-0.0052795,-0.0017853,0.006546,-0.016037,-0.021957,-0.015381
-0.0062714,0.0071716,0.014481,-0.015778,-0.014755,-0.01506
-0.0059662,0.014084,0.0089111,-0.0079956,-0.009079,-0.014481
-0.00053406,0.0096588,-0.0023651,-0.0014038,-0.0043793,-0.0075073
0.0049591,0.001709,-0.0054626,-0.0049133,0.0019531,0.0028839
0.0072479,0.0028687,-0.0015717,-0.010818,0.0057678,0.0085449
0.0078583,0.0089264,-0.0048065,-0.0088654,0.0019836,0.0076141
0.0092926,0.0049591,-0.014069,-0.0077209,0.0014648,0.0079651
0.0083313,-0.0095978,-0.019684,-0.012787,0.006485,0.010803
0.00094604,-0.016739,-0.018265,-0.010681,0.005722,0.0076752
-0.0040894,-0.011063,-0.0092773,0.00082397,0.00033569,0.00030518
-0.0050964,-0.0067139,0.0016327,0.0069122,-0.0016327,-0.0015717
-0.0070648,-0.0089874,0.0066071,0.0059204,-0.0017853,-0.00177
-0.0098572,-0.009079,0.0083313,0.0052032,-0.0053406,-0.010574
-0.013992,0.00097656,0.015762,0.0057526,-0.0085602,-0.017822
-0.010284,0.011536,0.027298,0.0093689,-0.0055084,-0.0097504
0.0023041,0.010391,0.027557,0.012772,0.0016632,0.0036163
0.0091705,0.0047455,0.014938,0.0099792,0.0072937,0.0087128
0.0056,0.0037842,0.0060577,0.0010681,0.0066528,0.0031586
-0.0013428,0.0068054,0.0015717,-0.0088806,0.0020599,-0.0038147
-0.0026093,0.0016174,-0.0086823,-0.013931,0.0019531,0.00030518
-0.0052795,-0.01767,-0.025818,-0.017563,0.0029449,0.0053101
-0.018051,-0.034729,-0.041931,-0.022675,-0.0072937,-0.0081635
-0.032211,-0.041595,-0.04689,-0.028915,-0.026276,-0.031342
-0.042328,-0.046509,-0.047379,-0.041595,-0.03862,-0.041077
-0.049255,-0.049255,-0.054276,-0.051422,-0.04184,-0.041061
-0.053268,-0.049606,-0.058563,-0.043671,-0.048096,-0.049118
-0.051361,-0.047867,-0.046707,-0.032715,-0.057648,-0.059967
-0.041382,-0.037277,-0.028809,-0.037781,-0.060623,-0.05632
-0.028091,-0.020401,-0.026245,-0.046875,-0.056427,-0.038986
-0.016052,-0.0061493,-0.031784,-0.042511,-0.048676,-0.023407
-0.0055847,-0.00093079,-0.024521,-0.030731,-0.039795,-0.018616
0.0031891,-0.0020599,-0.010696,-0.023575,-0.032028,-0.017502
0.0098572,0.00042725,-0.0094757,-0.020813,-0.025238,-0.0068359
0.014481,0.0050354,-0.020279,-0.01651,-0.021179,0.0071411
0.014008,0.0045624,-0.021957,-0.0080872,-0.016144,0.009613
0.0084381,0.00022888,-0.0041351,0.0046234,-6.1035e-05,0.0031128
0.0034332,-0.00027466,0.016846,0.022171,0.019897,0.0012054
0.0077515,0.0072327,0.02359,0.040939,0.031296,0.013489
0.018845,0.016388,0.021118,0.051941,0.039017,0.029999
0.019638,0.022491,0.031509,0.0569,0.048798,0.031952
0.012802,0.02916,0.05899,0.064743,0.057404,0.022461
0.013275,0.03598,0.075806,0.072235,0.061081,0.021713
0.019653,0.037338,0.066437,0.071823,0.061172,0.034088
0.020813,0.034088,0.053177,0.064514,0.059082,0.040115
0.0159,0.031799,0.053299,0.054398,0.053635,0.032898
0.020233,0.029907,0.05072,0.039551,0.047195,0.030594
0.030563,0.021439,0.028519,0.021713,0.041443,0.040024
0.027634,0.0069122,-0.0023804,0.008255,0.033752,0.046097
0.018112,-0.0032501,-0.017914,-0.0016632,0.02301,0.036026
0.016159,-0.0080566,-0.01622,-0.012527,0.0089417,0.019821
0.014343,-0.013031,-0.015717,-0.023163,-0.0055695,0.010818
0.0044403,-0.013428,-0.023514,-0.028122,-0.012863,0.0040588
-0.0042725,-0.0074615,-0.026474,-0.025131,-0.016586,-0.0066223
-0.0051727,-0.0041504,-0.011887,-0.018082,-0.024033,-0.021606
-0.0072784,-0.0028381,0.0066986,-0.014755,-0.029724,-0.031876
-0.013474,0.0048218,0.013245,-0.01683,-0.030304,-0.027115
-0.01326,0.015991,0.013458,-0.016129,-0.027618,-0.019852
-0.0059814,0.021637,0.014618,-0.0070953,-0.021927,-0.023544
-4.5776e-05,0.018433,0.017288,0.0029907,-0.011856,-0.023438
0.0059052,0.013123,0.014221,0.0032806,0.0032196,-0.0049438
0.01265,0.013092,0.0023804,-0.0018768,0.012833,0.017044
0.016968,0.012863,-0.0053558,-0.0040436,0.010742,0.024261
0.020111,0.0047607,-0.0069733,-0.0014038,0.010376,0.021042
0.018921,-0.0062866,-0.012787,0.0018768,0.018784,0.019043
0.009964,-0.012527,-0.0186,-0.0009613,0.02211,0.018951
-0.0014191,-0.014755,-0.01709,-0.0060577,0.0073242,0.013367
-0.0088654,-0.016586,-0.012817,-0.0077667,-0.013077,-0.00019836
-0.012772,-0.019165,-0.010849,-0.0070343,-0.01796,-0.01503
-0.018478,-0.019775,-0.010757,-0.0068665,-0.011475,-0.022369
-0.024796,-0.012833,-0.0058746,-0.0074768,-0.012085,-0.021912
-0.022614,-0.0018463,0.0083313,-0.0051575,-0.020294,-0.019012
-0.011368,0.002533,0.017639,-0.00030518,-0.022369,-0.018265
-0.004837,0.0024719,0.010773,0.0019836,-0.014603,-0.020294
-0.0074768,0.0053864,0.0029144,-0.00042725,-0.0057373,-0.016327
-0.0075989,0.0078278,0.0035095,-0.0042877,-0.0033112,-0.0073853
-0.0048981,-0.00053406,0.0023651,-0.0044861,-0.0015717,-0.0030975
-0.0080261,-0.018311,-0.0095825,-0.0029144,0.0020599,-0.003067
-0.015442,-0.029602,-0.027756,-0.0069427,0.0002594,-0.0063019
-0.022995,-0.031631,-0.036407,-0.014496,-0.0065155,-0.012009
-0.029968,-0.033081,-0.033035,-0.019882,-0.01413,-0.02037
-0.035995,-0.036499,-0.030823,-0.021942,-0.01915,-0.027863
-0.038696,-0.039261,-0.034515,-0.020798,-0.021545,-0.029144
-0.036652,-0.035828,-0.034744,-0.019638,-0.026352,-0.029953
-0.029724,-0.024963,-0.026566,-0.022202,-0.033691,-0.030746
-0.020462,-0.013031,-0.017334,-0.027969,-0.036758,-0.02684
-0.014313,-0.0048065,-0.012497,-0.032242,-0.033798,-0.019669
-0.0066833,1.5259e-05,-0.014542,-0.031158,-0.029327,-0.011703
0.0050507,-0.00059509,-0.021042,-0.025131,-0.02916,-0.0075836
0.013687,-0.0035706,-0.02272,-0.023239,-0.03244,-0.0051422
0.017426,-0.0007019,-0.019379,-0.02861,-0.029755,0.0024109
0.016724,0.0069427,-0.015442,-0.027618,-0.020401,0.0092163
0.016739,0.010849,-0.012314,-0.012619,-0.010315,0.0076752
0.023071,0.0074921,-0.0085297,0.0070648,-0.0037689,0.0045319
0.026367,0.0067444,0.0025482,0.018967,0.0015869,0.0080261
0.015442,0.015518,0.017441,0.023544,0.0086517,0.011551
-0.00016785,0.023651,0.027161,0.027954,0.017365,0.0060272
-0.0034332,0.021072,0.029709,0.035782,0.025467,-0.0047302
-0.0022278,0.009552,0.029922,0.045898,0.023529,-0.0089722
-0.012955,-0.0005188,0.033295,0.046906,0.018768,-0.0061493
-0.029617,-0.0013733,0.032776,0.038147,0.023331,-0.0067291
-0.03331,-0.002533,0.023972,0.031647,0.029694,-0.0083466
-0.02095,-0.011795,0.010513,0.030579,0.030792,-0.0027771
-0.0090485,-0.022522,-0.0015106,0.030624,0.03096,0.011353
-0.0032959,-0.028137,-0.0061188,0.022446,0.037277,0.027832
0.0033722,-0.022507,-0.0090942,0.0083923,0.039276,0.03717
0.012589,-0.009491,-0.012909,6.1035e-05,0.027176,0.039505
0.020889,-0.0022888,-0.014725,-0.0029602,0.015915,0.03569
0.022766,-0.0015259,-0.012863,-0.0039673,0.012711,0.025452
0.018555,0.0050049,-0.0017853,-0.0054169,0.0068207,0.01297
0.014038,0.018326,0.012131,-0.0080109,-0.0072327,0.0022583
0.0089264,0.024734,0.017258,-0.0091705,-0.02124,-0.006958
0.0015869,0.022751,0.015091,-0.010376,-0.026825,-0.018341
-0.0029144,0.023483,0.016205,-0.0092773,-0.026154,-0.02684
-0.0026855,0.02774,0.025635,-0.0020142,-0.021164,-0.026352
-0.00086975,0.023651,0.030228,0.006546,-0.012222,-0.018509
0.0018463,0.013824,0.020248,0.010376,-0.0021667,-0.0052338
0.0072937,0.011093,0.0049591,0.0071411,0.0071564,0.0089111
0.01796,0.0099182,-0.0067139,0.0007019,0.016266,0.019699
0.029007,0.0018768,-0.012619,0.00016785,0.023895,0.028763
0.028824,-0.0097961,-0.014343,0.0049133,0.023804,0.035416
0.016449,-0.014832,-0.017929,-0.00065613,0.014999,0.033234
0.0053101,-0.011841,-0.023941,-0.015289,0.004776,0.020706
0.0018921,-0.011765,-0.026962,-0.020096,-0.0028229,0.0060577
-0.00177,-0.016754,-0.021683,-0.012878,-0.010895,-0.0056
-0.012177,-0.018265,-0.0094299,-0.0064545,-0.020477,-0.015305
-0.022964,-0.0091858,-0.00074768,-0.013214,-0.026993,-0.021805
-0.022934,0.0029449,0.00067139,-0.022552,-0.030197,-0.027924
-0.015625,0.0062866,-0.0014954,-0.016464,-0.033325,-0.033585
-0.010193,0.0015869,-0.0011749,-0.0060883,-0.033096,-0.031082
-0.011093,-0.0029907,0.002121,-0.0062256,-0.025848,-0.026611
-0.01915,-0.004715,-0.0027924,-0.013626,-0.018478,-0.027054
-0.025391,-0.012802,-0.016556,-0.017715,-0.016296,-0.022827
-0.02359,-0.029388,-0.027481,-0.011093,-0.015182,-0.013031
-0.018341,-0.039108,-0.030579,-0.0013275,-0.011215,-0.011276
-0.020447,-0.032883,-0.026794,0.00027466,-0.0032806,-0.01944
-0.029282,-0.025696,-0.018921,-0.0041504,0.0036316,-0.018372
-0.032181,-0.027573,-0.013519,-0.0019226,0.0049438,-0.0041809
-0.02388,-0.0242,-0.012497,0.010834,0.0051422,-0.00047302
-0.0077667,-0.010742,-0.0068207,0.018127,0.0079803,-0.0077515
0.00094604,0.0016327,0.007782,0.012222,0.01001,-0.0029449
-0.0026855,0.0085449,0.019302,0.0037994,0.011734,0.013077
-0.0012512,0.012207,0.016953,0.0027618,0.012405,0.01944
0.012054,0.014145,0.0075531,0.0060577,0.0036316,0.011047
0.024246,0.015106,0.0019379,0.0014496,-0.0063324,0.005722
0.026001,0.01535,0.0021362,-0.010483,-0.0071716,0.013916
0.021973,0.014221,0.0050201,-0.017899,-0.0059357,0.022995
0.021606,0.015884,0.0033112,-0.014252,-0.006424,0.02063
0.030884,0.022034,-0.0020752,-0.0026245,-0.0070343,0.013672
0.044052,0.026215,0.0019073,0.0069427,-0.0037231,0.016464
0.047226,0.031311,0.01799,0.0084076,0.0038147,0.0242
0.037354,0.04306,0.033813,0.0093689,0.0084686,0.021667
0.027527,0.050186,0.036118,0.017563,0.0074615,0.009552
0.021515,0.04068,0.028778,0.026688,0.0039368,-0.0026703
0.0097046,0.023148,0.027878,0.028717,0.002182,-0.0089569
-0.0068817,0.010452,0.031342,0.022751,0.0050049,-0.013275
-0.022934,0.0029144,0.025482,0.017075,0.0094604,-0.02153
-0.034454,-0.0069275,0.0077362,0.017166,0.0095825,-0.02327
-0.036438,-0.025574,-0.0095673,0.017044,0.0088196,-0.01207
-0.02919,-0.0457,-0.015808,0.013275,0.01535,-0.0009613
-0.021729,-0.051025,-0.018234,0.0066223,0.024918,0.0023193
-0.020279,-0.039154,-0.023682,0.0017242,0.025131,0.0069427
-0.015717,-0.027039,-0.028488,-0.00048828,0.017761,0.019882
-0.0046692,-0.025238,-0.024261,-0.0015564,0.016251,0.027985
0.0058899,-0.020828,-0.0075531,0.0032959,0.020554,0.019836
0.009964,-0.0022888,0.0072174,0.0089417,0.019577,0.0071716
0.0057831,0.020264,0.013214,0.0078583,0.010147,0.006424
0.0045471,0.031281,0.023575,0.0060272,0.0018158,0.012238
0.011749,0.033173,0.0401,0.013031,0.0018463,0.0042419
0.017044,0.038971,0.052826,0.025726,0.0063324,-0.011871
0.011597,0.046478,0.055374,0.029846,0.010864,-0.012161
0.0056458,0.043427,0.050018,0.026505,0.013336,0.0055389
0.016022,0.033981,0.044312,0.026901,0.019928,0.021927
0.033737,0.030701,0.035278,0.028976,0.033188,0.025848
0.041199,0.025497,0.021698,0.026062,0.039566,0.031143
0.038315,0.011581,0.011673,0.01799,0.038513,0.046158
0.036362,0.0044556,0.0034943,0.0069885,0.03598,0.057556
0.0392,0.007309,-0.0074768,-0.0034943,0.028625,0.053452
0.037155,0.0071411,-0.017014,-0.012192,0.020615,0.03804
0.027191,0.0011597,-0.019745,-0.019348,0.011749,0.024231
0.014648,-0.0033722,-0.014999,-0.02182,-0.0022278,0.016129
0.0027771,-0.0022278,-0.0090637,-0.024231,-0.014832,0.0053558
-0.0053253,0.0011292,-0.009903,-0.030807,-0.024811,-0.012955
-0.010178,0.002594,-0.014008,-0.033371,-0.036499,-0.028244
-0.016113,-0.00013733,-0.011215,-0.030441,-0.045166,-0.035339
-0.023804,-0.0070801,-0.0052643,-0.027634,-0.045197,-0.041351
-0.029388,-0.013611,-0.0075073,-0.026505,-0.042053,-0.045471
-0.03038,-0.01738,-0.018707,-0.028412,-0.04332,-0.04567
-0.031586,-0.021317,-0.027954,-0.030502,-0.046371,-0.043961
-0.036697,-0.028595,-0.02594,-0.026291,-0.044495,-0.043274
-0.039078,-0.038025,-0.024155,-0.019241,-0.035156,-0.046616
-0.03746,-0.04129,-0.033859,-0.015121,-0.022781,-0.043411
-0.035004,-0.035828,-0.038712,-0.012283,-0.012497,-0.025284
-0.03125,-0.029999,-0.028961,-0.0079498,-0.0033722,-0.007019
-0.025543,-0.026917,-0.0177,-0.00013733,0.0039825,-0.0044098
-0.014297,-0.022919,-0.011368,0.0081177,0.011078,-0.0071716
-0.0041504,-0.013062,-0.006897,0.013184,0.021378,0.0040436
-0.0035095,3.0518e-05,0.0027771,0.014999,0.027817,0.022629
-0.0027924,0.0056458,0.013702,0.013611,0.025467,0.029877
0.0076904,0.003479,0.011932,0.011627,0.021011,0.023071
0.019699,0.0020142,0.0039063,0.009903,0.01973,0.017059
0.018112,0.0058594,0.0018005,0.0070343,0.017853,0.022217
0.012314,0.010605,0.0055237,0.0051727,0.013885,0.027466
0.021103,0.011719,0.010483,0.0064697,0.011063,0.027023
0.036118,0.017838,0.014084,0.0072784,0.0070801,0.026642
0.045166,0.035126,0.019791,0.0076294,0.0064087,0.025391
0.050247,0.05275,0.029739,0.013718,0.014282,0.024353
0.054764,0.059341,0.041183,0.020767,0.018509,0.028503
0.056503,0.060486,0.048965,0.021805,0.01297,0.03363
0.052368,0.06073,0.048584,0.019135,0.0085602,0.028824
0.042938,0.054474,0.043289,0.01857,0.010208,0.012558
0.027451,0.042801,0.035904,0.019623,0.01416,0.0012665
0.0097961,0.026245,0.022324,0.014374,0.013733,0.0058594
-0.0029297,0.0030518,0.0056915,0.0045319,0.006012,0.0079193
-0.010574,-0.020172,-0.0097046,-0.0045013,-0.00041199,-0.0024109
-0.01857,-0.034363,-0.022858,-0.010834,-0.0022736,-0.010605
-0.027496,-0.040863,-0.034042,-0.015961,-0.0024261,-0.010361
-0.031403,-0.045013,-0.0457,-0.022797,-0.0017548,-0.0074921
-0.028976,-0.046921,-0.046967,-0.02507,-0.0059814,-0.0069885
-0.02449,-0.046143,-0.035568,-0.02153,-0.013901,-0.0087433
-0.023529,-0.037949,-0.02771,-0.017151,-0.015182,-0.013855
-0.024857,-0.021454,-0.024094,-0.01088,-0.0071564,-0.01889
-0.024887,-0.008316,-0.012161,-0.0032806,-0.00093079,-0.019363
-0.023788,-0.0058899,0.0091553,0.0056763,-0.0027313,-0.018829
-0.01976,-0.0014648,0.026337,0.015137,-0.0023499,-0.018677
-0.016357,0.013733,0.032303,0.020889,0.0030823,-0.017654
-0.015671,0.02272,0.033188,0.024979,0.0087738,-0.013672
-0.011627,0.016724,0.035446,0.028885,0.016052,-0.0061188
-0.0027771,0.0089569,0.039749,0.033264,0.023453,0.0021667
0.0084686,0.0081787,0.038116,0.035065,0.026596,0.013138
0.018753,0.012466,0.025192,0.027298,0.027954,0.028046
0.027176,0.01561,0.011414,0.017502,0.033188,0.039734
0.039215,0.013885,0.0053864,0.012177,0.037964,0.045334
0.050003,0.013184,0.0010529,0.0055389,0.03714,0.051208
0.051743,0.017014,-0.0035095,-0.0043182,0.033798,0.058884
0.04863,0.020096,-0.0063324,-0.010956,0.026917,0.057892
0.042984,0.022446,-0.0055847,-0.0094147,0.017654,0.041779
0.034546,0.024094,-0.001709,-0.0092926,0.010925,0.022568
0.023468,0.020111,-0.00065613,-0.015961,0.0031433,0.011124
0.0097656,0.010727,0.00032043,-0.019928,-0.010666,0.0010834
-0.0063782,0.0015717,3.0518e-05,-0.018845,-0.027679,-0.016113
-0.022278,-0.0057831,-0.006134,-0.020584,-0.03978,-0.036697
-0.031219,-0.015808,-0.014023,-0.028824,-0.045807,-0.04921
-0.036377,-0.026138,-0.020645,-0.038651,-0.053787,-0.052338
-0.04454,-0.031738,-0.025162,-0.043015,-0.062576,-0.05629
-0.05072,-0.033356,-0.029419,-0.039413,-0.063629,-0.063828
-0.048889,-0.03186,-0.034302,-0.03627,-0.05864,-0.066208
-0.042557,-0.030899,-0.039154,-0.039032,-0.054886,-0.058441
-0.037292,-0.033173,-0.041,-0.03949,-0.050827,-0.046646
-0.034546,-0.034515,-0.036407,-0.031967,-0.039932,-0.036972
-0.030304,-0.029892,-0.03038,-0.019531,-0.026031,-0.026993
-0.020248,-0.021149,-0.026917,-0.0112,-0.014603,-0.018127
-0.011383,-0.015213,-0.022812,-0.0077362,-0.0024872,-0.010056
-0.011749,-0.016403,-0.017075,0.00053406,0.0088654,0.0040894
-0.014145,-0.021454,-0.011475,0.01059,0.014999,0.013
-0.010956,-0.020996,-0.0069122,0.011703,0.018585,0.010849
-0.0093536,-0.014816,-0.0065308,0.0060272,0.021851,0.0095215
-0.012711,-0.015503,-0.01123,0.0063782,0.019394,0.009079
-0.015808,-0.024094,-0.012314,0.015289,0.011887,0.0067139
-0.016388,-0.024597,-0.0039063,0.018143,0.0079193,0.0040894
-0.0095215,-0.0097656,0.0052795,0.0097198,0.0077667,0.0031281
0.0076752,0.011017,0.011002,0.0042877,0.007019,0.004364
0.026123,0.028015,0.018494,0.013397,0.0052643,0.0080261
0.035599,0.040756,0.031479,0.028046,0.0053558,0.016342
0.042236,0.052063,0.049667,0.030243,0.011566,0.026093
0.053848,0.063522,0.059296,0.025391,0.022186,0.030533
0.062469,0.073212,0.055695,0.029251,0.027725,0.029938
0.059326,0.071335,0.05188,0.037872,0.027374,0.032913
0.048828,0.054626,0.049271,0.038818,0.030228,0.040726
0.040802,0.032883,0.040222,0.028214,0.03511,0.042938
0.033417,0.015945,0.019989,0.013123,0.032806,0.034607
0.018402,0.0052795,-0.0066986,-0.0021973,0.017853,0.021729
-0.003006,-0.0098419,-0.024689,-0.016159,-0.0027618,0.0079193
-0.02034,-0.033936,-0.032394,-0.027176,-0.016373,-0.007843
-0.029541,-0.051056,-0.042175,-0.038284,-0.024475,-0.021561
-0.03801,-0.050003,-0.053986,-0.044266,-0.033768,-0.030548
-0.047058,-0.041992,-0.057663,-0.042618,-0.043503,-0.042511
-0.053589,-0.039368,-0.047012,-0.036819,-0.048187,-0.058441
-0.055008,-0.040039,-0.030899,-0.026398,-0.043686,-0.06337
-0.049911,-0.036804,-0.023941,-0.018112,-0.032608,-0.052643
-0.044464,-0.026459,-0.017868,-0.010117,-0.022186,-0.038071
-0.039886,-0.01265,-0.00038147,0.0070496,-0.012863,-0.030457
-0.032303,-0.0033569,0.018143,0.025269,-0.00061035,-0.030823
-0.02298,-0.0031281,0.030304,0.034821,0.0093842,-0.024139
-0.014435,-0.0039215,0.03598,0.035751,0.015793,-0.0022888
-0.0052338,0.0014648,0.031433,0.033234,0.02449,0.017212
0.0073547,0.0071716,0.024475,0.033386,0.032425,0.023834
0.020065,0.010269,0.020248,0.033112,0.036484,0.026672
0.029495,0.014557,0.015366,0.026733,0.039841,0.036819
0.038513,0.017746,0.01059,0.014038,0.041946,0.05455
0.046234,0.017899,0.0046387,0.0032043,0.039047,0.062851
0.049454,0.023743,0.00054932,0.0036926,0.033081,0.053284
0.048492,0.034821,0.0031433,0.0066528,0.029327,0.039627
0.04213,0.036072,0.0091705,0.00083923,0.023148,0.033554
0.031235,0.0242,0.012894,-0.0046692,0.014008,0.030457
0.021194,0.012207,0.010406,-0.0013275,0.0092316,0.01976
0.014252,0.009903,0.0049591,0.003891,0.004303,0.0035248
0.0045624,0.01001,0.0050201,0.0040894,-0.0036011,-0.0075836
-0.0071869,0.0025787,0.006958,-0.00093079,-0.011398,-0.012772
-0.013077,-0.0074463,0.0041351,-0.0086517,-0.016983,-0.018005
-0.017792,-0.010757,0.0010986,-0.013382,-0.020691,-0.023163
-0.021515,-0.0058441,-0.0014648,-0.014465,-0.026505,-0.027939
-0.018219,-0.0013123,-0.0061798,-0.017578,-0.032654,-0.032867
-0.014557,-0.0037994,-0.01268,-0.02478,-0.038895,-0.032608
-0.016357,-0.0081482,-0.015991,-0.033707,-0.042648,-0.028717
-0.018951,-0.009903,-0.014282,-0.036514,-0.038712,-0.028564
-0.015152,-0.0078583,-0.017212,-0.028473,-0.033539,-0.029266
-0.00737,-0.0053711,-0.023254,-0.018707,-0.029724,-0.022614
-0.0034943,-0.0076904,-0.022888,-0.016068,-0.021164,-0.010818
-0.0049896,-0.011154,-0.017441,-0.016876,-0.005188,-0.00073242
-0.0078278,-0.012634,-0.011337,-0.011917,0.0093536,0.0068512
-0.0066833,-0.01413,-0.012894,0.00079346,0.01152,0.0098114
-0.0036011,-0.018265,-0.022614,0.0083771,0.0085297,0.0065308
-0.0098114,-0.024918,-0.02652,0.0019073,0.0095825,0.00354
-0.023834,-0.031433,-0.022568,-0.0085907,0.010529,0.0016327
-0.03009,-0.035263,-0.02063,-0.0089264,0.0041199,-0.0070496
-0.027649,-0.032059,-0.022125,-0.0010223,-0.009903,-0.01796
-0.023132,-0.020859,-0.018234,-1.5259e-05,-0.018295,-0.02124
-0.016129,-0.0066223,-0.0041656,-0.0033722,-0.013565,-0.017059
-0.0038452,0.0061951,0.014771,0.0033112,-0.0038605,-0.0078278
0.016174,0.020874,0.03035,0.018356,0.0033417,0.0051117
0.037079,0.039185,0.036804,0.032501,0.0097961,0.018982
0.050659,0.054565,0.040634,0.039963,0.026123,0.031433
0.058197,0.061081,0.0522,0.044067,0.048798,0.046432
0.065582,0.05748,0.063431,0.051025,0.061569,0.064133
0.072952,0.05249,0.056671,0.053635,0.06311,0.072968
0.071381,0.052292,0.037949,0.043839,0.059311,0.070343
0.058777,0.047134,0.027466,0.025528,0.052826,0.06424
0.044098,0.031403,0.022507,0.0090332,0.041351,0.054718
0.033142,0.013779,0.011871,-0.00065613,0.0224,0.039368
0.020279,0.0042725,-0.0032043,-0.011246,0.0034943,0.020264
0.0018616,0.0029907,-0.015808,-0.025024,-0.009903,-0.0007782
-0.014847,0.00056458,-0.019669,-0.030334,-0.02121,-0.021439
-0.024948,-0.0096893,-0.01564,-0.024155,-0.031601,-0.037628
-0.030197,-0.023071,-0.014404,-0.019012,-0.035095,-0.043991
-0.037094,-0.028473,-0.021561,-0.021881,-0.029434,-0.043015
-0.046234,-0.025742,-0.027496,-0.02301,-0.025162,-0.044342
-0.048019,-0.02739,-0.023956,-0.012558,-0.026886,-0.047653
-0.042389,-0.036224,-0.014053,-0.001358,-0.025238,-0.044235
-0.039047,-0.040527,-0.0076752,-0.00067139,-0.0168,-0.032578
-0.039154,-0.032761,-0.0079346,-0.0031433,-0.0084991,-0.022476
-0.034012,-0.02211,-0.0076294,0.00048828,-0.0062866,-0.018738
-0.020264,-0.01918,-0.0015869,0.0089722,-0.0046539,-0.013123
-0.0053864,-0.015488,0.004303,0.010223,0.0031586,-0.00010681
0.0024261,-0.0032654,0.0024414,0.0020752,0.011124,0.013245
0.0056,0.0072021,0.0016479,-0.0036926,0.011749,0.018112
0.012299,0.0088806,0.0039063,-0.0030518,0.0060577,0.017181
0.019928,0.0067902,-0.0019989,-0.0019073,0.003952,0.015884
0.01886,0.008728,-0.010834,-0.0065765,0.0070648,0.01413
0.0074463,0.0098724,-0.010818,-0.01387,0.0051117,0.0099945
-0.0041199,-0.00097656,-0.0067596,-0.013992,-0.0036926,0.00015259
-0.0071106,-0.014008,-0.010178,-0.0064087,-0.011383,-0.010315
-0.0059204,-0.017273,-0.016876,-0.0014801,-0.010925,-0.012512
-0.0099487,-0.014557,-0.016251,-0.0024872,-0.0052032,-0.010757
-0.017166,-0.012115,-0.0095367,-0.0023041,-0.0012512,-0.011627
-0.01619,-0.013992,-0.0029602,0.0017395,-0.0028534,-0.013214
-0.010147,-0.014755,-0.0028229,0.0036621,-0.0062256,-0.011459
-0.0079803,-0.0098114,-0.0091553,-0.0028687,-0.0063477,-0.0069122
-0.0083466,-0.0044403,-0.012543,-0.014801,-0.011017,-0.0066071
-0.0095062,-0.0026703,-0.010345,-0.022934,-0.02417,-0.015213
-0.011505,-0.0061493,-0.008194,-0.0242,-0.037415,-0.026062
-0.01741,-0.0094604,-0.0094604,-0.024414,-0.043579,-0.031326
-0.024567,-0.0082703,-0.011963,-0.026932,-0.042801,-0.03299
-0.021713,-0.006546,-0.012238,-0.02626,-0.03923,-0.033112
-0.011765,-0.0047913,-0.010788,-0.018112,-0.031525,-0.027771
-0.0069427,-0.005188,-0.008255,-0.0086212,-0.017761,-0.015259
-0.0075989,-0.0068817,-0.0074463,-0.0045624,-0.0035095,-0.003006
-0.0063324,-0.0047913,-0.010498,-0.002533,0.0016174,0.0016785
-0.0010376,-0.0054169,-0.012756,-0.002182,-0.0011597,0.0026855
0.0004425,-0.013031,-0.016968,-0.0063019,-0.00053406,0.003006
-0.0089874,-0.021561,-0.025726,-0.0099945,0.00054932,-0.00056458
-0.024689,-0.026184,-0.029861,-0.012512,-0.0074615,-0.0089111
-0.033005,-0.028671,-0.029434,-0.015961,-0.022217,-0.023056
-0.031281,-0.032196,-0.027695,-0.017624,-0.033829,-0.038055
-0.03241,-0.029663,-0.021713,-0.016068,-0.034332,-0.040756
-0.036484,-0.020752,-0.012589,-0.00914,-0.025696,-0.03392
-0.030792,-0.012299,-0.0012512,0.0046844,-0.017563,-0.029373
-0.013596,-0.0026703,0.010132,0.0186,-0.012436,-0.023544
0.0031128,0.0057983,0.018494,0.026566,0.00024414,-0.0087128
0.015854,0.01413,0.023178,0.033371,0.023453,0.016464
0.03273,0.024185,0.026596,0.042633,0.044006,0.04184
0.048508,0.030182,0.033295,0.047684,0.052307,0.055008
0.053986,0.034164,0.038559,0.040909,0.051315,0.06076
0.054306,0.038727,0.033447,0.028519,0.047684,0.064285
0.058258,0.041153,0.023849,0.020447,0.045059,0.065689
0.061661,0.042252,0.020523,0.015518,0.041,0.06398
0.052887,0.042572,0.02179,0.010406,0.032211,0.050751
0.034119,0.03891,0.023438,0.0049744,0.02153,0.030029
0.018616,0.031784,0.022125,0.0031586,0.010635,0.013123
0.011185,0.023361,0.015305,0.0064087,0.001236,0.0015411
0.0034485,0.012833,0.0088654,0.0095825,-3.0518e-05,-0.0084839
-0.010864,0,0.0077515,0.010193,0.0042572,-0.02066
-0.027069,-0.013947,0.0063782,0.010361,0.0018005,-0.028076
-0.037018,-0.024902,-0.0028534,0.0090942,-0.007782,-0.028076
-0.037369,-0.031723,-0.014999,0.0028992,-0.013016,-0.029022
-0.033401,-0.034988,-0.018631,-0.0046387,-0.010574,-0.029343
-0.031357,-0.035217,-0.015152,-0.0085754,-0.0095673,-0.02388
-0.029083,-0.031662,-0.013916,-0.011108,-0.013687,-0.016724
-0.020844,-0.02037,-0.01474,-0.013458,-0.016296,-0.010193
-0.0063019,-0.0063782,-0.010712,-0.01384,-0.012955,-0.0023041
0.0066833,0.0041351,-0.00177,-0.012741,-0.0062866,0.0046692
0.011246,0.0098267,0.0044098,-0.0098267,-0.0024567,0.0077362
0.010635,0.012466,0.0042725,-0.0062408,-0.0024261,0.0079346
0.0095673,0.015274,0.0045319,-0.0057678,-0.0061646,0.0069733
0.0081329,0.013275,0.0070648,-0.0069122,-0.010452,0.0010986
0.0012512,0.0049896,0.0037994,-0.005722,-0.0094452,-0.0098267
-0.011978,-0.0055389,-0.0038757,-0.0037537,-0.0081329,-0.017242
-0.019272,-0.014603,-0.0087738,-0.0016632,-0.010254,-0.019592
-0.018875,-0.017883,-0.010437,0.001358,-0.012115,-0.022522
-0.020477,-0.018997,-0.011475,0.0013428,-0.0091858,-0.024643
-0.020554,-0.01886,-0.013977,-0.00028992,-0.0028839,-0.016373
-0.011551,-0.014603,-0.014297,0.00086975,0.0034332,-0.0005188
0.0032959,-0.0092316,-0.012604,0.0041504,0.011673,0.008316
0.01387,-0.0023193,-0.010864,0.0034637,0.014786,0.011856
0.014221,0.0042572,-0.0062103,-0.0059662,0.009491,0.016861
0.010162,0.0080566,-0.0042877,-0.013397,0.0028076,0.01799
0.0088806,0.010559,-0.0048065,-0.011002,-0.0022888,0.013382
0.0090485,0.008606,0.00064087,-0.0063477,-0.004364,0.006073
0.0046844,0.0045166,0.0091095,-0.003418,-0.0066528,-0.0024567
-0.0033112,0.0049133,0.014725,-0.00035095,-0.0096436,-0.0065155
-0.0038452,0.009552,0.014511,0.0050354,-0.0076752,-0.0026093
0.00383,0.011536,0.01033,0.011169,0.0017395,0.00383
0.010086,0.0070038,0.010574,0.014648,0.011856,0.0073547
0.012589,0.004837,0.012756,0.014542,0.014114,0.0094147
0.013184,0.010391,0.0073242,0.0066681,0.012024,0.014069
0.012924,0.014618,-0.0018158,-0.0036774,0.0092773,0.017075
0.011368,0.0088806,-0.0082703,-0.006958,0.0047913,0.012344
0.009079,-0.0028381,-0.010132,-0.0079498,0.00099182,0.0055695
0.0057678,-0.0061646,-0.0080719,-0.0097656,-0.0033112,0.0014648
-0.00071716,0.0027313,-0.0066986,-0.011826,-0.010422,-0.0042267
-0.008194,0.0089874,-0.0030212,-0.011734,-0.016754,-0.013153
-0.013016,0.0030823,0.0045624,-0.0056915,-0.018829,-0.020874
-0.013596,-0.0062103,0.0103,0.0040131,-0.014572,-0.022781
-0.011902,-0.0075684,0.011642,0.015198,-0.0055542,-0.018021
-0.010513,-0.0015259,0.01088,0.021591,0.0036621,-0.010239
-0.006485,0.0029755,0.012817,0.020584,0.010361,-0.0037537
0.0026093,0.00065613,0.014893,0.021225,0.015549,0.0057373
0.01384,-0.0022125,0.013489,0.024002,0.022278,0.020447
0.023651,0.0051117,0.012115,0.02092,0.028,0.032669
0.03067,0.020767,0.013275,0.011841,0.028244,0.040314
0.036896,0.03154,0.015442,0.0036011,0.025116,0.043243
0.045609,0.034088,0.016739,0.0041199,0.024689,0.04274
0.053497,0.037384,0.020355,0.011429,0.028473,0.045303
0.052261,0.044067,0.02597,0.014999,0.033051,0.048538
0.04541,0.049469,0.0289,0.013397,0.034973,0.045334
0.041046,0.048859,0.028976,0.012802,0.032501,0.034912
0.036469,0.037399,0.026337,0.017715,0.028168,0.025284
0.026688,0.018311,0.021133,0.024124,0.027939,0.021927
0.0098267,0.0014343,0.014145,0.022598,0.029556,0.016861
-0.0072327,-0.0088806,0.0049438,0.014313,0.023163,0.0066528
-0.0159,-0.017654,-0.0086212,0.0056763,0.0099792,-0.0049896
-0.022049,-0.02916,-0.019867,-0.0013885,9.1553e-05,-0.014282
-0.031158,-0.037827,-0.018234,-0.0077515,-0.004715,-0.01741
-0.033859,-0.037109,-0.015015,-0.015854,-0.013,-0.017593
-0.026199,-0.026901,-0.021271,-0.023346,-0.022827,-0.018753
-0.018341,-0.014435,-0.025299,-0.027634,-0.024094,-0.019012
-0.014481,-0.0071106,-0.018692,-0.028473,-0.021637,-0.01593
-0.0090942,-0.0036926,-0.0097961,-0.026947,-0.022736,-0.012955
-0.0046082,-0.0023956,-0.008316,-0.026703,-0.026749,-0.014374
-0.0089111,-0.0028229,-0.009201,-0.025635,-0.029358,-0.018295
-0.017715,-0.0040131,-0.007782,-0.021118,-0.030457,-0.022873
-0.023331,-0.0098114,-0.0090942,-0.017548,-0.03392,-0.030121
-0.027481,-0.019241,-0.011673,-0.017487,-0.036438,-0.040451
-0.035843,-0.026932,-0.012177,-0.01593,-0.037811,-0.048538
-0.045425,-0.030731,-0.012314,-0.0099335,-0.038239,-0.050751
-0.044388,-0.027954,-0.015945,-0.006897,-0.034714,-0.047714
-0.032608,-0.023422,-0.021362,-0.011566,-0.02774,-0.038406
-0.020721,-0.022171,-0.020645,-0.014664,-0.018402,-0.024155
-0.012711,-0.019226,-0.017181,-0.00914,-0.008728,-0.010971
-0.0046844,-0.01001,-0.017929,-0.0012817,0.0015106,-0.00094604
0.0070648,-0.00024414,-0.017487,-7.6294e-05,0.0091858,0.0095825
0.016525,0.001358,-0.01326,-0.006012,0.011429,0.019806
0.015564,0.0010223,-0.008606,-0.0059052,0.012131,0.021942
0.0073242,0.005188,-0.0016937,0.0026245,0.013077,0.016556
0.0036163,0.0082703,0.0048523,0.0064697,0.013397,0.011856
0.0072327,0.0055542,0.0038757,0.0041199,0.0093994,0.008194
0.0045319,-0.00032043,-9.1553e-05,0.0029144,0.00090027,0.0051117
-0.0051575,-0.0049744,0.00048828,0.0050507,-0.0015411,0.0036316
-0.0089111,-0.0093842,0.00016785,0.0052795,0.003006,0.0005188
-0.006958,-0.012054,-0.0073242,0.00019836,-0.00080872,-0.0035706
-0.0034943,-0.013397,-0.017242,-0.0094452,-0.012573,-0.0048981
-0.0028381,-0.01416,-0.023392,-0.020844,-0.018127,-0.0037537
-0.0059357,-0.011932,-0.024445,-0.026367,-0.01918,-0.0044708
-0.0063477,-0.0092773,-0.021286,-0.024048,-0.021866,-0.0098267
-0.0039215,-0.006485,-0.016281,-0.01886,-0.024231,-0.01442
-0.0021057,-0.0011292,-0.01152,-0.013351,-0.022903,-0.014343
-0.0041809,0.0075226,-0.0040436,-0.0072937,-0.015442,-0.012619
-0.0084076,0.010956,0.0095978,0.0032501,-0.0059814,-0.013351
-0.01059,0.0019684,0.020676,0.019348,0.00018311,-0.015823
-0.013184,-0.0061798,0.021744,0.032104,0.0045776,-0.013733
-0.017395,-0.0045624,0.018372,0.034012,0.0091095,-0.011429
-0.022232,-0.0047913,0.014297,0.027451,0.01088,-0.014969
-0.023865,-0.012695,0.01149,0.019913,0.0065002,-0.017731
-0.020004,-0.018784,0.0092621,0.015533,-0.0009613,-0.01387
-0.013657,-0.013748,0.0036926,0.01004,-0.004425,-0.0046844
-0.0057678,0.00097656,-0.0011139,0.00093079,-0.0019226,0.0018463
0.0057983,0.014572,0.0010986,-0.0064392,-4.5776e-05,0.0036011
0.023117,0.022354,0.009552,-0.0089264,-0.0025024,0.010223
0.039139,0.031052,0.016083,-0.0060577,-0.00062561,0.026276
0.048859,0.045181,0.017914,0.0041656,0.013031,0.04129
0.057373,0.056839,0.024155,0.017303,0.031616,0.04657
0.063431,0.057404,0.036301,0.027466,0.043365,0.048904
0.063416,0.050949,0.042603,0.03656,0.047684,0.054123
0.057037,0.042542,0.039261,0.042679,0.054489,0.058578
0.046997,0.032562,0.034241,0.044891,0.064911,0.057098
0.036362,0.021912,0.030197,0.047302,0.065323,0.049835
0.023529,0.0098267,0.024094,0.04277,0.052505,0.040085
0.010788,-0.00091553,0.015411,0.027237,0.040359,0.029297
0.0029297,-0.006424,0.0065613,0.012756,0.032181,0.020325
-0.0010986,-0.0085907,0.0018768,0.0067139,0.020676,0.013931
-0.0026093,-0.0053101,0.0021973,0.0019379,0.0072632,0.0068512
0.00027466,0.0050964,0.0032349,-0.0067749,-0.00082397,0.00010681
0.0036469,0.01387,0.0019073,-0.016113,-0.0014496,-0.0012512
0.0025024,0.011826,-0.0023041,-0.021103,-0.0023804,0.0011749
0.0015717,0.0025177,-0.006485,-0.019623,-0.0097046,-0.00041199
0.0025177,-0.0021667,-0.0068665,-0.016495,-0.016571,-0.0068207
-0.0019073,-0.0018158,-0.0066071,-0.017593,-0.017517,-0.011703
-0.013992,-0.0064392,-0.010361,-0.022171,-0.019989,-0.016312
-0.027466,-0.01976,-0.01532,-0.024475,-0.028473,-0.026291
-0.033859,-0.033112,-0.01712,-0.021927,-0.037247,-0.03894
-0.034332,-0.034882,-0.017807,-0.017365,-0.041702,-0.046814
-0.037628,-0.027725,-0.018478,-0.01712,-0.041016,-0.046982
-0.040451,-0.024567,-0.01738,-0.023422,-0.037704,-0.044373
-0.034927,-0.027557,-0.017441,-0.025131,-0.035614,-0.040848
-0.023819,-0.025925,-0.020142,-0.018753,-0.031403,-0.032196
-0.013916,-0.015869,-0.022934,-0.01474,-0.020142,-0.021667
-0.0084229,-0.0053101,-0.020294,-0.013168,-0.0074921,-0.013351
-0.0037994,-0.0012054,-0.010361,-0.0098877,-0.00090027,-0.0047302
0.0013275,-0.0014038,-0.0027771,-0.0054016,0.0020752,0.0010223
0.0016022,0.0023193,-0.0023651,3.0518e-05,0.0053253,0.0014801
-0.001709,0.006546,-0.0044098,0.0029755,0.0062256,0.0015564
-0.0016022,0.0027313,-0.0043182,0.0018921,0.0036316,0.0020294
0.0017853,-0.0049438,-0.0012512,-0.0016632,0.0027008,0.0029602
-0.00016785,-0.0092621,-0.0030518,-0.0040131,0.0034943,0.0045166
-0.0076447,-0.011337,-0.013443,-0.0032349,-0.0018005,0.002121
-0.01088,-0.015198,-0.022629,-0.0065765,-0.0094299,-0.0033112
-0.0061646,-0.018524,-0.02359,-0.016586,-0.011169,-0.0041351
0.0019684,-0.018311,-0.023712,-0.025818,-0.011139,0.0026093
0.0038452,-0.016464,-0.02977,-0.028931,-0.013336,0.0079651
0.00024414,-0.01355,-0.032913,-0.027008,-0.019791,0.0031128
-7.6294e-05,-0.0063477,-0.02655,-0.02449,-0.024857,-0.0056152
0.0043182,0.0009613,-0.015732,-0.02179,-0.021729,-0.008316
0.0065918,0.0020905,-0.007309,-0.016922,-0.017868,-0.007843
-0.0031891,-0.00030518,-0.0061646,-0.010376,-0.017822,-0.012955
-0.017685,-0.0058289,-0.0065918,-0.0022736,-0.018524,-0.021225
-0.025482,-0.014282,-0.0039368,0.0038605,-0.015579,-0.026001
-0.030457,-0.023163,-0.0053253,0.0057373,-0.011749,-0.030716
-0.040878,-0.031876,-0.01123,0.0039673,-0.016159,-0.040756
-0.058884,-0.04213,-0.018494,-0.0032501,-0.028458,-0.052353
-0.073059,-0.053192,-0.027924,-0.012787,-0.04126,-0.06044
-0.074814,-0.058273,-0.034454,-0.021072,-0.04837,-0.066238
-0.069702,-0.054413,-0.034515,-0.026154,-0.051498,-0.06781
-0.0616,-0.043579,-0.030991,-0.027817,-0.051407,-0.06044
-0.04599,-0.029495,-0.028091,-0.027969,-0.04393,-0.043747
-0.022537,-0.013214,-0.022446,-0.021393,-0.03096,-0.024048
0.0016174,0.0045929,-0.0081482,-0.0062866,-0.015579,-0.0080414
0.0224,0.020004,0.0070496,0.0097046,0.00062561,0.0077057
0.039459,0.033264,0.016373,0.020599,0.016525,0.027603
0.053192,0.041122,0.022568,0.028122,0.034637,0.047455
0.059143,0.039185,0.026794,0.037674,0.051498,0.058945
0.055588,0.031845,0.028671,0.046921,0.054932,0.060013
0.049774,0.025299,0.029968,0.048721,0.048904,0.056595
0.041367,0.022949,0.029648,0.042191,0.048965,0.050369
0.027924,0.019684,0.025665,0.035675,0.051636,0.041504
0.015335,0.011108,0.021423,0.033524,0.044754,0.033005
0.0086365,0.0072327,0.020035,0.029816,0.03035,0.024063
0.0089417,0.012024,0.02211,0.02298,0.021606,0.016891
0.012344,0.017639,0.021973,0.01503,0.023407,0.015442
0.011551,0.020248,0.015564,0.0099182,0.024567,0.016891
0.010071,0.018036,0.010849,0.010132,0.018951,0.016388
0.01561,0.015503,0.013275,0.010223,0.014343,0.01387
0.020355,0.017471,0.015045,0.0071869,0.014954,0.013916
0.013138,0.015732,0.0096283,0.0035706,0.016098,0.014313
-0.00074768,0.0046082,0.0019684,0.00061035,0.010468,0.0095978
-0.0073242,-0.0074158,-0.0033112,-0.0022583,-0.0023346,0.0010681
-0.0056458,-0.012527,-0.0048218,-0.0061951,-0.014343,-0.0090637
-0.0070648,-0.01329,-0.0045929,-0.011292,-0.020981,-0.01683
-0.016678,-0.01326,-0.0065613,-0.013672,-0.024429,-0.023392
-0.024765,-0.013031,-0.007843,-0.013062,-0.029892,-0.031616
-0.022217,-0.011932,-0.0058441,-0.013138,-0.034164,-0.035095
-0.016266,-0.0093079,-0.0027466,-0.013412,-0.028641,-0.030075
-0.013428,-0.0050507,-0.0023956,-0.011047,-0.018738,-0.021362
-0.010925,0.00019836,-0.0011597,-0.004776,-0.012131,-0.016098
-0.0066986,0.0048523,0.0043182,0.0017242,-0.0061646,-0.012375
-0.0028076,0.0087128,0.0072327,0.0061188,0.00073242,-0.0074921
-0.0020752,0.007782,0.0090637,0.0082855,0.0052948,-0.0036316
-0.0025177,0.0023804,0.0081177,0.0068512,0.0046234,-0.0018158
-0.0033569,0.0014191,0.0011444,0.0051422,0.0028839,-0.0033417
-0.0064545,-0.0007782,-0.0036774,0.0026245,0.003891,-0.0045929
-0.010773,-0.012177,-0.010712,-0.0041504,0.0020905,-0.0042419
-0.014053,-0.022934,-0.019226,-0.010803,-0.0043488,-0.0052032
-0.014008,-0.023834,-0.021011,-0.014648,-0.0088959,-0.0058899
-0.0083923,-0.015762,-0.021225,-0.016205,-0.0070648,-0.00071716
0.0051727,-0.0083771,-0.019897,-0.013611,0.00083923,0.010925
0.020187,-0.0041046,-0.013824,-0.0081635,0.0072479,0.022751
0.030594,0.008316,-0.0030823,-0.0032043,0.0097809,0.034073
0.04361,0.028809,0.010696,0.003067,0.016403,0.043427
0.059799,0.04538,0.022888,0.013779,0.025223,0.048309
0.069565,0.053238,0.032684,0.023102,0.031494,0.053741
0.067932,0.056107,0.039948,0.023956,0.03476,0.055618
0.056366,0.053223,0.042297,0.022873,0.031021,0.047302
0.040131,0.043411,0.038116,0.023804,0.024094,0.031754
0.02356,0.030548,0.0289,0.019424,0.017105,0.013184
0.0032959,0.012238,0.016281,0.0099182,0.0052643,-0.0031281
-0.021835,-0.012299,0.00012207,0.00032043,-0.0076141,-0.018112
-0.043961,-0.033798,-0.014801,-0.0086365,-0.018692,-0.036255
-0.059204,-0.044189,-0.023911,-0.018723,-0.031586,-0.05191
-0.066757,-0.046021,-0.029602,-0.029053,-0.041473,-0.058884
-0.065414,-0.047012,-0.034943,-0.03421,-0.044846,-0.059265
-0.058044,-0.046402,-0.038086,-0.03299,-0.04451,-0.054077
-0.045715,-0.037781,-0.034409,-0.028595,-0.038452,-0.043945
-0.028458,-0.023026,-0.024536,-0.023178,-0.02742,-0.030991
-0.0089874,-0.0069122,-0.014465,-0.016296,-0.016525,-0.015213
0.01004,0.0074158,-0.0080109,-0.0070343,-0.0097656,-0.00024414
0.025757,0.01442,-0.0020905,0.0025482,-0.00383,0.012955
0.035172,0.014938,0.007309,0.010727,0.0098419,0.024139
0.037231,0.016418,0.014969,0.016556,0.020172,0.029877
0.03569,0.021225,0.015396,0.01741,0.017319,0.032455
0.032974,0.022919,0.013489,0.014801,0.016266,0.03273
0.026047,0.017426,0.014603,0.015213,0.023041,0.028534
0.014496,0.0093536,0.015701,0.019699,0.026077,0.020065
0.0040436,0.0049438,0.015579,0.020737,0.019653,0.012329
0.00093079,0.0069122,0.016022,0.015106,0.013947,0.010849
0.0025482,0.011108,0.013184,0.012222,0.017914,0.011124
0.0037689,0.012589,0.010574,0.016907,0.025116,0.0084381
0.0041656,0.010208,0.014267,0.021408,0.026627,0.0079346
0.0049438,0.0065613,0.015335,0.020294,0.023346,0.012146
0.0061035,0.0061035,0.010162,0.014587,0.021408,0.016418
0.0050354,0.0063934,0.0065155,0.0084839,0.021683,0.015884
0.0020599,0.0011292,0.0023651,0.0054474,0.017197,0.0098724
-0.00015259,-0.0095367,-0.0054626,0.0018616,0.004303,0.0045319
-0.002533,-0.01709,-0.012375,-0.0092316,-0.0061646,0.0022125
-0.0089111,-0.017532,-0.016724,-0.020493,-0.0086365,-0.0022583
-0.014999,-0.016663,-0.019302,-0.021347,-0.014481,-0.010849
-0.014923,-0.018021,-0.019211,-0.019409,-0.026154,-0.020554
-0.011841,-0.018494,-0.016846,-0.020355,-0.031143,-0.022888
-0.011002,-0.013992,-0.013443,-0.020004,-0.023376,-0.016174
-0.013443,-0.0058136,-0.0072021,-0.014465,-0.011948,-0.012466
-0.012177,0.0026093,0.002121,-0.0040131,-0.0084686,-0.01384
-0.0065308,0.0072479,0.0093689,0.0046539,-0.010559,-0.014771
-0.004837,0.0048218,0.010559,0.0070038,-0.0078888,-0.013336
-0.010208,0.00088501,0.0076599,0.0043488,-0.0011444,-0.0097504
-0.019272,-0.0015106,0.0042877,-0.00013733,-0.0016632,-0.014572
-0.025436,-0.0073395,-0.0019989,-0.0046997,-0.014603,-0.028549
-0.0298,-0.018738,-0.014481,-0.01062,-0.030991,-0.040329
-0.040207,-0.034729,-0.029449,-0.020844,-0.037933,-0.046204
-0.052765,-0.048203,-0.039459,-0.032227,-0.034149,-0.045883
-0.056824,-0.052124,-0.044312,-0.036652,-0.032242,-0.045288
-0.051865,-0.049789,-0.046936,-0.03035,-0.037231,-0.045013
-0.039795,-0.044342,-0.042191,-0.021011,-0.033585,-0.034042
-0.021027,-0.03389,-0.031876,-0.016174,-0.013687,-0.012192
0.0014648,-0.015549,-0.017349,-0.0069122,0.0074005,0.013123
0.026733,0.0093079,0.0025482,0.0084534,0.019699,0.036255
0.052597,0.033707,0.018341,0.022446,0.0289,0.052261
0.07312,0.053223,0.033463,0.033798,0.040909,0.064835
0.085114,0.0681,0.051376,0.039398,0.051422,0.075104
0.089462,0.077774,0.06105,0.040436,0.052856,0.074799
0.083694,0.076904,0.060181,0.039551,0.047974,0.067581
0.066727,0.065948,0.053314,0.03656,0.042343,0.059464
0.04509,0.050568,0.045105,0.031723,0.03627,0.042572
0.024231,0.032837,0.035645,0.023712,0.025635,0.018051
0.0050354,0.015091,0.020981,0.013382,0.010269,0.00053406
-0.012543,-0.0010223,0.0065155,0.0037079,0.00024414,-0.0071106
-0.026642,-0.012314,0.00042725,-0.0014038,-0.0014954,-0.014633
-0.034576,-0.017456,-0.00099182,-0.0021973,-0.0024109,-0.025742
-0.034836,-0.020645,-0.0070953,-0.0028381,-0.0050049,-0.029556
-0.026749,-0.022385,-0.015366,-0.0044403,-0.0050507,-0.018204
-0.016037,-0.018036,-0.013794,-0.0063324,0.00067139,-0.0053558
-0.0064087,-0.007019,-0.0032501,-0.0037537,0.0063171,-0.001297
0.0070496,0.0056763,0.0040588,0.002121,0.0042419,0.0013885
0.021149,0.013794,0.003418,0.0021057,0.00027466,0.010193
0.030426,0.014008,0.0025024,-0.0017853,0.0032196,0.022995
0.03302,0.013351,0.0089417,-0.00062561,0.0077362,0.026642
0.028839,0.017395,0.01564,0.0041351,0.004303,0.01796
0.025894,0.022202,0.015228,0.004425,-0.0025482,0.011398
0.025269,0.024277,0.012283,0.0013428,-0.00032043,0.013412
0.01973,0.02002,0.014084,0.00035095,0.0087891,0.015564
0.0096741,0.013657,0.019669,0.0042419,0.010803,0.010025
0.0047913,0.014664,0.019318,0.011978,0.0070953,0.0016174
0.0082703,0.018951,0.015076,0.014572,0.0095062,0.00013733
0.0085602,0.017654,0.015839,0.010971,0.017746,0.0057831
0.0032501,0.011108,0.01796,0.011093,0.024261,0.011475
0.002655,0.0061951,0.015167,0.016937,0.022781,0.01123
0.0072784,0.0079193,0.010864,0.01944,0.01767,0.0080872
0.010025,0.01033,0.011444,0.012604,0.018051,0.010559
0.0083771,0.0052338,0.010712,0.0045013,0.018997,0.016922
0.0055695,-0.0026398,0.0026093,0.0019226,0.014603,0.016983
0.0039063,-0.0045319,-0.0037689,0.00013733,0.0053711,0.0079498
0.0022125,-0.0030975,-0.0038605,-0.005127,-0.0034332,-0.00067139
0.00019836,-0.0044098,-0.0039825,-0.011566,-0.0066986,-0.0021362
-0.00036621,-0.0066223,-0.0071869,-0.016174,-0.0072937,0.00061035
0.0032959,-0.0050659,-0.010513,-0.016998,-0.0048218,0.0033722
0.0075989,0.0015259,-0.0080719,-0.010956,0.00047302,0.0045166
0.0083771,0.0091095,0.0014496,-0.0019531,0.0051422,0.0074463
0.010788,0.012955,0.010773,0.003891,0.0084076,0.010803
0.013916,0.014175,0.015427,0.0062714,0.0097198,0.01149
0.01149,0.012924,0.014908,0.0050812,0.0098267,0.010574
0.0032654,0.0089264,0.0081024,0.00042725,0.0061493,0.0033569
-0.0081482,0.00094604,-0.0015259,-0.0065155,-0.0049896,-0.0092163
-0.021164,-0.013489,-0.010391,-0.015671,-0.021973,-0.022995
-0.037125,-0.029678,-0.021118,-0.028198,-0.038116,-0.039627
-0.054565,-0.044937,-0.037689,-0.041275,-0.048843,-0.056854
-0.068802,-0.057968,-0.054688,-0.049164,-0.056305,-0.068954
-0.077255,-0.066467,-0.061279,-0.048737,-0.060547,-0.074036
-0.079163,-0.071106,-0.05751,-0.041672,-0.058609,-0.074799
-0.073257,-0.069336,-0.051865,-0.034668,-0.048599,-0.06694
-0.057602,-0.060165,-0.049164,-0.028137,-0.03273,-0.045593
-0.034836,-0.044708,-0.041336,-0.017517,-0.017029,-0.021362
-0.011597,-0.022018,-0.020981,-0.0035095,-0.0022278,-0.0019379
0.010895,0.0036774,0.0032959,0.012726,0.013657,0.017258
0.033005,0.022842,0.020401,0.024307,0.026703,0.034958
0.049042,0.0345,0.026779,0.025528,0.031464,0.046875
0.059616,0.04631,0.030838,0.023468,0.030594,0.0522
0.064194,0.057831,0.041504,0.024796,0.029785,0.051056
0.058044,0.059998,0.051575,0.02832,0.027802,0.045105
0.04892,0.053146,0.047791,0.02684,0.02179,0.033859
0.040054,0.044296,0.031982,0.018646,0.015167,0.021606
0.026077,0.032974,0.023041,0.011154,0.012039,0.015686
0.0085449,0.019623,0.022644,0.0076752,0.010025,0.010132
-0.0042877,0.0055084,0.013428,0.0067444,0.0061951,-0.0014343
-0.010025,-0.0082855,-0.004364,0.0045624,0.0041962,-0.0091095
-0.016739,-0.018936,-0.016617,-0.0010834,0.0085297,-0.0062408
-0.022827,-0.026749,-0.019348,-0.0053558,0.014023,-0.0013733
-0.022583,-0.027283,-0.017792,-0.0038605,0.012024,-0.0010529
-0.018814,-0.021133,-0.015656,0,0.0043182,-0.0033112
-0.011978,-0.0177,-0.014618,-0.0014648,-0.00076294,-0.0046234
-0.0036316,-0.016388,-0.013092,-0.0078278,-0.00177,-0.003418
0.00099182,-0.010025,-0.0092621,-0.0088196,-0.0050507,0.00021362
0.0010071,-0.00091553,-0.0034485,-0.0050201,-0.012573,-0.00018311
-3.0518e-05,0.0042725,0.0026398,-0.0054474,-0.019012,-0.00914
0.0016632,0.0065308,0.0051575,-0.0083771,-0.020615,-0.014664
0.004776,0.0068512,0.0036926,-0.0097809,-0.01712,-0.010254
0.0020599,0.0059052,0.0018768,-0.008728,-0.011414,-0.0065613
-0.0047302,0.0072327,0.0038452,-0.0042114,-0.009964,-0.0090332
-0.0045776,0.010468,0.0070953,0.00024414,-0.010239,-0.013199
0.00065613,0.011246,0.0073547,0.0025024,-0.0052643,-0.012573
0.0015564,0.0049744,0.0050201,0.0022278,0.00082397,-0.0050964
-0.0037384,-0.0031128,-0.0019379,-0.00061035,0.0032501,0.001297
-0.0087891,-0.0050812,-0.0081635,-0.0011139,0.0019836,-0.0011139
-0.0077362,-0.0054016,-0.0056305,0.0014191,-0.00090027,-0.0057831
-0.0063019,-0.0094604,-0.0037079,0.00015259,-0.0021515,-0.0050812
-0.0092621,-0.016418,-0.011993,-0.0068207,-0.0037689,-0.0028076
-0.012726,-0.020935,-0.021667,-0.013763,-0.0081787,-0.0060272
-0.015656,-0.020081,-0.020844,-0.014969,-0.014679,-0.01413
-0.018707,-0.018723,-0.013107,-0.011124,-0.021271,-0.019897
-0.019089,-0.01886,-0.012619,-0.010193,-0.023788,-0.021729
-0.0159,-0.017014,-0.018936,-0.01593,-0.020767,-0.020523
-0.011612,-0.01091,-0.020309,-0.018448,-0.014526,-0.01619
-0.0059204,-0.0037689,-0.012222,-0.009079,-0.0079956,-0.0080719
0.0022125,-0.00016785,-0.00033569,0.0045624,-0.00047302,0.0023651
0.010025,0.0037384,0.0026245,0.0093079,0.0086517,0.012161
0.015518,0.010635,0.00083923,0.0041809,0.016525,0.022552
0.021164,0.01532,0.0041809,0.0014496,0.0215,0.029083
0.025116,0.017654,0.0090942,0.0070038,0.017761,0.026398
0.020325,0.017075,0.010818,0.0092163,0.0056915,0.016724
0.0084229,0.0087891,0.0041046,-0.00056458,-0.0057678,0.0046844
-0.006958,-0.0042572,-0.0069733,-0.014633,-0.015167,-0.0086823
-0.023163,-0.017288,-0.016006,-0.023361,-0.024246,-0.02449
-0.033813,-0.030182,-0.027344,-0.025787,-0.034348,-0.038239
-0.042969,-0.041977,-0.039597,-0.025787,-0.040558,-0.046448
-0.053864,-0.051056,-0.044678,-0.025314,-0.03804,-0.049896
-0.058365,-0.055313,-0.042282,-0.023621,-0.033493,-0.049881
-0.05481,-0.053406,-0.039337,-0.019684,-0.03006,-0.046463
-0.046936,-0.049438,-0.038406,-0.013977,-0.023712,-0.035889
-0.036331,-0.044067,-0.035339,-0.0082092,-0.013062,-0.021027
-0.024185,-0.031143,-0.027283,-0.0036926,-0.0047607,-0.0095215
-0.010513,-0.014145,-0.015244,-0.0026703,-0.0045929,-0.0010986
0.0041809,-0.0023346,-0.0074768,-0.0039978,-0.0067139,0.0051575
0.014923,0.0067139,-0.0054016,-0.00354,-0.0059967,0.0085754
0.017593,0.015991,0.0024567,-0.0011597,-0.0042419,0.0082397
0.017181,0.021912,0.013718,0.0032806,-0.0058289,0.0050049
0.019196,0.024124,0.019653,0.0078125,-0.0084839,0.0047913
0.019302,0.025177,0.019119,0.0098419,-0.0060272,0.0046234
0.013412,0.024445,0.016296,0.012268,-0.00080872,-0.00038147
0.0065308,0.018768,0.01857,0.014603,0.0029297,-0.0041809
0.0034943,0.010788,0.017517,0.014999,0.004303,-0.0029602
0.00053406,0.0039063,0.0045166,0.012665,0.0057068,-9.1553e-05
-0.0050201,-0.0045319,-0.0084229,0.008316,0.010849,0.0031891
-0.0068665,-0.014038,-0.010162,0.0075684,0.017426,0.0089874
-0.0033569,-0.017731,-0.0066376,0.010132,0.020111,0.01593
0.00090027,-0.011902,-0.0070648,0.010956,0.01889,0.019745
0.0052338,-0.0039368,-0.0073547,0.0087433,0.018784,0.019012
0.009613,0.00088501,-0.0012817,0.0089264,0.019745,0.017517
0.013504,0.0058289,0.010239,0.014938,0.0168,0.018646
0.0159,0.011505,0.019821,0.018738,0.012375,0.019165
0.015808,0.018448,0.021332,0.018188,0.0121,0.015442
0.015274,0.023972,0.023438,0.019623,0.013824,0.010712
0.016296,0.024994,0.029922,0.022415,0.014633,0.0096436
0.016983,0.025192,0.032898,0.0242,0.015274,0.0098114
0.014893,0.028336,0.03241,0.024246,0.015198,0.0072784
0.01358,0.032425,0.031937,0.022263,0.015472,0.0054474
0.016342,0.029312,0.031235,0.021149,0.016891,0.0078125
0.018661,0.023453,0.028488,0.022018,0.019302,0.012909
0.019577,0.022415,0.024368,0.021515,0.022888,0.017853
0.021027,0.019653,0.018646,0.017761,0.025436,0.021545
0.019043,0.016022,0.013702,0.014114,0.024231,0.024719
0.01741,0.01532,0.017349,0.013199,0.019012,0.02597
0.022186,0.015167,0.021469,0.012802,0.016083,0.021423
0.022949,0.016113,0.017197,0.011993,0.015625,0.013626
0.012314,0.015991,0.017609,0.012802,0.012436,0.010284
0.004364,0.013779,0.026062,0.012985,0.009201,0.0092773
0.0078583,0.01535,0.0289,0.011627,0.0066986,0.0041199
0.012985,0.020935,0.024597,0.011917,0.0067749,-0.0015259
0.013947,0.023254,0.021118,0.012924,0.011246,0.00088501
0.013397,0.022324,0.022949,0.014267,0.016556,0.010742
0.015991,0.022858,0.027542,0.016083,0.022202,0.019989
0.024704,0.025406,0.026031,0.017136,0.027908,0.025833
0.033234,0.029282,0.020065,0.017075,0.033783,0.030685
0.036819,0.03186,0.021179,0.015762,0.036072,0.03804
0.037933,0.033035,0.028534,0.012512,0.031815,0.043839
0.037231,0.035416,0.03038,0.0068054,0.026947,0.040146
0.035583,0.037781,0.025574,0.0033875,0.021667,0.030746
0.033615,0.035065,0.022293,0.0041351,0.014511,0.023148
0.028412,0.024994,0.021027,0.0032043,0.0078735,0.017715
0.018402,0.014725,0.017303,-0.00177,0.0050964,0.013229
0.0096893,0.0092773,0.011581,-0.0042267,0.0066833,0.0095215
0.0069885,0.0036163,0.0050354,0.00056458,0.0078888,0.0034485
0.0037689,-0.0026703,-0.00018311,0.0055237,0.0082397,-0.0021057
-0.00086975,-0.0057526,0.0015106,0.0037231,0.0093689,0.00039673
-0.0015259,-0.0069427,0.0028076,-0.0016937,0.0112,0.005127
-0.0020599,-0.0063324,-0.0032806,-0.0037689,0.0098114,0.0040741
-0.0034332,-0.0054169,-0.0066528,-0.0041504,0.0029602,0.0019684
-0.0018311,-0.0080109,-0.0077667,-0.011993,-0.0030212,0.002655
-0.0011444,-0.0090332,-0.013153,-0.023209,-0.007431,0.00057983
-0.0041199,-0.0057678,-0.016876,-0.027328,-0.013412,-0.0063477
-0.0083923,-0.003952,-0.014847,-0.026596,-0.01947,-0.012878
-0.010315,-0.0040588,-0.009079,-0.025467,-0.024338,-0.015747
-0.0096741,-0.0029297,-0.0053253,-0.024231,-0.026138,-0.018341
-0.011017,-0.00036621,-0.0072021,-0.022156,-0.025253,-0.02478
-0.014969,-0.0020752,-0.0089569,-0.017746,-0.022858,-0.029312
-0.018326,-0.01152,-0.0088654,-0.012924,-0.01944,-0.026337
-0.019882,-0.019943,-0.012741,-0.012085,-0.017029,-0.020172
-0.020691,-0.022339,-0.022034,-0.01622,-0.015228,-0.018417
-0.0215,-0.027451,-0.032669,-0.021301,-0.015335,-0.020355
-0.024719,-0.038345,-0.039612,-0.02533,-0.017212,-0.017746
-0.028442,-0.046204,-0.042938,-0.029556,-0.018448,-0.012527
-0.02742,-0.044785,-0.044952,-0.032806,-0.020142,-0.0095062
-0.02298,-0.037048,-0.043777,-0.032425,-0.020615,-0.0084534
-0.018097,-0.031143,-0.040436,-0.028214,-0.0177,-0.011108
-0.015762,-0.027298,-0.034088,-0.022141,-0.015015,-0.012131
-0.016312,-0.021011,-0.02063,-0.015381,-0.015457,-0.0078888
-0.015869,-0.013504,-0.0099182,-0.010834,-0.016037,-0.0096436
-0.014297,-0.0068512,-0.0084381,-0.0087433,-0.015488,-0.017654
-0.012634,-0.0052643,-0.0077209,-0.0067596,-0.015137,-0.01825
-0.012726,-0.008194,-0.0068054,-0.0045624,-0.013443,-0.015121
-0.017303,-0.0094604,-0.005722,-0.0010681,-0.012863,-0.018372
-0.021667,-0.010101,-0.003479,-0.0010071,-0.015457,-0.024551
-0.02121,-0.011475,-0.0092926,-0.0062103,-0.016312,-0.026733
-0.020035,-0.01416,-0.020966,-0.0098572,-0.01387,-0.022827
-0.021225,-0.021088,-0.026321,-0.011398,-0.014008,-0.018112
-0.023209,-0.028687,-0.026306,-0.014374,-0.018463,-0.017014
-0.02475,-0.031219,-0.027985,-0.018295,-0.020523,-0.018051
-0.025574,-0.0298,-0.030487,-0.018387,-0.020035,-0.018982
-0.024475,-0.028503,-0.030258,-0.015549,-0.020996,-0.018799
-0.021454,-0.027847,-0.02919,-0.016617,-0.023224,-0.019699
-0.021255,-0.025192,-0.023544,-0.018143,-0.025955,-0.022964
-0.024048,-0.018433,-0.013779,-0.013092,-0.026123,-0.02565
-0.022827,-0.011383,-0.0086212,-0.0039825,-0.02243,-0.026016
-0.017746,-0.0096283,-0.0061188,0.0025024,-0.017426,-0.024643
-0.013184,-0.010452,-0.0037231,0.0034485,-0.013153,-0.020615
-0.010986,-0.0084229,-0.0025177,0.003006,-0.0085907,-0.014145
-0.012497,-0.0055542,-0.0045624,0.004425,-0.0036774,-0.0079498
-0.011795,-0.0068207,-0.0084229,0.0048523,-0.00050354,-0.0039215
-0.0045776,-0.0099945,-0.010315,0.0019836,0.001709,-0.0011292
0.00047302,-0.010132,-0.012726,-0.0028992,0.0019836,0.0029449
-0.0028687,-0.0057831,-0.012329,-0.0052338,-0.0011902,0.0065918
-0.0060425,-0.00059509,-0.0062256,-0.0035706,-0.004776,0.0033875
-0.0027161,0.0020447,-3.0518e-05,-0.00067139,-0.0074463,-0.0057678
-0.0002594,0.0041962,0.0030365,0.0023041,-0.0096436,-0.0094604
-0.0014038,0.0039978,0.0038452,0.0037537,-0.008316,-0.0047302
-0.00042725,0.0024109,0.0066376,0.0058289,-0.0039825,0.00064087
0.003952,0.0045471,0.012054,0.011993,-0.00093079,0.0020142
0.0087433,0.0095062,0.014801,0.019653,0.0040894,0.0023193
0.012085,0.013351,0.015564,0.024246,0.013748,0.0092163
0.015625,0.012863,0.017288,0.024323,0.024033,0.020584
0.020493,0.011688,0.018799,0.025497,0.0298,0.027679
0.024826,0.016296,0.019424,0.028809,0.030197,0.028564
0.026169,0.023514,0.018555,0.027817,0.02887,0.026703
0.024307,0.023682,0.016891,0.021606,0.025558,0.026001
0.02211,0.018311,0.014771,0.012833,0.020187,0.024384
0.020126,0.015518,0.01239,0.006424,0.013168,0.018417
0.015869,0.016571,0.010391,0.0043335,0.0039978,0.0096741
0.0083313,0.018875,0.011734,0.0033875,-0.0017242,0.0010529
0.00056458,0.016464,0.015335,0.0043182,-0.0019836,-0.0040131
-0.00067139,0.010696,0.015305,0.0067902,-0.0014954,-0.005188
0.0026398,0.0091095,0.014557,0.0084839,-0.00035095,-0.0065918
0.0011902,0.010773,0.01413,0.011551,0.0029144,-0.0067902
-0.0010529,0.01001,0.013,0.014313,0.0070343,-0.002121
0.0045929,0.0065765,0.010895,0.012909,0.010025,0.0041809
0.013977,0.0043945,0.0065155,0.0099792,0.010162,0.010452
0.018906,0.004776,0.0052948,0.0072784,0.011383,0.018753
0.017303,0.0072784,0.0052338,0.0059204,0.0168,0.025085
0.017609,0.0095673,0.004303,0.0081177,0.021896,0.027252
0.025909,0.012695,0.007431,0.010071,0.024521,0.030472
0.033127,0.017334,0.011505,0.0094299,0.024292,0.033707
0.031189,0.020828,0.015518,0.010315,0.023193,0.032776
0.024475,0.024796,0.022278,0.015457,0.026749,0.028397
0.023239,0.027588,0.027405,0.021149,0.028854,0.023804
0.026779,0.027145,0.027313,0.019119,0.022568,0.022705
0.025177,0.02446,0.024002,0.011047,0.015198,0.021744
0.018097,0.019394,0.019272,0.0075378,0.011932,0.015427
0.010742,0.013977,0.014267,0.007309,0.0097961,0.006424
0.0057983,0.0088654,0.0092316,0.0033722,0.0058899,0.00093079
0.002533,0.0016785,0.0036621,-0.0023804,0.0016785,0.00027466
-0.0022736,-0.0041809,-0.0028229,-0.0049896,0.00059509,-0.0014343
-0.0071564,-0.0061493,-0.0062103,-0.0034637,1.5259e-05,-0.0062256
-0.008667,-0.007782,-0.0041046,-0.0033264,-0.0019531,-0.0072784
-0.0086365,-0.0093689,-0.0042267,-0.0071411,-0.0019226,-0.0042725
-0.0088348,-0.012054,-0.0085754,-0.0083466,-0.0022278,-0.0037231
-0.0096588,-0.012924,-0.0090942,-0.0059052,-0.0049133,-0.0063782
-0.0099792,-0.0076599,-0.0036926,-0.0053406,-0.0073853,-0.010254
-0.0085754,-0.0029907,0.00099182,-0.007431,-0.010193,-0.012772
-0.0084076,-0.00088501,0.0035858,-0.0067749,-0.01239,-0.01355
-0.0086365,0.0024414,0.0071259,-0.0014496,-0.011108,-0.015213
-0.0077209,0.0049744,0.0083923,0.0020142,-0.0059814,-0.015549
-0.006424,0.0031281,0.0044861,0.00016785,-0.00080872,-0.012192
-0.0034485,-0.00059509,-0.00042725,-0.0031891,-0.0011139,-0.0059509
-0.0015564,-0.0013123,-0.0016937,-0.0038757,-0.0027466,-0.00027466
-0.0023193,-0.0029602,-0.00383,-0.0038605,-0.0002594,-0.00019836
-0.0045929,-0.0085754,-0.010757,-0.0080566,0.00064087,-0.0030212
-0.0077362,-0.013428,-0.017212,-0.01532,-0.0057068,-0.0036926
-0.0095825,-0.015472,-0.021255,-0.022461,-0.014282,-0.0045624
-0.010925,-0.015396,-0.024261,-0.027359,-0.017975,-0.0084839
-0.014893,-0.014343,-0.024902,-0.026886,-0.019775,-0.015274
-0.018799,-0.015686,-0.022461,-0.023224,-0.023239,-0.020645
-0.01738,-0.018707,-0.018082,-0.020279,-0.025589,-0.020996
-0.014862,-0.01709,-0.014511,-0.01622,-0.024551,-0.018204
-0.013336,-0.011841,-0.012039,-0.010483,-0.017609,-0.014435
-0.010376,-0.0091705,-0.009903,-0.0054779,-0.0084686,-0.010376
-0.0077667,-0.0099792,-0.0071564,-0.00015259,-0.0048676,-0.004837
-0.0050201,-0.011658,-0.0018311,0.0051422,-0.0027313,-0.00090027
-0.0025635,-0.010071,0.00059509,0.0075226,0.0033722,0.0012665
0.00080872,-0.0049896,-0.002182,0.0066376,0.00914,0.0077667
0.0067596,0.0011902,-0.0027161,0.0039063,0.0089722,0.013077
0.010727,0.0068207,0.0011749,0.0034027,0.0041046,0.0097351
0.010773,0.0091248,0.0050507,0.0049133,0.002533,0.0040894
0.0078888,0.0092773,0.005722,0.0032654,0.0043335,0.0032959
0.0020905,0.0081329,0.003418,-0.00082397,0.0019531,0.0025024
-0.0022125,0.0045624,0.00056458,-0.0027466,-0.0037384,-0.0034637
-0.0041656,0.0016785,-0.00064087,-0.0011444,-0.0081787,-0.011459
-0.0091858,-0.00086975,-0.00065613,0.00045776,-0.0098877,-0.017365
-0.01709,-0.0062256,-0.00090027,-0.00097656,-0.010513,-0.020737
-0.021957,-0.010361,-0.0017395,-0.0027618,-0.012283,-0.022644
-0.01886,-0.010071,-0.0043335,-0.0023346,-0.013199,-0.021683
-0.011551,-0.0084991,-0.007309,-0.0028534,-0.012543,-0.016022
-0.0074921,-0.0068207,-0.0059662,-0.0047913,-0.011108,-0.009079
-0.0068359,-0.0053253,-0.0013275,-0.0037537,-0.0084686,-0.0040283
-0.0018616,-0.0030212,0.0023346,0.0011139,-0.002655,0.0011749
0.0085602,0.0031891,0.0031586,0.006546,0.0065765,0.0083313
0.015625,0.00914,0.003418,0.0099792,0.013718,0.017029
0.016312,0.011398,0.0092773,0.012131,0.017807,0.022278
0.014984,0.014481,0.016586,0.014511,0.020264,0.020874
0.019852,0.018295,0.019043,0.018234,0.024124,0.020813
0.027725,0.02124,0.020172,0.021759,0.030685,0.028824
0.027725,0.023865,0.021408,0.021515,0.032211,0.035446
0.025635,0.024246,0.02211,0.019058,0.027679,0.032104
0.028152,0.022766,0.020645,0.015747,0.023697,0.026627
0.027832,0.020523,0.016891,0.013397,0.024551,0.025879
0.02153,0.017227,0.014023,0.013901,0.025116,0.026474
0.016113,0.013321,0.012543,0.012375,0.018921,0.021713
0.013657,0.010727,0.012802,0.0088806,0.012451,0.012848
0.011444,0.0092773,0.012299,0.0065155,0.0092468,0.0077209
0.0082397,0.0075378,0.0088196,0.0045624,0.0071106,0.0070801
0.0055237,0.0073242,0.0067139,0.0030212,0.0072174,0.0076599
0.005722,0.0077209,0.0079498,0.0026855,0.006546,0.0053253
0.0046539,0.00737,0.01033,0.0036469,0.0018158,-0.0013733
0.00036621,0.0079803,0.012497,0.0014801,-0.0033722,-0.0066528
-0.0032959,0.0081635,0.012192,-0.0036621,-0.006012,-0.0074768
-0.005249,0.004837,0.0078125,-0.0046844,-0.0061188,-0.0059357
-0.0041962,-0.00015259,0.0019684,-0.0010223,-0.0029755,-0.0063934
-0.0035248,-0.0019989,-0.00090027,0.0012665,0.00068665,-0.0085449
-0.0061493,-0.0033417,0.00027466,-0.0014801,0.0011597,-0.0060425
-0.0052795,-0.0066528,-0.00056458,-0.0037079,0.0011749,-0.00082397
-0.0004425,-0.0065002,-0.0050812,-0.00061035,0.004364,0.0016937
0.0019531,-0.0037994,-0.0069427,0.0025635,0.0085144,0.0029297
0.00097656,-0.0021362,-0.0032806,0.0018463,0.0091858,0.0043335
0.00035095,-0.00085449,0.0027618,-0.00073242,0.0065002,0.0038605
0.0018311,0.0013275,0.003479,-0.0022278,0.0022888,0.0019226
0.0027771,0.0049896,-0.00015259,-0.0030975,-0.00074768,0.00093079
0.0011597,0.0046082,0.0013733,-0.0027313,-0.00015259,0.00042725
-0.0021973,0.0012665,0.0055389,-0.0010986,-0.00061035,-0.0023956
-0.0041962,0.0015564,0.0052643,-0.0019836,-0.0039978,-0.0071716
-0.0043945,0.0021667,0.00030518,-0.0057678,-0.0061493,-0.0077972
-0.0050812,-0.0023346,-0.006424,-0.010117,-0.006073,-0.0032501
-0.0049591,-0.0098572,-0.0095673,-0.011719,-0.0048218,-0.00010681
-0.0032654,-0.012238,-0.010117,-0.011444,-0.0054474,-0.00028992
-0.0020752,-0.01004,-0.013519,-0.01387,-0.0080872,-0.00059509
-0.0014954,-0.0094604,-0.017136,-0.017639,-0.0080719,0.00091553
-0.00022888,-0.0097504,-0.016647,-0.017929,-0.0059967,0.0042572
0.0015564,-0.01062,-0.014313,-0.01503,-0.0066223,0.0056763
0.0012665,-0.0097504,-0.014557,-0.013351,-0.010391,0.00036621
-0.0010986,-0.0055084,-0.01535,-0.012756,-0.011047,-0.0059814
-0.0028076,-0.0039215,-0.012344,-0.011444,-0.0078735,-0.0075073
-0.0065155,-0.0072784,-0.0098267,-0.010468,-0.0093079,-0.0089722
-0.011749,-0.011978,-0.01178,-0.0097809,-0.014008,-0.013336
-0.014709,-0.014252,-0.016495,-0.010117,-0.015976,-0.018738
-0.01947,-0.014282,-0.02037,-0.01181,-0.018539,-0.023621
-0.025772,-0.018173,-0.019638,-0.015976,-0.023956,-0.029449
-0.029205,-0.02504,-0.020416,-0.022827,-0.030899,-0.034927
-0.030838,-0.027359,-0.026871,-0.027023,-0.037506,-0.035751
-0.030411,-0.025238,-0.031128,-0.026443,-0.039917,-0.033554
-0.028122,-0.023376,-0.028107,-0.023621,-0.039154,-0.032806
-0.026459,-0.022095,-0.021011,-0.021576,-0.036942,-0.034668
-0.024719,-0.018234,-0.017487,-0.019836,-0.030807,-0.032227
-0.020569,-0.015182,-0.017288,-0.013382,-0.023224,-0.021362
-0.015564,-0.015427,-0.013977,-0.0028381,-0.017029,-0.010956
-0.011642,-0.012375,-0.0063019,0.0048981,-0.0085907,-0.0079651
-0.0087585,-0.006546,0.00047302,0.0070801,0.0016937,-0.0092468
-0.0075836,-0.004364,0.00057983,0.0085449,0.008606,-0.0044861
-0.0050659,-0.0043945,-0.00091553,0.012253,0.011581,0.0082703
-0.00086975,-0.0038452,-6.1035e-05,0.015045,0.012894,0.01416
0.0028839,-0.0040283,-0.00028992,0.013687,0.014145,0.010056
0.0046997,-0.0042572,-0.0028687,0.0085144,0.015152,0.0076752
0.0018311,-0.0045624,-0.0072632,0.0048523,0.012024,0.010788
-0.00035095,-0.0075226,-0.0084534,0.0041351,0.0057831,0.012924
0.00030518,-0.00914,-0.0054626,0.0033417,0.0028992,0.0080109
0.0005188,-0.0049744,-0.0040894,0.002182,0.0039978,0.0023651
0.0036316,0.0016327,-0.0024567,0.002243,0.0030823,0.0027771
0.0071869,0.0077515,0.0046844,0.0055389,-0.0012665,0.0047913
0.0067596,0.011948,0.0168,0.011978,-0.0018463,0.0022583
0.00737,0.015991,0.026428,0.017792,0.0031281,-0.00035095
0.010818,0.023636,0.027069,0.018982,0.0059052,0.002533
0.013,0.028152,0.027191,0.018417,0.0030823,0.0041656
0.011139,0.025162,0.032135,0.017776,0.0021667,0.0019531
0.0064545,0.02153,0.031067,0.01593,0.007019,0.00032043
0.0052948,0.016754,0.019547,0.015411,0.0099792,0.0017242
0.006897,0.0089111,0.0075226,0.013397,0.0088196,0.0066528
0.0047607,0.0028381,0.0039978,0.0074463,0.0098877,0.010101
0.0013733,-0.00057983,0.0024872,0.0035553,0.013748,0.0085754
0.0018616,-0.00383,-0.0029297,0.0065002,0.015961,0.0065002
0.0064087,-0.004303,-0.0066376,0.010239,0.014648,0.0085754
0.01001,0.00086975,-0.0046844,0.0084839,0.012466,0.012497
0.009903,0.0054932,0.0037079,0.0072327,0.013657,0.01355
0.011703,0.007431,0.012329,0.010376,0.014862,0.01236
0.015503,0.012039,0.015961,0.014145,0.011688,0.011719
0.016678,0.019409,0.01947,0.016647,0.0093384,0.012222
0.017273,0.024536,0.025162,0.017395,0.012543,0.012527
0.019684,0.024994,0.028168,0.016418,0.017761,0.012878
0.021515,0.023346,0.026077,0.014343,0.017532,0.015198
0.018082,0.020599,0.021576,0.011734,0.013306,0.017136
0.012833,0.017517,0.016281,0.0095825,0.013474,0.018127
0.01265,0.014374,0.011032,0.0054626,0.015488,0.017868
0.014252,0.010773,0.006424,-0.0015869,0.012177,0.014725
0.013748,0.0088959,0.004364,-0.0064697,0.0056458,0.013779
0.011597,0.0084381,0.0052338,-0.0070801,0.00177,0.015121
0.011154,0.0086975,0.0038605,-0.0056305,0.0020142,0.01355
0.013184,0.008316,-0.00047302,-0.00383,0.0044861,0.01059
0.012955,0.0057373,-0.00177,-0.0025787,0.0072021,0.0092773
0.010422,0.0038757,0.0023499,-0.0016022,0.0078278,0.0089264
0.0075226,0.0028839,0.0050354,0.0014343,0.006073,0.0076294
0.0046692,0.0011749,0.00057983,0.0041656,0.0049744,0.0048981
0.001709,-0.0010071,-0.0054932,0.00074768,0.0066223,0.0033417
-0.0007782,-0.0039978,-0.0061646,-0.0046997,0.0063477,0.0016327
-0.0022736,-0.0060577,-0.0050964,-0.0065918,-0.0028992,-0.0043488
-0.0070038,-0.0057526,-0.0057678,-0.0084076,-0.014099,-0.011368
-0.013901,-0.0058899,-0.0062408,-0.013092,-0.017914,-0.015884
-0.014069,-0.0084076,-0.010223,-0.018005,-0.019424,-0.017654
-0.0096893,-0.0092773,-0.014938,-0.019241,-0.021744,-0.018906
-0.010757,-0.0067902,-0.012817,-0.017517,-0.023849,-0.02034
-0.016663,-0.0064087,-0.0066376,-0.014664,-0.023468,-0.019867
-0.020233,-0.00914,-0.00383,-0.01088,-0.018341,-0.020401
-0.016113,-0.010361,-0.0067902,-0.0067444,-0.014557,-0.020325
-0.0095367,-0.0097504,-0.0079041,-0.0028534,-0.01004,-0.01416
-0.0098419,-0.0078735,-0.004776,-0.00059509,-0.0023651,-0.00737
-0.013596,-0.0083466,-0.0035858,0.00024414,0.0011139,-0.0053101
-0.013031,-0.01442,-0.0078888,-0.0014191,0.0017853,-0.0042419
-0.0083008,-0.018875,-0.017212,-0.005188,0.0024872,-0.0014191
-0.0058289,-0.0186,-0.023834,-0.0065002,0.0041809,0.0032959
-0.0071716,-0.01886,-0.0242,-0.0072021,0.0069275,0.0075378
-0.0075989,-0.021179,-0.023682,-0.011444,0.0060425,0.0077209
-0.0055542,-0.021561,-0.023544,-0.013596,0.0014191,0.0055542
-0.002594,-0.016068,-0.021088,-0.0081177,-0.0016174,0.0035248
0.0007782,-0.0068207,-0.014145,-0.0014954,0.00056458,0.0025024
0.0032043,0.00086975,-0.002655,0.00094604,0.0035095,0.0039978
0.0040283,0.0069122,0.0084381,0.0034332,0.0025787,0.0048065
0.0076752,0.014633,0.017349,0.0093231,0.0012512,0.0027161
0.013458,0.021057,0.025742,0.017227,0.0024567,0.003418
0.016891,0.024582,0.030945,0.020111,0.0065765,0.0083771
0.016891,0.026657,0.03125,0.015869,0.010773,0.012131
0.013657,0.02507,0.02832,0.012619,0.0094299,0.011826
0.010666,0.019623,0.022781,0.0097046,0.0041046,0.0069885
0.007431,0.011368,0.011902,0.0037384,-0.00042725,0.0023041
-3.0518e-05,-0.00015259,-0.0020752,-0.0027466,-0.001297,0.00039673
-0.0085449,-0.011276,-0.012955,-0.0083466,0.00053406,-0.0030518
-0.013107,-0.017532,-0.020218,-0.010468,-0.0016632,-0.0062408
-0.015121,-0.021225,-0.022476,-0.010498,-0.0063324,-0.0084229
-0.01712,-0.023254,-0.021545,-0.0097046,-0.0071411,-0.012131
-0.018723,-0.021042,-0.01947,-0.0063934,-0.0053864,-0.013947
-0.01712,-0.016556,-0.013412,-0.0023041,-0.0030823,-0.01088
-0.0089569,-0.010559,-0.0044403,0.0026398,-0.0005188,-0.0055389
-0.00030518,-0.0010834,0.0056915,0.0096283,0.0012054,-0.0040741
0.0012054,0.0079956,0.01355,0.014709,0.002121,-0.0059662
0.0009613,0.012344,0.017273,0.015991,0.0036011,-0.0052185
0.0036926,0.013611,0.020721,0.015945,0.0048828,-0.0021362
0.0056152,0.014114,0.023849,0.013,0.0051422,0.0010071
0.006485,0.016312,0.021637,0.0097351,0.0062714,0.0046234
0.0096741,0.018066,0.014771,0.0090942,0.00914,0.0083618
0.01387,0.017212,0.010681,0.0065002,0.011032,0.011719
0.014801,0.016006,0.012177,0.0027618,0.0089874,0.014572
0.013596,0.014175,0.014587,0.00028992,0.0078125,0.017502
0.016342,0.014313,0.01181,-0.00093079,0.010971,0.019791
0.020752,0.015518,0.0072784,0.0020447,0.01149,0.019165
0.021469,0.014984,0.0090179,0.0076447,0.0088501,0.018173
0.02124,0.014709,0.014343,0.008255,0.011398,0.020508
0.02182,0.014938,0.015472,0.0059814,0.019516,0.023499
0.023376,0.016052,0.011078,0.0094757,0.023804,0.024185
0.026062,0.014542,0.007782,0.014313,0.020584,0.024521
0.02562,0.011749,0.0093231,0.012421,0.01828,0.024536
0.020767,0.013641,0.011658,0.0065918,0.01886,0.021179
0.01506,0.01564,0.012329,0.0049591,0.015045,0.01445
0.012711,0.013916,0.013397,0.0082397,0.0082245,0.010071
0.013992,0.014267,0.016251,0.0092316,0.0049286,0.0093689
0.01384,0.018097,0.018112,0.0067444,0.0055847,0.0068817
0.011368,0.01944,0.019363,0.0041199,0.0050201,0.0041046
0.0087585,0.018753,0.021042,0.0048218,0.0020905,0.0042267
0.0079651,0.018646,0.022293,0.010696,0.0037537,0.0048828
0.010437,0.018021,0.023514,0.014694,0.011932,0.0056915
0.013657,0.016891,0.021988,0.013504,0.018204,0.0071106
0.014069,0.016312,0.020416,0.013275,0.016281,0.0089569
0.010544,0.014236,0.020767,0.013916,0.012085,0.01062
0.0064545,0.0089264,0.016403,0.011215,0.013824,0.0096436
0.0054626,0.0019836,0.0057831,0.0048828,0.01738,0.009201
0.0050201,-0.0056,-0.0063477,-0.0028839,0.014297,0.011139
-9.1553e-05,-0.012543,-0.014847,-0.0091858,0.0055695,0.0090332
-0.0087738,-0.021149,-0.020691,-0.014267,-1.5259e-05,0.0033264
-0.013748,-0.027618,-0.027649,-0.020035,-0.00022888,-0.00091553
-0.013489,-0.026688,-0.031326,-0.023376,-0.0026398,-0.0035095
-0.013855,-0.023254,-0.029022,-0.022461,-0.010117,-0.0072327
-0.015213,-0.018341,-0.023941,-0.020447,-0.014801,-0.013031
-0.013794,-0.012924,-0.016159,-0.017578,-0.013229,-0.016571
-0.009964,-0.0048981,-0.0056152,-0.013245,-0.012909,-0.015991
-0.0050964,0.0074463,0.0055237,-0.0076599,-0.014465,-0.013885
-0.0017548,0.014725,0.014648,-0.0019684,-0.012894,-0.011002
0.00032043,0.014603,0.020691,0.0025635,-0.008255,-0.0088043
0.0024719,0.014252,0.022491,0.0043335,-0.0040131,-0.0066681
0.0038452,0.01564,0.01944,0.0011292,-0.0046387,-0.0019226
0.0050507,0.012909,0.011719,-0.0045929,-0.0074158,0.0015259
0.0024872,0.0032806,0.00047302,-0.0091553,-0.0072174,0.00086975
-0.0038452,-0.0094757,-0.010315,-0.012711,-0.0059204,-0.0021057
-0.0088043,-0.019501,-0.020447,-0.016815,-0.0074005,-0.0055542
-0.014008,-0.023743,-0.029068,-0.020935,-0.012299,-0.0074158
-0.019974,-0.028442,-0.035019,-0.023666,-0.015808,-0.0092926
-0.0233,-0.034729,-0.037338,-0.023697,-0.014648,-0.014053
-0.025421,-0.034576,-0.032639,-0.020569,-0.014481,-0.018784
-0.026016,-0.028992,-0.027023,-0.016205,-0.018204,-0.021347
-0.023407,-0.024216,-0.023346,-0.013107,-0.01915,-0.022186
-0.020248,-0.02092,-0.018631,-0.01088,-0.015961,-0.019394
-0.016556,-0.017944,-0.013916,-0.0067444,-0.013351,-0.018143
-0.015274,-0.014175,-0.0093994,-0.0026703,-0.01387,-0.021393
-0.018127,-0.010345,-0.0078278,-0.0027618,-0.016983,-0.021759
-0.019333,-0.010391,-0.0097046,-0.0075836,-0.017899,-0.01973
-0.018112,-0.013,-0.012695,-0.013428,-0.0168,-0.018127
-0.016525,-0.013092,-0.013733,-0.014343,-0.016479,-0.017288
-0.016403,-0.010696,-0.012329,-0.011108,-0.01741,-0.01918
-0.01825,-0.010056,-0.011337,-0.0096436,-0.01947,-0.017578
-0.016327,-0.010361,-0.0098572,-0.01059,-0.016144,-0.011185
-0.0084686,-0.0072479,-0.0080872,-0.00914,-0.0068817,-0.006485
-0.0014343,-0.0025635,-0.0043945,-0.0034943,-0.0025177,-0.0023499
0.00080872,0.0007019,-0.00065613,0.0021362,-0.0042725,0.0016937
0.0019531,0.0024414,-0.0011902,0.001709,-0.0037689,0.0032959
0.0069122,0.003418,-0.002533,-0.0017548,-0.00053406,0.0045929
0.014008,0.0040283,-0.0050507,-0.0020142,0.0012207,0.0072632
0.01532,0.0037537,-0.0076294,-0.0016785,6.1035e-05,0.0098114
0.0097046,0.0023499,-0.0070343,-0.0021515,-0.0028076,0.010025
0.0056915,0.00079346,-0.0072937,-0.0036011,-0.0040894,0.0054779
0.0057678,0.00067139,-0.0087891,-0.0064545,-0.0051422,-0.00022888
0.0041199,4.5776e-05,-0.00737,-0.0059509,-0.0075989,-0.00177
-0.0004425,-0.0010071,-0.0036774,-0.002121,-0.01033,-0.0041351
-0.0058746,0.00076294,0.0005188,0.00036621,-0.012512,-0.008667
-0.0091553,0.0028839,0.004364,0.0014801,-0.010147,-0.010803
-0.0066528,0.0045319,0.0062561,0.0036163,-0.0049438,-0.011627
-0.0035553,0.0072632,0.0095978,0.0090637,-0.0018616,-0.0098877
-0.0035858,0.0083618,0.015686,0.016235,0.0015106,-0.003891
-0.00056458,0.0083313,0.017273,0.017914,0.0076141,0.0033417
0.0056152,0.0098419,0.014404,0.015747,0.013794,0.0067291
0.0094147,0.010818,0.014893,0.018219,0.017441,0.0078125
0.009079,0.0077667,0.016495,0.023224,0.01973,0.012802
0.0059357,0.0023499,0.012131,0.023422,0.022217,0.018387
0.0052795,-0.00071716,0.006012,0.018219,0.023438,0.018616
0.0070038,-0.0024109,0.0021362,0.013062,0.020752,0.013977
0.0049744,-0.0059662,-0.0030975,0.01088,0.016525,0.011047
0.0014496,-0.0094604,-0.0082245,0.0078278,0.016052,0.01326
0.0014801,-0.0098572,-0.010193,0.003479,0.016632,0.014954
0.0057373,-0.0053101,-0.0081024,0.0029449,0.012863,0.012314
0.010086,0.0025787,-0.0019073,0.0037079,0.0091553,0.0079041
0.010391,0.0097961,0.0057831,0.0049438,0.0086212,0.0069275
0.01062,0.016113,0.014664,0.011276,0.0095825,0.0083618
0.013245,0.022781,0.024826,0.016693,0.013733,0.01004
0.017715,0.028839,0.033997,0.018646,0.017746,0.01413
0.023376,0.033325,0.038895,0.021515,0.018387,0.018234
0.026321,0.034927,0.03862,0.023636,0.01918,0.020416
0.025436,0.034714,0.036194,0.022903,0.022934,0.02095
0.023422,0.033661,0.032669,0.019073,0.024231,0.020905
0.023041,0.02652,0.02803,0.013885,0.018829,0.020828
0.02121,0.016922,0.020309,0.0089722,0.014038,0.017838
0.014557,0.011658,0.0091705,0.0048676,0.012268,0.012817
0.0076294,0.0067596,0.00099182,0.0007782,0.01062,0.0086975
0.002243,-0.00013733,-0.00088501,-0.0030518,0.0080109,0.0048065
-0.0023499,-0.0061951,0.00090027,-0.0027008,0.0018311,0.0019531
-0.0040436,-0.0076904,0.0021362,-0.00067139,-0.0034943,0.00027466
-0.0043793,-0.0036163,0.00082397,-0.0023041,-4.5776e-05,-0.0020447
-0.0026245,0.0018463,0.0011444,-0.0025024,0.0056458,-0.0020752
0.0031738,0.0028381,0.0054779,0.0016022,0.0029907,0.00076294
0.0056,0.0024719,0.0070648,0.0024414,-0.0024567,0.0024567
0.0036316,0.0049133,0.0042419,-0.00030518,-0.0015411,0.0014648
0.0036469,0.0053864,0.00091553,-0.0031281,0.0032196,-0.0011749
0.0039368,0.0039825,-0.0022736,-0.0056763,0.0029144,-0.0019226
0.0016479,0.0011139,-0.0017853,-0.0047455,-0.0030975,-0.00083923
-0.0022888,-0.0026245,-0.0014343,-0.0046844,-0.0057068,-0.0019989
-0.0059357,-0.0024872,-0.0053711,-0.0077057,-0.0014801,-0.00383
-0.0062714,-0.0034332,-0.006485,-0.0083466,0.0031738,-0.0023041
-0.0040283,-0.0078125,-0.003891,-0.0056,0.0037231,0.0018005
-0.0032196,-0.0075378,-0.0015564,-0.0004425,0.0042725,0.0042572
-0.0017853,-0.0024414,-0.00056458,0.0020752,0.006012,0.0040588
0.0016022,0.0009613,0.00035095,-0.00064087,0.0055389,0.0048523
0.0041962,0.00053406,0.0011139,-0.004303,0.0029449,0.0058136
0.0065002,-0.0018768,-0.0033264,-0.0078888,-0.0028381,0.0044556
0.0068665,-0.0035095,-0.012238,-0.014038,-0.0094147,0.00067139
0.001709,-0.0059662,-0.018646,-0.021545,-0.013657,-0.0041504
-0.0059509,-0.012833,-0.023087,-0.026871,-0.019424,-0.0071106
-0.010422,-0.019455,-0.02919,-0.030472,-0.026672,-0.012329
-0.013672,-0.020355,-0.033463,-0.033005,-0.031998,-0.021606
-0.019333,-0.018829,-0.031128,-0.034241,-0.034821,-0.02742
-0.024017,-0.019775,-0.025452,-0.031799,-0.036057,-0.027817
-0.025833,-0.022873,-0.022766,-0.024841,-0.034149,-0.027679
-0.026672,-0.021393,-0.019577,-0.017319,-0.027206,-0.029266
-0.024765,-0.013504,-0.01265,-0.01091,-0.021378,-0.028412
-0.019745,-0.008255,-0.0066376,-0.00737,-0.019699,-0.023376
-0.016022,-0.008194,-0.0011292,-0.0042267,-0.016525,-0.017578
-0.014252,-0.0080109,0.0025177,0.0018768,-0.0093079,-0.012909
-0.011902,-0.0052032,0.00016785,0.0054626,-0.00082397,-0.010452
-0.0080719,-0.0013428,-0.0020142,0.0045929,0.0020447,-0.0067291
-0.0043945,-0.0023651,0.00019836,0.0019226,-0.0016022,-0.0021515
-0.0050049,-0.0075836,0.00067139,0.0010071,-0.0030975,-0.0015411
-0.0076599,-0.010178,-0.0046997,0.0029449,-0.00019836,-0.0016479
-0.0068054,-0.012146,-0.011948,0.0021667,0.0020752,-0.00053406
-0.0058289,-0.013855,-0.01564,-0.0024567,-0.00028992,-0.00074768
-0.0075073,-0.01355,-0.016418,-0.0077057,-0.0059662,-0.0048523
-0.0091095,-0.01593,-0.017609,-0.010254,-0.01004,-0.0097809
-0.0098114,-0.017365,-0.018921,-0.0078278,-0.010376,-0.0097198
-0.0084534,-0.012634,-0.016556,-0.0053406,-0.0091248,-0.0068665
-0.0051422,-0.0070038,-0.0098724,-0.0046082,-0.0092773,-0.0050812
-0.0022125,-0.0026245,-0.0024872,-0.00086975,-0.0071411,-0.0056
0.00030518,0.0029449,0.0045166,0.0063629,-0.0004425,-0.0044708
0.0026855,0.0087585,0.011688,0.013763,0.0050964,0.00076294
0.0041504,0.012421,0.017029,0.016388,0.005722,0.0050049
0.0057983,0.013016,0.017548,0.014145,0.0052948,0.0050812
0.0071716,0.011566,0.013397,0.011902,0.0078735,0.0036774
0.0068817,0.0093079,0.0076599,0.0086975,0.0090027,0.0041809
0.0057983,0.0072021,0.002655,0.0033264,0.0046387,0.0054321
0.0033722,0.0043488,-0.00045776,-0.0011597,-0.00088501,0.0052185
0.0011597,0.00013733,-0.0033112,-0.0035706,-0.00097656,0.0024872
0.0014648,-0.0026093,-0.008728,-0.0041962,0.0014038,-9.1553e-05
0.00097656,-0.0047607,-0.010391,-0.0037537,-0.0024719,0.0004425
-0.0017853,-0.0067902,-0.0044098,-0.0023499,-0.0061951,0.0013123
-0.0040283,-0.0049591,9.1553e-05,-0.00059509,-0.0024109,0.0012054
-0.0037689,-0.00030518,0.0010986,0.0015869,0.002243,-0.0005188
-0.0016327,0.00177,0.0028076,0.0043793,0.001297,-0.0034332
-0.0033417,-0.00074768,0.0037689,0.00383,-0.0054626,-0.0052032
-0.0088348,-0.0054016,0.0019836,0.00053406,-0.0098267,-0.0079041
-0.010635,-0.0080566,-0.0025024,-0.001709,-0.0092621,-0.011581
-0.0092773,-0.0066376,-0.006958,-0.0035553,-0.0082703,-0.012894
-0.0085907,-0.0060272,-0.0089722,-0.004364,-0.0078735,-0.011978
-0.0096741,-0.009201,-0.0082245,-0.004425,-0.0099335,-0.010574
-0.011337,-0.009964,-0.0066071,-0.0041962,-0.008316,-0.0099182
-0.010345,-0.0065918,-0.0063629,-0.00090027,-0.00047302,-0.0083771
-0.006958,-0.0057526,-0.0041504,0.004364,0.0039368,-0.0019226
-0.003067,-0.0061493,0.0019684,0.0088348,0.0066071,0.0059052
0.00067139,-0.00016785,0.0077972,0.012787,0.013626,0.0092163
0.0060577,0.008316,0.0112,0.017197,0.019547,0.011566
0.014282,0.011917,0.014008,0.020126,0.021759,0.017883
0.02095,0.013,0.017136,0.018768,0.023102,0.024841
0.023361,0.017197,0.017303,0.016495,0.023041,0.025757
0.02327,0.020706,0.013596,0.01445,0.021988,0.022385
0.022491,0.017487,0.0092621,0.0093689,0.018539,0.019562
0.020538,0.013596,0.0064087,0.0037231,0.0095825,0.017487
0.015182,0.011902,0.0046539,-0.0025787,0.00088501,0.013336
0.0090332,0.0082855,-0.00028992,-0.0079498,-0.0031586,0.0040283
0.0054474,0.0030518,-0.0070038,-0.009079,-0.0076294,-0.0038452
0.00024414,-0.0024872,-0.010117,-0.011658,-0.012436,-0.0060425
-0.0072327,-0.0067444,-0.010254,-0.013245,-0.01503,-0.0097504
-0.012405,-0.0096283,-0.010742,-0.011627,-0.016434,-0.015442
-0.014709,-0.012146,-0.014221,-0.012512,-0.017334,-0.019058
-0.015915,-0.014587,-0.017776,-0.014954,-0.018845,-0.019379
-0.01796,-0.019196,-0.018875,-0.017624,-0.01944,-0.017883
-0.022385,-0.023575,-0.020309,-0.017517,-0.01886,-0.018921
-0.026245,-0.023315,-0.023148,-0.016144,-0.01915,-0.0215
-0.02655,-0.023514,-0.024918,-0.018692,-0.020187,-0.021729
-0.026489,-0.027695,-0.024643,-0.01947,-0.020279,-0.020615
-0.029846,-0.030426,-0.025528,-0.017319,-0.018555,-0.020981
-0.032822,-0.029297,-0.026703,-0.017181,-0.019531,-0.023529
-0.029541,-0.02623,-0.026489,-0.018204,-0.023758,-0.027039
-0.024216,-0.022919,-0.025391,-0.018524,-0.026215,-0.027496
-0.021103,-0.02124,-0.022064,-0.016754,-0.024643,-0.023682
-0.018234,-0.020309,-0.019363,-0.013046,-0.019806,-0.020462
-0.015457,-0.016571,-0.015915,-0.0082703,-0.017426,-0.017517
-0.010452,-0.0095062,-0.0092468,-0.0017242,-0.016281,-0.0112
-0.0027161,-0.0020905,-0.0025482,0.0044861,-0.01004,-0.0056458
0.0019836,0.002182,0.0042877,0.0093842,-0.0014496,-0.0033112
0.0028839,0.0046082,0.010208,0.015198,0.0044098,0.00073242
0.0050049,0.0093231,0.015228,0.01886,0.007019,0.0064087
0.0079498,0.013901,0.018677,0.019119,0.0084381,0.0098267
0.0090942,0.013626,0.015854,0.018204,0.009964,0.0092468
0.0086823,0.0079651,0.0083618,0.014206,0.01297,0.0054016
0.0042877,0.0019379,0.0017853,0.0093994,0.013611,0.0041046
-0.0033417,-0.0018921,-0.0028839,0.0055237,0.0082092,0.0054321
-0.0065155,-0.0067139,-0.0087585,-9.1553e-05,0.0018005,0.0037689
-0.0031433,-0.010025,-0.015625,-0.0043182,-0.0011444,0.00083923
-0.00065613,-0.011246,-0.018417,-0.0056305,-0.00024414,-0.0015106
-0.0037231,-0.011948,-0.014679,-0.005722,-0.0016937,-0.0032654
-0.0085602,-0.0099792,-0.0080872,-0.0048065,-0.0066223,-0.0039368
-0.010834,-0.006073,-0.003891,-0.0059052,-0.0097656,-0.0057373
-0.0089874,-0.0019531,-0.0047913,-0.0066071,-0.013382,-0.0092773
-0.0056458,-0.0023193,-0.0046387,-0.0040894,-0.015564,-0.013397
-0.0077667,-0.0067291,-0.0016479,-0.0036774,-0.013733,-0.015579
-0.015182,-0.007782,-0.0029144,-0.0059509,-0.01442,-0.016327
-0.018478,-0.0063477,-0.0063019,-0.0077057,-0.019455,-0.018799
-0.015335,-0.007309,-0.0091248,-0.0098114,-0.023422,-0.020844
-0.01384,-0.01059,-0.011597,-0.01178,-0.022675,-0.021912
-0.017456,-0.012711,-0.012833,-0.011215,-0.019287,-0.023697
-0.020844,-0.012939,-0.012451,-0.0088348,-0.019119,-0.023254
-0.020264,-0.013702,-0.011093,-0.0064545,-0.02063,-0.019592
-0.016129,-0.014908,-0.011215,-0.0049133,-0.016891,-0.014206
-0.010773,-0.013367,-0.0098114,-0.0023193,-0.0083313,-0.0081787
-0.0068817,-0.0085297,-0.0071869,0.0025482,0.0010529,-0.0039063
-0.0021362,-0.0040588,-0.0037079,0.0056152,0.0058136,0.0012512
0.0050964,0.001297,0.0016785,0.0070648,0.0045013,0.0087585
0.012344,0.0076904,0.004837,0.010284,0.0057526,0.014389
0.017868,0.011292,0.0077057,0.012878,0.013458,0.018524
0.022522,0.01535,0.010849,0.014359,0.020767,0.023193
0.026749,0.020355,0.013199,0.016052,0.022049,0.025665
0.027313,0.023865,0.018311,0.017792,0.019043,0.024719
0.025375,0.027191,0.025284,0.020355,0.01738,0.023941
0.025024,0.028885,0.028412,0.022461,0.021271,0.02356
0.025833,0.028976,0.027771,0.025391,0.026749,0.022659
0.025391,0.029587,0.030579,0.029678,0.027222,0.02124
0.024307,0.029419,0.03566,0.031845,0.023682,0.020554
0.025848,0.028717,0.036896,0.031204,0.022018,0.023865
0.027863,0.028381,0.033081,0.026962,0.025452,0.025696
0.026871,0.026123,0.026123,0.021957,0.028229,0.023438
0.023392,0.020325,0.019241,0.018875,0.024353,0.022781
0.019363,0.012039,0.011719,0.012939,0.018616,0.021729
0.014725,0.0045624,0.0022888,0.0037384,0.015381,0.017471
0.006073,-0.0024567,-0.0066223,-0.0042572,0.010818,0.010803
-0.005249,-0.010834,-0.012894,-0.010559,0.0032501,0.0032959
-0.013977,-0.017242,-0.016342,-0.016327,-0.0053253,-0.0036469
-0.018204,-0.019897,-0.018661,-0.020264,-0.013107,-0.011841
-0.020355,-0.019882,-0.022141,-0.022079,-0.017761,-0.020218
-0.02298,-0.019135,-0.024826,-0.023987,-0.021194,-0.024994
-0.02388,-0.019363,-0.022552,-0.024994,-0.025146,-0.025009
-0.021408,-0.017502,-0.016983,-0.022919,-0.026245,-0.023804
-0.018158,-0.01268,-0.012604,-0.017853,-0.023605,-0.023209
-0.012939,-0.0088959,-0.0085449,-0.010529,-0.018661,-0.017624
-0.0038452,-0.0050354,-0.0018463,-0.0018311,-0.010925,-0.0072937
0.0045929,0.0034027,0.0071259,0.0065918,-0.0011749,0.0019226
0.011658,0.013611,0.01709,0.012787,0.0088806,0.0097961
0.017517,0.018814,0.023117,0.019409,0.018158,0.016556
0.020599,0.020248,0.024643,0.027618,0.0242,0.021713
0.022888,0.020966,0.026688,0.030502,0.028656,0.025513
0.023331,0.021072,0.025818,0.027817,0.033798,0.026199
0.020874,0.01973,0.022278,0.025253,0.036469,0.025543
0.018143,0.015701,0.019135,0.022781,0.034851,0.026901
0.018723,0.013123,0.014679,0.02066,0.031601,0.029434
0.022552,0.014175,0.012863,0.018372,0.031815,0.029846
0.024414,0.016479,0.013763,0.015945,0.033737,0.027756
0.023132,0.017776,0.014755,0.014297,0.03125,0.027557
0.022705,0.017136,0.016617,0.01152,0.026474,0.028412
0.023682,0.018814,0.016159,0.0099182,0.020493,0.026596
0.023056,0.021042,0.01387,0.0073395,0.013565,0.021347
0.018494,0.01767,0.01152,0,0.0097198,0.011749
0.009201,0.010788,0.0073547,-0.0051727,0.0045929,0.0034485
7.6294e-05,0.0036316,0.0013885,-0.0081787,-0.0035858,-0.00068665
-0.0038605,-0.0010834,-0.0054779,-0.013748,-0.010788,-0.006485
-0.0067139,-0.0040436,-0.008667,-0.016815,-0.016602,-0.013657
-0.012146,-0.01004,-0.0077515,-0.016266,-0.017075,-0.019608
-0.018036,-0.015381,-0.0098267,-0.014969,-0.015884,-0.023163
-0.022491,-0.014877,-0.011368,-0.014435,-0.02066,-0.023483
-0.022949,-0.013199,-0.0085297,-0.01651,-0.024612,-0.023376
-0.019897,-0.014572,-0.0097351,-0.016922,-0.022705,-0.022797
-0.01712,-0.016708,-0.013245,-0.014389,-0.018555,-0.019089
-0.015182,-0.014877,-0.012314,-0.012573,-0.013535,-0.01445
-0.013062,-0.010162,-0.010849,-0.011856,-0.010666,-0.012009
-0.0095673,-0.0086212,-0.010925,-0.012161,-0.011581,-0.009079
-0.0046997,-0.0086517,-0.010666,-0.012405,-0.009613,-0.0036011
-0.00064087,-0.005661,-0.010208,-0.010986,-0.0036469,0.00039673
0.0017853,-0.00061035,-0.0084076,-0.0075836,-0.00083923,0.0015106
0.0037994,0.003006,-0.0037994,-0.0035248,-0.0007782,0.0024261
0.0067291,0.0054779,0.0011444,-0.00036621,0.0014343,0.0037079
0.0089264,0.0086517,0.0054169,0.0025482,0.0044098,0.0049744
0.0086365,0.01152,0.010391,0.0056915,0.0057678,0.0050812
0.007431,0.01355,0.014786,0.0097504,0.0058289,0.0035858
0.0069733,0.013367,0.017715,0.014008,0.0060577,0.0033875
0.00914,0.012482,0.019989,0.016373,0.0083466,0.0063782
0.014038,0.014404,0.021973,0.017868,0.013504,0.010834
0.01738,0.01683,0.021576,0.018829,0.019318,0.015457
0.017563,0.016342,0.017273,0.017899,0.021362,0.019119
0.017426,0.012451,0.012131,0.014694,0.018082,0.020264
0.016922,0.0078278,0.0081482,0.0079041,0.013535,0.018799
0.013077,0.0033875,0.0010223,-0.00013733,0.010818,0.014908
0.0039063,-0.0035706,-0.0097656,-0.0063477,0.0070038,0.0090179
-0.0075073,-0.012772,-0.017319,-0.013367,-0.0002594,0.0011597
-0.016617,-0.019501,-0.021759,-0.020477,-0.009613,-0.008194
-0.023392,-0.022385,-0.026291,-0.025833,-0.01918,-0.019455
-0.028809,-0.025589,-0.029434,-0.030563,-0.028549,-0.031174
-0.03418,-0.02832,-0.031082,-0.033676,-0.037537,-0.038483
-0.037598,-0.027771,-0.031189,-0.035278,-0.043518,-0.042969
-0.036591,-0.026642,-0.029388,-0.034439,-0.045273,-0.045883
-0.034332,-0.025131,-0.026154,-0.030365,-0.043365,-0.044037
-0.030533,-0.0215,-0.021957,-0.025726,-0.038437,-0.038239
-0.023819,-0.017593,-0.017166,-0.019241,-0.031357,-0.030121
-0.018173,-0.013062,-0.011261,-0.008667,-0.022293,-0.02301
-0.01413,-0.0086365,-0.0037537,0.00047302,-0.01384,-0.017212
-0.0097046,-0.0064392,0.0019684,0.003952,-0.0081024,-0.0092163
-0.0044708,-0.0037231,0.0033875,0.0064697,-0.0031586,-0.0020142
-0.00015259,-0.0010834,0.0048218,0.010986,0.0029907,0.0014954
0.00027466,7.6294e-05,0.0075836,0.014404,0.0103,0.0024567
-3.0518e-05,0.0015259,0.0081329,0.014435,0.013214,0.0041962
0.0024109,0.0032654,0.0071259,0.011887,0.010284,0.0099487
0.0073242,0.0048523,0.0060883,0.0092163,0.011307,0.014664
0.012589,0.0056152,0.0045776,0.01001,0.017639,0.016052
0.014465,0.005661,0.0049744,0.013107,0.022522,0.02034
0.015991,0.0068207,0.0068817,0.014084,0.025375,0.027557
0.021194,0.010452,0.0075226,0.014389,0.026474,0.031815
0.025742,0.014938,0.0091858,0.014023,0.026733,0.031448
0.026459,0.017761,0.010468,0.012375,0.026169,0.027298
0.024353,0.016846,0.0097046,0.011215,0.021179,0.022049
0.019424,0.01268,0.0076599,0.0079803,0.014801,0.020142
0.013779,0.0097351,0.0040741,0.0035095,0.011887,0.018417
0.010162,0.0072937,0.0018005,0.0010681,0.010635,0.010666
0.0068817,0.0041809,0.0007019,0.00073242,0.0067596,0.0022125
0.0028839,0.00080872,-0.00062561,0.0011139,4.5776e-05,-0.00054932
-0.0018921,-0.0032654,-0.0020447,-0.00056458,-0.0028076,-0.0020905
-0.0078735,-0.0044098,-0.0017395,-0.0028839,-0.0036469,-0.0066528
-0.012482,-0.0059509,0.00088501,-0.0037689,-0.0092773,-0.01239
-0.014297,-0.0094452,0,-0.005249,-0.01561,-0.016281
-0.015259,-0.0097961,-0.0041656,-0.0090637,-0.018738,-0.018173
-0.017395,-0.010117,-0.0083008,-0.012146,-0.019943,-0.020721
-0.019577,-0.012985,-0.012344,-0.012634,-0.019211,-0.022919
-0.019485,-0.016617,-0.015198,-0.014343,-0.017609,-0.020401
-0.01712,-0.018066,-0.017761,-0.016937,-0.018311,-0.015152
-0.015915,-0.017563,-0.020752,-0.01857,-0.01918,-0.013519
-0.016968,-0.017654,-0.022537,-0.018127,-0.015808,-0.015564
-0.015823,-0.017349,-0.019791,-0.013947,-0.011917,-0.014465
-0.011841,-0.015335,-0.015823,-0.011124,-0.012039,-0.008255
-0.0075989,-0.0099945,-0.013641,-0.010971,-0.010315,-0.0046387
-0.0050201,-0.00383,-0.0080719,-0.0075684,-0.0056,-0.0059204
-0.0039673,0.0002594,-0.00048828,0.00080872,-0.0032654,-0.0061493
-0.00057983,0.0039978,0.0074005,0.010666,-0.0007782,-0.0038605
0.0049896,0.008728,0.016403,0.016541,0.0031433,0.0011444
0.0096893,0.014206,0.021439,0.017487,0.0085907,0.0075226
0.012665,0.017639,0.021332,0.018539,0.014145,0.0096893
0.014572,0.018173,0.020248,0.020996,0.015533,0.010834
0.018509,0.017014,0.018799,0.019012,0.015427,0.016861
0.022461,0.013962,0.013641,0.011719,0.015289,0.02243
0.019958,0.01004,0.0054932,0.0043335,0.013702,0.021637
0.011444,0.0061188,-0.0014038,-0.001236,0.0095367,0.014908
0.0036926,0.0007019,-0.0056458,-0.0056763,0.0015106,0.0055084
-0.0018311,-0.0065002,-0.010422,-0.010773,-0.0062561,-0.0019989
-0.010162,-0.012131,-0.017639,-0.017166,-0.011612,-0.0080414
-0.019089,-0.016754,-0.022781,-0.023041,-0.0168,-0.015976
-0.022797,-0.021805,-0.024399,-0.025833,-0.023392,-0.022476
-0.022964,-0.022919,-0.026062,-0.024368,-0.02977,-0.025131
-0.024139,-0.021881,-0.027817,-0.022995,-0.031708,-0.027878
-0.02565,-0.023331,-0.027145,-0.024689,-0.030045,-0.029831
-0.024551,-0.023254,-0.023697,-0.023849,-0.027969,-0.02803
-0.021744,-0.017975,-0.018051,-0.015991,-0.026489,-0.025513
-0.018982,-0.011292,-0.010849,-0.0067596,-0.023163,-0.0233
-0.015823,-0.0080566,-0.0063477,-0.0027313,-0.015991,-0.020126
-0.011505,-0.0059357,-0.0030365,-0.00088501,-0.01091,-0.0159
-0.0076752,-0.002655,0.0031586,0.0027313,-0.0097809,-0.011353
-0.0060425,-0.00057983,0.0076904,0.0075073,-0.0080261,-0.009201
-0.0049591,0.0002594,0.0080872,0.010559,-0.0055542,-0.0088196
-0.0041962,0.00056458,0.0066986,0.0089417,-0.0026245,-0.0067291
-0.0042114,0.0011749,0.0062866,0.0061493,-0.00048828,-0.0035248
-0.0011139,0.0028076,0.006897,0.0055695,9.1553e-05,-0.0021667
0.0024567,0.0036926,0.0062714,0.0065613,0.0012512,-0.0010681
0.0010223,0.0027313,0.0045471,0.0080261,0.0037537,0.0019836
0.00057983,0.0016632,0.0018616,0.006424,0.0059357,0.0050659
0.0044403,0.0021362,0.00073242,0.0039825,0.0057373,0.0084534
0.010025,0.0040283,0.0024567,0.0050507,0.0072174,0.013397
0.013611,0.0046997,0.0027771,0.0065308,0.011673,0.017197
0.012634,0.0040741,-0.00038147,0.0061798,0.014008,0.018173
0.013382,0.0065918,-0.0029907,0.0053406,0.014328,0.017288
0.015961,0.0090179,-0.0015106,0.0049438,0.014877,0.016693
0.016403,0.0070343,-6.1035e-05,0.0042419,0.01442,0.018677
0.015884,0.0036621,-0.0022888,0.0040588,0.012238,0.019485
0.013153,0.0010681,-0.0045319,0.0055237,0.010757,0.015045
0.0092316,0.0011902,-0.0025482,0.0056763,0.0093079,0.0095673
0.0054474,0.0028229,0.0023499,0.0045776,0.0069122,0.0067596
0.0027313,0.0024414,0.0049896,0.0049286,0.0046082,0.0041962
0,0.0024872,0.0065765,0.0066681,0.00028992,-0.00036621
-0.0044861,0.0033722,0.0099792,0.0079193,-0.0029144,-0.0057526
-0.0049133,0.0015869,0.0093842,0.0068054,-0.0042572,-0.0098419
-0.0033722,-0.00035095,0.0055847,0.0042267,-0.0056305,-0.0098114
-0.0053711,0.00016785,0.0057526,0.0023956,-0.0029449,-0.0051422
-0.0059967,0.0018005,0.0062256,0.0028381,0.00085449,-0.0014343
-0.0023499,0.0029449,0.0031891,0.0053101,0.0034332,-0.00062561
0.0034943,0.0030365,0.0014343,0.0057983,0.0074921,0.0030975
0.0077362,0.0045624,0.0038757,0.0045166,0.010605,0.0095367
0.0089417,0.008316,0.0083771,0.0072327,0.013107,0.013489
0.01059,0.012207,0.011978,0.0112,0.016098,0.015945
0.013657,0.013153,0.012711,0.014099,0.017517,0.016479
0.015503,0.012375,0.014908,0.017715,0.017639,0.013626
0.014023,0.014771,0.021622,0.018494,0.016388,0.012405
0.013,0.01889,0.025696,0.018616,0.01532,0.012466
0.015915,0.022064,0.02449,0.019394,0.016571,0.011185
0.017975,0.02356,0.02301,0.019592,0.018326,0.012619
0.019348,0.022842,0.024704,0.02002,0.020584,0.015991
0.02211,0.021896,0.027008,0.018814,0.022278,0.018661
0.022247,0.021439,0.025162,0.017563,0.022003,0.022217
0.021194,0.020447,0.021378,0.015671,0.022415,0.024918
0.019821,0.017868,0.018784,0.012039,0.023209,0.024368
0.016174,0.014603,0.016937,0.0084839,0.021133,0.021362
0.014191,0.011337,0.013016,0.0055389,0.016098,0.018219
0.013947,0.0072632,0.0052643,0.002655,0.012695,0.015121
0.01088,0.0040283,-0.00024414,-0.0016937,0.010925,0.011612
0.0063324,0.0024872,0.00045776,-0.0051117,0.0072479,0.0090637
0.0041504,0.0022583,0.0010071,-0.0047913,0.0040588,0.0060272
0.003479,0.0025787,-0.0015411,-0.0035858,0.00383,0.0027771
0.0031738,0.0016937,-0.0030975,-0.0051575,0.0052795,0.0021667
0.0040283,0.0016022,-0.0024261,-0.0061493,0.0054932,0.0038757
0.0051117,0.0036926,0.00091553,-0.0028381,0.0043793,0.0057678
0.004776,0.0053253,0.0040741,0.00080872,0.0049133,0.0048676
0.0036316,0.0057526,0.0039063,0.0015564,0.0058594,0.0020142
0.0037231,0.0041656,0.0047913,0.00057983,0.0042877,0.0011597
0.0026398,0.0023193,0.0084381,0.0014954,0.0016785,0.00041199
-0.00047302,0.0039063,0.011612,0.0046234,-0.00074768,-0.0015259
-0.00065613,0.0061798,0.011444,0.0048065,-0.00039673,-0.0029297
-7.6294e-05,0.0065308,0.010193,0.003418,0.0019226,-0.0059357
-0.0028534,0.0055084,0.013336,0.0042419,-0.00099182,-0.0092926
-0.0045013,0.0040436,0.016342,0.0036163,-0.0055695,-0.0098114
-0.0046692,0.0041504,0.011826,0.00028992,-0.0047607,-0.0087433
-0.005249,0.0043335,0.0045319,-0.0028992,-0.0012207,-0.0063019
-0.0040741,0.0012817,0.0014801,-0.0049744,-0.00074768,-0.0039978
-0.0038605,-0.0031281,0.0012054,-0.0063171,-0.0048218,-0.0046387
-0.0056152,-0.0048676,-0.0004425,-0.0081787,-0.0067291,-0.0045013
-0.0053406,-0.0047913,-0.0048065,-0.0091553,-0.0020142,-0.00030518
-0.0022583,-0.0049133,-0.0089569,-0.0088348,0.0029602,0.0041656
0.0029907,-0.0040894,-0.0088348,-0.0091248,0.0026855,0.0063934
0.0084686,-0.0014801,-0.0062408,-0.0091553,0.00018311,0.0079193
0.010483,0.00093079,-0.0071564,-0.0099945,0.00080872,0.009903
0.0092773,0.0015106,-0.010757,-0.010971,0.0037994,0.010773
0.0078583,0.00019836,-0.010895,-0.010056,0.0025177,0.0083618
0.0066681,-0.0022888,-0.0094452,-0.01059,-0.0035858,0.0023499
0.0027771,-0.0046234,-0.010391,-0.012604,-0.0086975,-0.0039368
-0.0043182,-0.0061188,-0.011856,-0.013123,-0.010757,-0.0071869
-0.0087585,-0.006958,-0.010956,-0.011917,-0.012619,-0.0099945
-0.010468,-0.0087891,-0.0092316,-0.011948,-0.015289,-0.01474
-0.014084,-0.011841,-0.0121,-0.015015,-0.017212,-0.019821
-0.018387,-0.014755,-0.016327,-0.017487,-0.020599,-0.022324
-0.02272,-0.018585,-0.018127,-0.018845,-0.023651,-0.021271
-0.025772,-0.023315,-0.021545,-0.020859,-0.022003,-0.019165
-0.024124,-0.026947,-0.025665,-0.021347,-0.018799,-0.018265
-0.021408,-0.026306,-0.026672,-0.019333,-0.016037,-0.018204
-0.021729,-0.022202,-0.023972,-0.016678,-0.014969,-0.016632
-0.021713,-0.020737,-0.019989,-0.014893,-0.0177,-0.014847
-0.019623,-0.020737,-0.017593,-0.01474,-0.019211,-0.015884
-0.017487,-0.017761,-0.016785,-0.013687,-0.017822,-0.017929
-0.015411,-0.013214,-0.015991,-0.010681,-0.018097,-0.017059
-0.013168,-0.009964,-0.012558,-0.0085602,-0.018494,-0.014923
-0.011673,-0.0075531,-0.0080872,-0.0067596,-0.016769,-0.016495
-0.0093231,-0.0045471,-0.0061188,-0.0037689,-0.01413,-0.017929
-0.0044861,-0.0017548,-0.0062561,-0.0015106,-0.010574,-0.013885
-0.00054932,0.0015411,-0.0054626,-0.0018921,-0.0085144,-0.0073547
0.00012207,0.0035248,-0.0011749,-0.0026855,-0.0091248,-0.0042267
-0.001358,0.0024567,0.0014343,-0.0012207,-0.0093689,-0.0067139
-0.0017548,0.0015411,-0.0010376,-0.0007782,-0.0084839,-0.0067596
-0.0004425,-7.6294e-05,-0.003067,-0.0031738,-0.0075378,-0.002121
-0.0018616,-0.0030518,-0.0030975,-0.0049438,-0.0076141,-0.0011597
-0.0051727,-0.0050659,-0.003006,-0.0042267,-0.0079956,-0.0042725
-0.0069427,-0.0059204,-0.0049744,-0.0018921,-0.0084534,-0.0069885
-0.0050964,-0.0061188,-0.0071869,-0.0009613,-0.0089111,-0.0063171
-0.0024567,-0.0054779,-0.0059052,-0.0028839,-0.0061951,-0.002594
-0.0022736,-0.0041962,-0.0051727,-0.0026093,-0.00086975,0.0012054
-0.0002594,-0.004303,-0.007431,0.0014496,0.0050049,0.0044861
0.0021973,-0.0044556,-0.0094604,0.0041809,0.008255,0.0075684
0.0032959,-0.0039215,-0.0086365,0.0048523,0.0075378,0.0096741
0.0041656,-0.0043793,-0.0053406,0.0045776,0.0094299,0.010773
0.0033417,-0.0042877,-0.0034332,0.0060425,0.013565,0.012085
0.0034332,-0.0032043,-0.0034943,0.010056,0.01442,0.011826
0.0045471,-0.00093079,-0.0019226,0.011887,0.011703,0.0095978
0.0039825,0.00028992,0.0032196,0.011612,0.0085754,0.0073547
0.0019836,-0.00064087,0.0081329,0.011414,0.0088501,0.0060577
-0.0007019,0.00090027,0.0081787,0.012787,0.0095825,0.0050201
-0.0017242,0.0036926,0.0079041,0.014175,0.006485,0.0007019
-0.0011902,0.0032501,0.011383,0.013046,0.0013275,-0.0050812
-0.0034637,0.00048828,0.012787,0.010941,-0.00064087,-0.0093384
-0.0088959,-0.00016785,0.0091858,0.0081482,0,-0.012268
-0.012131,0.001236,0.006073,0.0057831,-0.0019073,-0.011215
-0.010559,0.00067139,0.0053101,0.0040588,-0.0032806,-0.0088654
-0.0095215,-0.002121,0.0041199,0.0025482,-0.0024109,-0.009491
-0.010147,-0.0047607,0.003006,0.0024872,-0.00030518,-0.0079346
-0.0060577,-0.0036621,0.0032806,0.0030823,0.0036621,-0.00094604
0.0015259,0.0015411,0.0043182,0.0072327,0.0072632,0.0068054
0.0071716,0.0075226,0.006958,0.012695,0.011856,0.012146
0.0121,0.0112,0.012192,0.011002,0.016678,0.015579
0.018311,0.012863,0.015274,0.0075226,0.017532,0.018921
0.024612,0.018082,0.013855,0.0087128,0.014999,0.023712
0.029617,0.024048,0.012634,0.0099792,0.012833,0.026779
0.029404,0.025131,0.012985,0.007843,0.013855,0.023376
0.023834,0.021912,0.012543,0.0042572,0.011948,0.015884
0.019852,0.016861,0.010666,0.0036011,0.0053101,0.011063
0.01825,0.014954,0.0086517,0.0041199,0.002594,0.0089417
0.014679,0.014099,0.0063171,0.0024261,0.0036621,0.0061493
0.0088348,0.010864,0.0046234,0.0011444,0.0042572,0.0043945
0.0037231,0.0050507,0.003891,0.0017853,0.0038757,0.0041504
0.0011597,-0.0010223,0.0021057,0.0029297,0.003891,0.0019989
-0.0014496,-0.0033722,0.0004425,0.002243,0.0050354,-0.0011597
-0.0057373,-0.0056763,-0.0024567,0.00065613,0.0050964,-0.0010223
-0.0092163,-0.0080719,-0.0049438,-0.0002594,0.0056458,0.0016174
-0.0090179,-0.0092621,-0.0031281,-0.0016937,0.0050049,0.00076294
-0.0072937,-0.01059,-0.0022125,-0.0035248,-0.00024414,-0.0027771
-0.0079041,-0.0098114,-0.0048218,-0.0056305,-0.0047302,-0.004303
-0.0093079,-0.0089722,-0.010376,-0.0066833,-0.0049438,-0.0044708
-0.0098419,-0.010712,-0.012451,-0.0074463,-0.0041199,-0.0053101
-0.009491,-0.012924,-0.0079651,-0.0077667,-0.0058899,-0.0080566
-0.0087128,-0.0091553,-0.0059204,-0.0067902,-0.0087891,-0.0096741
-0.005661,-0.0010986,-0.0067139,-0.00737,-0.0081024,-0.0088959
-0.0021362,0.0025024,-0.0057831,-0.0066833,-0.0056305,-0.007843
-0.0017548,0.0031738,-0.0028381,-0.0032196,-0.0066223,-0.0074615
-0.0014343,0.003418,0.00033569,-0.0014954,-0.0074158,-0.008728
-0.0021973,0.0042267,0.0031891,-0.0024109,-0.0083618,-0.010941
-0.004715,0.0048523,0.0049744,-0.0048676,-0.01297,-0.01239
-0.0056763,0.0037079,0.0042419,-0.0083008,-0.015091,-0.012497
-0.0050812,0.0027618,0.001236,-0.0079498,-0.015549,-0.012833
-0.0046387,0.0010529,0.0011292,-0.0042267,-0.015839,-0.012985
-0.0036469,-0.00013733,0.0055542,-0.0026398,-0.013657,-0.011368
-0.00045776,0.0024414,0.0052643,-0.00059509,-0.01001,-0.0066223
0.0036774,0.0056915,0.0039063,0.0019531,-0.0025787,-0.0002594
0.0084839,0.0065308,0.005722,0.0031281,0.0065002,0.0044861
0.011169,0.0083771,0.0045319,0.0062408,0.010529,0.010254
0.01207,0.011948,0.0043182,0.0075378,0.011932,0.018433
0.016388,0.012131,0.0047455,0.0047302,0.016129,0.02298
0.019577,0.0079651,0.0011749,0.0056458,0.020859,0.022049
0.018341,0.0048828,0.00013733,0.010147,0.0233,0.022018
0.017303,0.006897,0.0028534,0.011276,0.021606,0.025253
0.01767,0.010956,0.0059814,0.0083923,0.018234,0.028397
0.019333,0.011826,0.0095825,0.0065613,0.018188,0.025375
0.018784,0.010071,0.0093842,0.0087128,0.016937,0.016586
0.01236,0.0091095,0.0063629,0.0091705,0.01149,0.011292
0.0052948,0.0072632,0.0047913,0.0031586,0.0057831,0.0092773
0.0024109,0.0011749,0.0017548,-0.0028076,0.00054932,0.0028381
-0.0019073,-0.0046234,-0.0034637,-0.0035248,-0.0043488,-0.0065765
-0.0083771,-0.007782,-0.0072327,-0.0044861,-0.0087433,-0.013031
-0.012405,-0.012711,-0.011887,-0.0092773,-0.011673,-0.015656
-0.018967,-0.01532,-0.015808,-0.014923,-0.013458,-0.016434
-0.02475,-0.017227,-0.013702,-0.014694,-0.015121,-0.019684
-0.024933,-0.020294,-0.010559,-0.0077057,-0.013596,-0.023544
-0.023117,-0.017639,-0.0087891,-0.001297,-0.0099487,-0.020615
-0.018478,-0.012924,-0.005127,0.0010986,-0.0045166,-0.013382
-0.013321,-0.0078278,0.0005188,0.00088501,0.00021362,-0.0078583
-0.007309,-0.002121,0.0064087,0.0022736,0.0009613,-0.00354
0.00068665,0.0031433,0.010208,0.0062714,0.0016785,0.00064087
0.0079346,0.0095825,0.0099792,0.0073242,0.0026245,0.0039673
0.012741,0.01326,0.0085602,0.0048218,0.0037842,0.0065918
0.01265,0.012848,0.0099487,0.0042419,0.0028992,0.008316
0.01181,0.010834,0.011719,0.0052032,0.0021515,0.0088501
0.012589,0.010681,0.010681,0.0057526,0.0063934,0.0093842
0.012985,0.013947,0.0090485,0.0077667,0.010361,0.010574
0.013977,0.0159,0.01033,0.010178,0.012115,0.010681
0.013794,0.014023,0.012802,0.011047,0.011536,0.010834
0.012329,0.010696,0.012573,0.0090027,0.010529,0.012222
0.010406,0.007782,0.0075531,0.0058746,0.011337,0.01088
0.0066681,0.0037689,0.0014801,0.0047607,0.0099487,0.0076294
0.0016632,-0.0025787,-0.0018768,0.0032501,0.0072632,0.0048981
-0.0043182,-0.0092621,-0.0042877,0.0011902,0.0048523,0.0028839
-0.0089264,-0.012665,-0.0052643,-0.0009613,0.0029602,0.001358
-0.010269,-0.012726,-0.0068665,-0.0038147,0.0030212,-0.0017395
-0.010132,-0.012375,-0.0088806,-0.0053101,0.0022736,-0.0031128
-0.008667,-0.011475,-0.0079803,-0.0051117,0.00010681,4.5776e-05
-0.0052185,-0.010681,-0.0090027,-0.0045166,-0.00012207,0.0031586
-0.0017242,-0.0093689,-0.011688,-0.006134,0.002121,0.0035706
-0.00057983,-0.0065308,-0.010086,-0.0087585,0.0016785,0.0022278
-0.0012817,-0.0042572,-0.00914,-0.0090637,-0.0027466,-0.0010376
-0.0022736,-0.0031433,-0.011948,-0.0090637,-0.0064087,-0.0038605
-0.0025787,-0.0038605,-0.011902,-0.010086,-0.0074158,-0.0052185
-0.0029602,-0.0038452,-0.009613,-0.012192,-0.0083771,-0.0073395
-0.0057068,-0.0020447,-0.0084686,-0.013168,-0.012344,-0.010162
-0.0090332,-0.0034485,-0.0084686,-0.010651,-0.016205,-0.013397
-0.011444,-0.0084991,-0.0094147,-0.0094299,-0.017303,-0.016464
-0.01593,-0.012039,-0.0087433,-0.010223,-0.019089,-0.020828
-0.020691,-0.011353,-0.0063782,-0.0093384,-0.021759,-0.024124
-0.020126,-0.011292,-0.0052643,-0.0077667,-0.021637,-0.022522
-0.016373,-0.012741,-0.0049286,-0.0053558,-0.017807,-0.020126
-0.013779,-0.010071,-0.0033875,-0.0025635,-0.012466,-0.018066
-0.011673,-0.0059204,-0.0023193,0.00015259,-0.0086823,-0.015594
-0.010239,-0.0052032,-0.0017853,0.003418,-0.0068207,-0.012497
-0.0086975,-0.0056763,0.00039673,0.0038757,-0.00383,-0.0054779
-0.0047607,-0.0036621,0.0012665,0.0015411,0.0023041,0.00099182
0.00053406,-0.00042725,-0.00062561,0.0018463,0.006897,0.0025482
0.0039063,0.0027618,-0.0011139,0.0027313,0.0064545,0.0043945
0.005661,0.0068054,0.0018921,0.0011292,0.0045013,0.0086975
0.008194,0.008606,0.0049896,0.0018768,0.0039673,0.012589
0.010376,0.0075378,0.0049286,0.0033875,0.0058899,0.012939
0.011978,0.0059967,0.0052338,0.0038757,0.0061188,0.010559
0.010849,0.0060272,0.0057526,0.0045319,0.0032654,0.0093994
0.0058289,0.0070953,0.0031891,0.0026398,0.0023193,0.0080261
0.0033264,0.0035095,0.00019836,0.00090027,0.0020142,0.0045166
0.0022583,-0.002533,-0.003006,3.0518e-05,0.00030518,0.00061035
-0.0012512,-0.0052795,-0.0053864,-0.0014954,-0.0021057,-0.0046539
-0.0067291,-0.0069733,-0.0071564,-0.0024261,-0.0053711,-0.0093994
-0.012817,-0.0095825,-0.01004,-0.004776,-0.0066681,-0.010406
-0.014893,-0.012711,-0.010651,-0.0071259,-0.0056305,-0.011261
-0.014526,-0.01503,-0.010742,-0.0072632,-0.0069733,-0.012039
-0.013397,-0.013962,-0.012085,-0.0067749,-0.0091553,-0.010956
-0.01178,-0.0099182,-0.010605,-0.0068054,-0.0083771,-0.0088654
-0.010803,-0.0055084,-0.0055542,-0.0062408,-0.0055847,-0.0071411
-0.0061951,-0.0027008,-0.00059509,-0.0027008,-0.0045624,-0.0068512
-0.0010529,0.00090027,0.00097656,-0.0012054,-0.007843,-0.0049744
0.00028992,0.0068054,0.0010834,-0.0042572,-0.010391,-0.0037384
0.0022583,0.00914,0.0033875,-0.0056458,-0.0098267,-0.0046539
0.0052185,0.00737,0.0045471,-0.0041504,-0.0093689,-0.0043488
0.0060272,0.0066376,0.0016632,-0.0030365,-0.0097961,-0.0028839
0.0056763,0.0067139,-4.5776e-05,-0.002243,-0.0091095,-0.0012207
0.0049591,0.0058594,-4.5776e-05,-0.0011444,-0.004364,-0.00073242
0.0039063,0.0053101,-0.00047302,-0.0010376,-0.0010986,-0.00048828
0.0033112,0.0047302,0.00038147,-0.00090027,-0.0033112,-0.0016327
0.0020599,0.0022583,-0.0018921,-0.0022278,-0.0058746,-0.0034637
-0.00068665,-0.0025177,-0.007019,-0.0045013,-0.0071411,-0.0033569
-0.0043488,-0.0096283,-0.0095825,-0.0045166,-0.0076752,-0.0052948
-0.0083923,-0.013428,-0.011673,-0.0051422,-0.0088348,-0.0092621
-0.011658,-0.012772,-0.013046,-0.0055389,-0.0099182,-0.011978
-0.013565,-0.014328,-0.013,-0.0046234,-0.0090485,-0.011383
-0.014221,-0.015381,-0.012314,-0.0033112,-0.0066986,-0.008255
-0.012482,-0.013962,-0.0095062,0.00059509,-0.0026703,-0.0070801
-0.010529,-0.011612,-0.0052185,0.0053406,0.0010223,-0.0072632
-0.0097809,-0.0083923,-0.0005188,0.0087585,0.0048523,-0.0040588
-0.0077972,-0.0063934,0.0030365,0.011429,0.0095215,0.0032196
-0.0040131,-0.0032349,0.0054321,0.013733,0.012955,0.0083618
0.0023041,0.0011597,0.0075531,0.01535,0.016663,0.0095673
0.0073853,0.0057068,0.0093994,0.016129,0.020508,0.012833
0.01088,0.011551,0.0121,0.017349,0.021088,0.018295
0.016403,0.01593,0.016998,0.017166,0.019745,0.021988
0.021774,0.019165,0.019623,0.014252,0.020523,0.022598
0.024399,0.022034,0.017715,0.014481,0.019852,0.020798
0.022385,0.021317,0.018082,0.017197,0.015961,0.017578
0.01825,0.018295,0.018936,0.014191,0.012939,0.014603
0.014771,0.018311,0.018112,0.0097351,0.010376,0.013214
0.012909,0.01767,0.018051,0.010269,0.010117,0.01091
0.013412,0.013275,0.014923,0.012375,0.011642,0.0072937
0.01207,0.011459,0.013321,0.014328,0.011566,0.0054932
0.0084076,0.011368,0.014877,0.012589,0.010788,0.0067902
0.0060577,0.01001,0.011917,0.0066528,0.0086365,0.006897
0.0054932,0.0070343,0.0060577,0.0032959,0.006485,0.0038452
0.0051117,0.0018005,0.0018921,0.00038147,0.0040283,0.0027618
0.0018463,6.1035e-05,-0.00071716,-0.0052795,-0.00076294,0.0018005
-0.0026245,0.0021515,-0.0032806,-0.010147,-0.0058289,-0.0014954
-0.0029755,0.0013733,-0.0062103,-0.014328,-0.010452,-0.0043793
-0.0011444,-0.0035248,-0.0086365,-0.016327,-0.013077,-0.0047302
-0.00059509,-0.0071259,-0.0094299,-0.015747,-0.013168,-0.0030518
-0.002594,-0.0052795,-0.0093384,-0.015854,-0.012955,-0.0043945
-0.0065918,-0.0034637,-0.0092468,-0.013855,-0.013626,-0.0080109
-0.0068817,-0.0064545,-0.010788,-0.010895,-0.013168,-0.0088196
-0.0047607,-0.010101,-0.014084,-0.011093,-0.010559,-0.0079956
-0.006073,-0.012466,-0.015579,-0.011917,-0.0094757,-0.0080719
-0.008606,-0.014496,-0.017899,-0.011063,-0.0092316,-0.0072937
-0.01004,-0.015366,-0.021515,-0.0086823,-0.0061646,-0.0059967
-0.0092773,-0.016525,-0.020538,-0.0057983,-0.0011444,-0.0052948
-0.0071106,-0.018082,-0.014618,-0.0020447,0.0019073,-0.0039215
-0.009079,-0.015884,-0.0098267,0.00083923,0.0016022,-0.0027771
-0.011353,-0.010513,-0.007431,0.0017395,0.0014038,-0.0023651
-0.0075226,-0.0067444,-0.0023651,0.0061188,0.002121,-0.003006
-0.0042572,-0.0036316,0.0047913,0.011169,0.0043182,-0.0037231
-0.0040283,0.0007019,0.0112,0.011475,0.0076752,-0.00057983
-0.0017395,0.0055695,0.015182,0.012344,0.0087585,0.0037994
0.0022583,0.011353,0.018112,0.01442,0.009079,0.0044556
0.0071564,0.017242,0.022736,0.015762,0.010223,0.0053558
0.012161,0.021133,0.025513,0.01532,0.013336,0.0098267
0.016174,0.022705,0.022903,0.012421,0.017075,0.016235
0.019669,0.022995,0.019409,0.011566,0.016876,0.021622
0.02063,0.020721,0.017899,0.011795,0.017197,0.021408
0.020126,0.017532,0.015198,0.011475,0.019608,0.019257
0.020035,0.016678,0.013184,0.010559,0.017822,0.018768
0.018753,0.015015,0.011475,0.0090027,0.012726,0.016739
0.0168,0.011337,0.01001,0.0083618,0.0084076,0.01355
0.012924,0.0086823,0.010025,0.0053253,0.0066528,0.0085602
0.0081482,0.0079956,0.0074921,0.00086975,0.0039063,0.0036774
0.0049133,0.0059357,0.0052643,-0.00079346,-0.0037079,-0.00048828
0.0011597,0.0018463,0.0045166,-0.0020142,-0.0086823,-0.0057983
-0.0020142,-0.0014648,0.0018463,-0.0044403,-0.0070038,-0.0074921
-0.0060883,-0.0023804,-0.00091553,-0.007019,-0.0042725,-0.0068359
-0.0090637,-0.0007782,-0.0022888,-0.0087891,-0.0044098,-0.0065155
-0.0044098,0.00018311,-0.0024872,-0.009079,-0.0065155,-0.0033875
0.0027771,0.0018616,-0.0028839,-0.0090179,-0.0046082,-7.6294e-05
0.0056915,0.0046387,-0.0037231,-0.009079,0.00045776,0.0030823
0.0056458,0.0042419,-0.0050659,-0.0093536,0.0014954,0.0075378
0.0075378,0.0022583,-0.0077057,-0.010223,-0.00061035,0.0091553
0.010681,0.0019073,-0.0079803,-0.0092163,-0.0026398,0.0084076
0.010818,0.002182,-0.0056,-0.0066833,-0.0034637,0.0055237
0.0077515,0.00059509,-0.0053253,-0.0061646,-0.0033569,0.0017395
0.0030975,-0.00057983,-0.0056763,-0.0064545,-0.004837,0.00065613
-0.0005188,-0.00082397,-0.0037079,-0.0045624,-0.0054169,-0.0009613
-0.0028229,-0.0014954,-0.00085449,-0.00038147,-0.0030823,-0.0037231
-0.0040588,-0.00080872,0.002533,0.0041504,0.00079346,-0.0039825
-0.0040741,-0.0015869,0.0050354,0.006546,0.0040131,-0.0033875
-0.0032806,-0.001358,0.004776,0.0084229,0.0033875,-0.003891
-0.0033875,0.0018005,0.0065613,0.012146,0.0035248,-0.0041809
-0.0049744,0.00059509,0.010605,0.014908,0.0070648,-0.0041504
-0.0050507,-0.0021973,0.0099945,0.012985,0.0099182,-0.0020752
-0.0041809,-0.002182,0.0061188,0.0084381,0.010544,0.0022736
-0.0030518,-0.0028381,0.0024109,0.0068359,0.0083008,0.0040436
-0.0024719,-0.0036926,0.00042725,0.0065002,0.0063629,0.00065613
-0.0057373,-0.0038757,0.0021667,0.0026703,0.0044098,-0.0035095
-0.0079193,-0.0038147,0.0034027,-0.0020599,-0.00050354,-0.0035095
-0.0058136,-0.0018158,0.0027924,-0.0027161,-0.0016632,-0.0015869
-0.0053558,0.00041199,0.0047913,0.00071716,0.0005188,-0.0007019
-0.0065155,0.00048828,0.008255,0.0027924,-3.0518e-05,-0.0025787
-0.0050049,0.001236,0.0086365,0.001236,-0.00013733,-0.0039215
-0.0011749,0.0040588,0.0067444,0.00064087,0.0018921,0.00080872
0.0020447,0.0060425,0.0073547,0.0030212,0.0042725,0.0049133
0.0032501,0.0060272,0.0087128,0.0062866,0.0076447,0.0060272
0.0055542,0.0061951,0.007019,0.0080872,0.011459,0.0087891
0.011093,0.0076141,0.0056763,0.006958,0.013275,0.012573
0.016068,0.010147,0.0075073,0.0062256,0.014648,0.017624
0.018234,0.013123,0.010193,0.009079,0.016434,0.020462
0.019318,0.013,0.011002,0.011475,0.016953,0.019241
0.02153,0.011902,0.01033,0.0076904,0.016129,0.018951
0.021927,0.015884,0.0085602,0.001236,0.011215,0.018768
0.017593,0.01915,0.0079041,-0.001358,0.0030975,0.011658
0.012848,0.014877,0.0093536,-0.0029144,-0.0048218,-0.00019836
0.0078888,0.0073242,0.0067444,-0.0076904,-0.011505,-0.0055084
0.0021667,0.0034027,-4.5776e-05,-0.013992,-0.012741,-0.0054932
-0.0033875,0.004364,-0.0040741,-0.016739,-0.011856,-0.0083313
-0.0087433,0.0020142,-0.0049744,-0.016144,-0.014557,-0.011978
-0.009613,-0.0058594,-0.0076141,-0.015137,-0.014923,-0.01123
-0.0076294,-0.0097046,-0.011734,-0.013626,-0.010925,-0.0093231
-0.0087128,-0.0085754,-0.013382,-0.013016,-0.0083923,-0.0089569
-0.01062,-0.0097198,-0.014618,-0.010559,-0.0068665,-0.0053558
-0.0087433,-0.014908,-0.015381,-0.006134,-0.0026703,-0.0029602
-0.0065002,-0.01738,-0.012985,-0.0033112,0.0010834,-0.0036316
-0.0055695,-0.013901,-0.008667,-0.0012054,0.0012207,-0.00177
-0.004776,-0.0097504,-0.0060577,6.1035e-05,0.001236,0.00015259
-0.0050201,-0.0068665,-0.0061035,0.0032043,0.0024719,-0.00088501
-0.0036774,-0.0061188,-0.0020905,0.0064087,0.0015869,-0.004715
-0.003952,-0.0054169,0.0037231,0.0045319,-0.001358,-0.0074005
-0.0080109,-0.002655,0.0038452,0.0019226,-0.0016937,-0.0074615
-0.0098114,-0.0023041,0.0023346,0.0022278,0.00019836,-0.0069275
-0.0090637,-0.0036774,0.0019684,0.0029144,0.00024414,-0.0058594
-0.0088959,-0.0027466,0.0024719,0.00015259,-0.0015717,-0.0052185
-0.0073853,0.00027466,0.0037384,-0.0027466,-0.0025787,-0.004776
-0.0019073,0.0016174,0.002533,-0.0030212,-0.00079346,-0.0020294
0.0043945,0.0019836,-0.001236,-0.004425,0.00036621,0.0044556
0.0080109,0.0050964,-0.0036316,-0.005188,0.00030518,0.0096588
0.0097504,0.0065613,-0.0023651,-0.0046692,0.0020599,0.010178
0.011459,0.0046082,0.00057983,-0.0043488,0.0027313,0.010239
0.012985,0.0037842,0.00012207,-0.0021515,0.0023346,0.011429
0.012955,0.0053406,-0.00086975,0.00039673,0.0038757,0.012787
0.011124,0.007309,0.0039673,0.0020447,0.0056763,0.01268
0.0091248,0.0088348,0.0095825,0.0056915,0.0071716,0.0092926
0.0092468,0.010559,0.013168,0.01059,0.009552,0.0059509
0.0094299,0.011841,0.015915,0.013428,0.010788,0.0056152
0.0072937,0.012375,0.014847,0.012558,0.010773,0.0069275
0.0058594,0.011917,0.012894,0.0098877,0.010895,0.0062103
0.006073,0.010651,0.012527,0.0096741,0.009964,0.0032349
0.0071716,0.010132,0.011353,0.0085144,0.0075684,0.002533
0.0078888,0.0096588,0.0081635,0.0032349,0.0029144,0.0040283
0.0056763,0.0075073,0.0022888,-0.0027618,-0.0016022,0.0033875
0.0029297,0.0025787,-0.0053864,-0.0090637,-0.0040741,-0.00054932
0.0007782,-0.0049438,-0.013626,-0.015274,-0.0092468,-0.0045166
-0.0039368,-0.010818,-0.019348,-0.020691,-0.016708,-0.0077362
-0.011108,-0.014282,-0.021576,-0.025681,-0.022507,-0.011993
-0.017715,-0.019974,-0.02655,-0.029663,-0.026535,-0.0177
-0.02301,-0.027039,-0.032028,-0.029465,-0.028122,-0.023331
-0.026825,-0.031845,-0.032272,-0.025116,-0.026077,-0.024933
-0.02887,-0.032639,-0.030273,-0.021469,-0.022369,-0.023819
-0.029633,-0.030045,-0.025909,-0.017807,-0.019684,-0.021729
-0.027451,-0.027695,-0.021408,-0.012421,-0.015381,-0.017593
-0.02243,-0.025192,-0.020355,-0.00737,-0.0093079,-0.014053
-0.016861,-0.020676,-0.018265,-0.0039215,-0.0043945,-0.010574
-0.013626,-0.015656,-0.012436,0.001236,-0.0010986,-0.0065918
-0.010803,-0.012146,-0.0046539,0.0086517,0.0010986,-0.0054474
-0.0050049,-0.0084686,0.00022888,0.01207,0.0049133,-0.004303
0.00010681,-0.0018311,0.0023804,0.011795,0.0076752,0.0013123
0.0040894,0.0046997,0.0066833,0.012009,0.0072327,0.0069275
0.0070496,0.008255,0.011826,0.014908,0.0080261,0.0062256
0.0062561,0.0097809,0.016235,0.017899,0.0099792,0.0018158
0.0048981,0.010193,0.018295,0.016403,0.010757,0.0021515
0.006546,0.011627,0.017059,0.014175,0.010666,0.0090637
0.0086823,0.014938,0.017426,0.012863,0.011475,0.013107
0.0089874,0.016251,0.019485,0.012421,0.014282,0.0093231
0.008255,0.014435,0.019821,0.013779,0.016525,0.0076141
0.0074921,0.013214,0.01857,0.013062,0.01767,0.012604
0.0095367,0.013657,0.014832,0.010025,0.018204,0.018143
0.012589,0.014221,0.010544,0.0084991,0.015671,0.019562
0.014008,0.011734,0.0088043,0.0090027,0.012772,0.015289
0.014526,0.0075836,0.0076752,0.0070496,0.011612,0.010956
0.012283,0.0057526,0.0063324,0.0016022,0.0081024,0.011368
0.010834,0.0056152,0.0036774,-0.0014954,0.0039825,0.012405
0.012039,0.0074768,-0.00012207,-0.00015259,0.0023956,0.0093231
0.01033,0.0085297,0.001297,0.0013123,0.00053406,0.0023804
0.0056,0.0050964,0.006012,-0.00090027,-0.0046082,-0.0041962
0.00062561,0.0029602,0.0044861,-0.007019,-0.010818,-0.0075073
-0.0018463,0.0042725,-0.0022888,-0.011322,-0.012222,-0.0088806
-0.0014801,0.0023804,-0.0067291,-0.011215,-0.0121,-0.0098419
-0.0032654,-0.0019989,-0.0066223,-0.013077,-0.016251,-0.0099792
-0.0071716,-0.0059204,-0.0081635,-0.016922,-0.018982,-0.011429
-0.0091858,-0.0090332,-0.014191,-0.018524,-0.018829,-0.014084
-0.0092926,-0.0099182,-0.017792,-0.019547,-0.019318,-0.012817
-0.009201,-0.011642,-0.019165,-0.020981,-0.018112,-0.010254
-0.0098267,-0.016113,-0.023544,-0.021179,-0.016983,-0.011307
-0.011536,-0.019562,-0.02652,-0.018356,-0.017578,-0.011963
-0.013031,-0.020111,-0.024124,-0.013596,-0.015747,-0.010391
-0.01297,-0.018967,-0.019928,-0.0087891,-0.0098877,-0.0087891
-0.013306,-0.016815,-0.01416,-0.0033875,-0.0022278,-0.0073547
-0.01297,-0.013992,-0.0072784,0.0036469,0.0028076,-0.006134
-0.010529,-0.0093689,-0.00018311,0.01358,0.0051117,-0.0044556
-0.0083313,-0.0033264,0.0092926,0.022202,0.010529,-0.0025177
-0.0057526,0.0019531,0.018311,0.025528,0.018723,-0.00042725
-0.0015869,0.0075073,0.024338,0.027191,0.022415,0.0046539
0.0045624,0.01442,0.027908,0.029022,0.021851,0.010818
0.0099792,0.021378,0.030487,0.031143,0.021988,0.01207
0.012985,0.024979,0.033264,0.030106,0.022018,0.011322
0.016342,0.024216,0.032455,0.022171,0.021744,0.014679
0.019592,0.023941,0.025299,0.01358,0.01976,0.018463
0.019714,0.023376,0.016205,0.0081635,0.01326,0.016571
0.015045,0.017059,0.0092926,0.0015717,0.0047302,0.010361
0.00914,0.0079346,0.0027618,-0.0065918,-0.0026245,0.0050964
0.0052795,0.0016022,-0.0055695,-0.015121,-0.0074768,0.0018921
0.001709,-0.0024261,-0.01358,-0.022202,-0.011017,-0.00091553
-0.0026398,-0.0057983,-0.017181,-0.023407,-0.015213,-0.0053253
-0.0067139,-0.0078888,-0.01593,-0.020477,-0.01915,-0.011002
-0.0089722,-0.010468,-0.013794,-0.01825,-0.019058,-0.01326
-0.0090332,-0.01326,-0.014984,-0.016586,-0.015228,-0.010529
-0.008728,-0.012878,-0.016418,-0.013275,-0.011063,-0.0072784
-0.0088043,-0.011002,-0.012543,-0.0099487,-0.0079346,-0.006485
-0.0066376,-0.0080109,-0.0064697,-0.0072784,-0.0076752,-0.006134
-0.0029755,-0.0041656,-0.0041199,-0.0044708,-0.0073547,-0.0049438
-0.0011139,-0.0036774,-0.0060272,-0.0033722,-0.006012,-0.0045776
-0.0027313,-0.0050507,-0.0074005,-0.0054169,-0.0069427,-0.0052948
-0.0062103,-0.0055847,-0.0067749,-0.0088654,-0.0095825,-0.0059662
-0.0054626,-0.0062561,-0.0092926,-0.010925,-0.013229,-0.0076447
-0.0037842,-0.0068665,-0.01535,-0.013153,-0.016205,-0.012421
-0.0085297,-0.0091095,-0.018478,-0.015671,-0.018738,-0.018005
-0.016006,-0.014236,-0.019379,-0.018066,-0.021301,-0.020081
-0.021118,-0.019699,-0.024048,-0.021194,-0.022659,-0.02066
-0.023041,-0.02449,-0.0298,-0.022842,-0.023849,-0.022568
-0.025345,-0.028854,-0.03215,-0.022522,-0.024353,-0.025101
-0.029953,-0.03093,-0.031937,-0.020828,-0.023819,-0.026764
-0.031311,-0.031326,-0.029938,-0.017838,-0.022156,-0.022949
-0.027023,-0.030792,-0.026108,-0.014221,-0.017288,-0.016418
-0.021439,-0.026443,-0.021149,-0.0073395,-0.011047,-0.013702
-0.017502,-0.018082,-0.013367,0.0051117,-0.0059357,-0.012848
-0.013519,-0.010956,-0.0020294,0.016571,0.0018311,-0.010529
-0.0068054,-0.0058289,0.0088501,0.021545,0.01329,-0.0021057
0.0021057,0.0036774,0.01828,0.025955,0.021866,0.011047
0.010818,0.015381,0.02623,0.035629,0.02742,0.019913
0.01889,0.02533,0.034576,0.045395,0.035538,0.021912
0.025208,0.033417,0.046371,0.04895,0.043381,0.02356
0.029709,0.038712,0.054199,0.046783,0.04689,0.032303
0.036636,0.044037,0.05368,0.043076,0.045059,0.041306
0.042633,0.049347,0.051468,0.040924,0.039307,0.041611
0.043365,0.050308,0.048996,0.035217,0.036407,0.037048
0.04187,0.045746,0.042816,0.023666,0.034027,0.034424
0.039612,0.039001,0.032181,0.011261,0.024765,0.036621
0.037292,0.031891,0.01973,0.00083923,0.013306,0.035187
0.032181,0.025681,0.010117,-0.0055847,0.0063629,0.025955
0.026169,0.019974,0.0031128,-0.009201,0.0024261,0.018417
0.022766,0.011612,-0.0032349,-0.011932,-0.00062561,0.013824
0.015381,0.0028229,-0.0077362,-0.01445,-0.0032349,0.0084839
0.0045319,-0.0027466,-0.010529,-0.014999,-0.0053253,0.0034637
-0.0028687,-0.0048523,-0.011429,-0.0093689,-0.004776,-0.00074768
-0.0052795,-0.0070801,-0.0093536,-0.0029449,-0.002594,-0.0053711
-0.0059052,-0.012817,-0.0063324,-0.0028076,-0.0013428,-0.009903
-0.0094757,-0.014648,-0.0046234,-0.0032349,-0.0016937,-0.0097046
-0.013046,-0.0072784,-0.0028534,-0.0010529,-0.0023956,-0.0064545
-0.0099335,-0.00067139,-0.00021362,-0.00028992,-0.00033569,-0.0055084
-0.0029907,-0.00054932,0.0030212,-0.0013275,0.00050354,-0.0054016
-0.00091553,-0.00061035,0.0054016,-0.0021362,-0.0035706,-0.0056763
-0.0032043,0.0031433,0.0040131,-0.003006,-0.0069885,-0.0075836
-0.0053101,0.0049286,0.00022888,-0.0066376,-0.0086212,-0.0081635
-0.0056152,0.00016785,-0.0032806,-0.010361,-0.010132,-0.006424
-0.0044403,-0.0070038,-0.0071564,-0.01059,-0.010498,-0.0088959
-0.0065155,-0.010818,-0.01239,-0.011093,-0.011261,-0.012543
-0.010162,-0.010574,-0.014816,-0.011932,-0.011093,-0.010117
-0.010391,-0.012131,-0.013535,-0.0080566,-0.0064545,-0.0074615
-0.0098877,-0.015244,-0.011169,-0.00074768,-6.1035e-05,-0.0076599
-0.010666,-0.014221,-0.004364,0.0057068,0.0050964,-0.0059814
-0.010132,-0.0079346,0.0032959,0.011688,0.011292,0.0017242
-0.0040588,0.00030518,0.0093689,0.018356,0.021713,0.0099792
0.0058594,0.0055084,0.018188,0.025131,0.031677,0.014999
0.01268,0.01033,0.02771,0.029266,0.033478,0.022171
0.017456,0.019928,0.034393,0.029282,0.032074,0.028091
0.023193,0.030273,0.037338,0.028427,0.032074,0.029999
0.028152,0.032883,0.036865,0.02626,0.031235,0.030807
0.031418,0.030823,0.033844,0.020218,0.028763,0.030594
0.032135,0.033142,0.032013,0.012878,0.022629,0.029129
0.03035,0.036392,0.029053,0.0063782,0.013046,0.023026
0.02681,0.033997,0.018875,-0.00091553,0.0029144,0.014603
0.021744,0.023529,0.0064697,-0.0096283,-0.0042419,0.0083008
0.015808,0.0098419,-0.0035095,-0.018173,-0.010498,0.00073242
0.0071106,0.001297,-0.011642,-0.02565,-0.019257,-0.0063629
-0.0029755,-0.0043945,-0.018677,-0.028427,-0.024643,-0.010925
-0.010178,-0.012115,-0.026031,-0.027573,-0.02536,-0.017303
-0.016617,-0.021591,-0.032288,-0.030106,-0.025085,-0.022888
-0.021606,-0.028427,-0.0345,-0.032974,-0.025497,-0.023087
-0.023697,-0.028473,-0.031784,-0.029861,-0.026367,-0.021759
-0.025772,-0.026337,-0.026901,-0.023956,-0.024155,-0.021652
-0.026367,-0.026031,-0.024384,-0.019989,-0.020203,-0.021698
-0.024734,-0.024414,-0.022217,-0.015839,-0.017288,-0.020935
-0.021179,-0.021103,-0.016434,-0.011734,-0.012878,-0.017456
-0.017242,-0.017227,-0.012451,-0.009201,-0.0072021,-0.012878
-0.016098,-0.012665,-0.0121,-0.0057678,-0.0050964,-0.009903
-0.014923,-0.010757,-0.010742,-0.0035858,-0.0064545,-0.0096588
-0.012268,-0.012512,-0.010757,-0.0049744,-0.0078125,-0.011185
-0.011627,-0.01384,-0.012939,-0.0079041,-0.0092468,-0.011139
-0.013123,-0.013168,-0.01442,-0.0098724,-0.010788,-0.011536
-0.014679,-0.014313,-0.016083,-0.011368,-0.015198,-0.016205
-0.018127,-0.018463,-0.0177,-0.01445,-0.023224,-0.021622
-0.022705,-0.021469,-0.019119,-0.017685,-0.027573,-0.023056
-0.023071,-0.022308,-0.022568,-0.017532,-0.025375,-0.022186
-0.02095,-0.022842,-0.025299,-0.016769,-0.020248,-0.021896
-0.021362,-0.022919,-0.022537,-0.016785,-0.018631,-0.020676
-0.022156,-0.021133,-0.018539,-0.011566,-0.020996,-0.017334
-0.018509,-0.018692,-0.017349,-0.0034485,-0.017334,-0.015671
-0.014465,-0.017776,-0.013809,0.0028076,-0.0063324,-0.015121
-0.015503,-0.016495,-0.0052795,0.0070343,0.0042114,-0.011154
-0.015884,-0.011383,0.0023804,0.011597,0.0087433,-0.0036926
-0.010025,-0.0036316,0.005188,0.018784,0.0095673,0.003067
-0.0014038,0.00099182,0.0074615,0.022934,0.01506,0.0055084
0.0035858,0.0018616,0.013031,0.021072,0.022293,0.0074005
0.004425,0.0066986,0.018875,0.018158,0.023254,0.012756
0.0075073,0.016632,0.021454,0.017838,0.01889,0.018188
0.01532,0.022659,0.020554,0.017166,0.015488,0.018311
0.021942,0.022125,0.016174,0.012466,0.014572,0.015244
0.019485,0.019058,0.012848,0.0047607,0.010193,0.014359
0.01268,0.015976,0.011597,-0.0031891,0.00083923,0.012665
0.011673,0.014236,0.0044403,-0.0085602,-0.0093689,0.0069427
0.01181,0.010284,-0.006073,-0.011047,-0.015121,0.00073242
0.0062866,-0.00010681,-0.012939,-0.013,-0.015427,-0.0040741
-0.0036163,-0.010941,-0.016403,-0.015839,-0.015823,-0.0094452
-0.012619,-0.01532,-0.017242,-0.0177,-0.018692,-0.013458
-0.014847,-0.014496,-0.019577,-0.014694,-0.019638,-0.014938
-0.013,-0.01326,-0.020294,-0.0071259,-0.014816,-0.016434
-0.012314,-0.013977,-0.011368,-0.0010529,-0.0082703,-0.015289
-0.012787,-0.013062,-0.0016022,0.00045776,-0.0045166,-0.011047
-0.010574,-0.0063934,0.0007782,0.0022736,-0.0028381,-0.0054169
-0.0027924,0.0025482,0.0018768,0.0063782,-0.00097656,-0.0014038
0.0037689,0.0055237,0.0067749,0.0079193,0.0017853,-0.0012207
0.0045929,0.0048523,0.012497,0.0068817,0.0031128,0.0019684
0.0064392,0.0098724,0.012604,0.0057526,0.0027161,0.0072021
0.011017,0.017288,0.0084839,0.0032806,0.00093079,0.008316
0.013626,0.016663,0.0056,0.0012512,-0.0004425,0.0056305
0.011871,0.008316,0.0046234,0.0031586,0.00047302,0.0036469
0.006424,0.0029755,0.0047607,0.0068817,0.0027313,0.0052948
0.0028076,0.0044098,0.0030975,0.0074615,0.0061646,0.0058594
0.0046387,0.0041046,0.00036621,0.0083466,0.0074921,0.0040588
0.0055237,-0.0013123,0.0022736,0.015366,0.0092468,0.0019836
0.00033569,-0.0049591,0.0078125,0.020996,0.015457,0.0030975
-0.0042572,-0.0025787,0.011688,0.021042,0.021118,0.0090942
0.00018311,0.0027924,0.011551,0.021255,0.024918,0.014557
0.011414,0.0069885,0.013031,0.022827,0.027939,0.017227
0.016983,0.01062,0.020828,0.025208,0.029404,0.01944
0.013138,0.01796,0.03009,0.025864,0.029083,0.021423
0.012924,0.026657,0.035797,0.024094,0.028183,0.02327
0.023331,0.029861,0.032928,0.021622,0.028442,0.026886
0.031876,0.029251,0.026154,0.016815,0.026886,0.030182
0.031403,0.028931,0.024612,0.012177,0.022919,0.030655
0.031067,0.029785,0.022278,0.007431,0.018845,0.029175
0.030243,0.028534,0.015228,0.00038147,0.011734,0.025345
0.024902,0.020996,0.0077362,-0.0058594,0.0029907,0.019348
0.019012,0.011948,0.00082397,-0.0112,-0.0028534,0.011124
0.011765,0.0039063,-0.0063629,-0.015701,-0.0084991,0.0020905
0.0032196,-0.0048523,-0.014099,-0.019165,-0.016144,-0.0047913
-0.0044708,-0.011169,-0.019516,-0.022766,-0.022644,-0.01088
-0.0099335,-0.014252,-0.020828,-0.024368,-0.025314,-0.016678
-0.013077,-0.015015,-0.019669,-0.023056,-0.023911,-0.020325
-0.015167,-0.013672,-0.016296,-0.018173,-0.019394,-0.020569
-0.012238,-0.010498,-0.0096436,-0.010269,-0.014908,-0.016937
-0.0062103,-0.0054321,-0.0017548,-0.0053101,-0.011856,-0.010712
-0.0039063,0.00067139,0.0028839,-0.0025177,-0.0070038,-0.0032349
-0.00039673,0.0056152,0.0050507,0.0013733,0.00050354,6.1035e-05
0.0056763,0.0075684,0.0063019,0.0020294,0.0065765,0.00015259
0.0066376,0.0084686,0.0055084,0.00022888,0.0056152,0.0040131
0.0046082,0.0078888,0.0030823,-0.00091553,-0.00067139,0.0069427
0.0027161,0.0031281,-0.0023499,-0.0042725,-0.003418,0.0031281
-0.0014038,-0.0044708,-0.0098419,-0.01059,-0.0032349,-0.003891
-0.0064087,-0.011398,-0.016388,-0.015625,-0.0072174,-0.0067596
-0.011566,-0.016495,-0.021622,-0.016403,-0.013397,-0.0069275
-0.016617,-0.021759,-0.025345,-0.016754,-0.017853,-0.013229
-0.022278,-0.027252,-0.028259,-0.018829,-0.021515,-0.021912
-0.02832,-0.031448,-0.029404,-0.019989,-0.023148,-0.025177
-0.030136,-0.033905,-0.028137,-0.019882,-0.022903,-0.025558
-0.03157,-0.03334,-0.026138,-0.016815,-0.023468,-0.025803
-0.035034,-0.030502,-0.024017,-0.012085,-0.024277,-0.027222
-0.03389,-0.029007,-0.021744,-0.0076752,-0.021729,-0.029312
-0.03035,-0.028107,-0.016251,-0.0010834,-0.014328,-0.028656
-0.028473,-0.025208,-0.0066223,0.005722,-0.0055695,-0.02356
-0.026611,-0.018539,0.00079346,0.010757,0.0012207,-0.016083
-0.022354,-0.0085754,0.0038147,0.014893,0.003479,-0.010941
-0.01442,-0.0022125,0.0082855,0.018097,0.0070953,-0.0080719
-0.0078583,-0.00082397,0.01535,0.020905,0.014893,-0.0044861
-0.004776,0.0026703,0.021759,0.021606,0.016754,0.0020447
0.00054932,0.0112,0.024399,0.017105,0.013367,0.0087128
0.0087738,0.02063,0.020828,0.011246,0.010712,0.011078
0.016205,0.02417,0.016953,0.0093842,0.01004,0.013687
0.022461,0.021057,0.015732,0.0054169,0.0098724,0.018265
0.025589,0.01944,0.011398,-0.0033264,0.0059814,0.019669
0.024918,0.021057,0.0039673,-0.0093231,0.0011597,0.018219
0.024811,0.019318,-0.0038452,-0.01059,-0.0019531,0.017014
0.024979,0.01413,-0.0075073,-0.0079193,-0.0028687,0.016113
0.021881,0.0070953,-0.004776,-0.0050049,-0.00067139,0.012573
0.014359,0.0007782,-0.0033264,-0.0051422,-0.00091553,0.0053101
0.0063934,4.5776e-05,-0.0056763,-0.0049286,-0.0048065,0.0019531
0.0033417,0.0018463,-0.0058899,-0.00177,-0.0051117,0.0031281
0.0020142,0.00016785,-0.0011292,0.0038147,-0.00061035,0.00038147
-0.0021515,-0.0053558,0.0050964,0.0057678,0.0016174,-0.0049744
-0.0078125,-0.0069275,0.0058899,0.0020447,0.00028992,-0.0062714
-0.0088806,0,0.0021973,0.00047302,0,-0.0030212
-0.0035248,0.0058594,0.0013275,0.0030365,0.00022888,-0.0023804
-0.00068665,0.0041199,0.0051575,0.003952,-0.00065613,-0.0054474
-0.0030823,0.0010834,0.0084991,0.0020905,-0.00030518,-0.0044708
-0.0035553,0.0019073,0.0046387,-0.00086975,0.00085449,-1.5259e-05
-0.0012512,0.0024872,-0.0035858,-0.003067,-0.00080872,0.0021057
-0.0010986,-0.002182,-0.007843,-0.0020294,-0.0017548,0.0011749
-0.003891,-0.0098724,-0.0084229,-0.00024414,0.0010071,-0.0016785
-0.006958,-0.015656,-0.008728,0.00065613,0.0036163,-0.0014496
-0.0075989,-0.016327,-0.010574,0.0020142,0.0050964,0.0036926
-0.0054016,-0.014145,-0.01265,0.0067902,0.0082245,0.0048676
-0.0056305,-0.013962,-0.0073395,0.015427,0.013748,0.0014496
-0.0090485,-0.013138,0.0045929,0.020844,0.018829,0.0011597
-0.0078583,-0.0068359,0.014328,0.025269,0.023315,0.0068054
0.0011444,0.0043335,0.022522,0.033035,0.030289,0.014938
0.013062,0.016327,0.032181,0.037338,0.037064,0.019394
0.021805,0.027618,0.041748,0.037766,0.038239,0.023651
0.028244,0.041077,0.049988,0.037003,0.039337,0.032272
0.039444,0.053223,0.055206,0.035309,0.042343,0.039688
0.052704,0.057739,0.056824,0.0327,0.039459,0.043472
0.056564,0.059494,0.054977,0.027023,0.034454,0.044434
0.054306,0.063492,0.048843,0.020004,0.031876,0.043304
0.05545,0.062881,0.040039,0.010925,0.027603,0.04248
0.056885,0.052963,0.030273,0.0007019,0.019394,0.039398
0.051086,0.039764,0.020004,-0.0044403,0.0094757,0.032471
0.037552,0.027374,0.0091705,-0.0094147,0.0036011,0.023499
0.023682,0.01622,-0.0027313,-0.01622,-0.0010834,0.014282
0.01416,0.0075378,-0.011917,-0.018799,-0.009079,0.0064697
0.0066376,-0.0023956,-0.015137,-0.020172,-0.013672,-0.0042267
-0.0038452,-0.015503,-0.015182,-0.021805,-0.015701,-0.014694
-0.016602,-0.023148,-0.017792,-0.021591,-0.01944,-0.01619
-0.022141,-0.02182,-0.022888,-0.020584,-0.019699,-0.01561
-0.018661,-0.020859,-0.023758,-0.018875,-0.01619,-0.019104
-0.017838,-0.022598,-0.018784,-0.016907,-0.014496,-0.021103
-0.02179,-0.021439,-0.01355,-0.016586,-0.014267,-0.017944
-0.021393,-0.01796,-0.01326,-0.015472,-0.011948,-0.013397
-0.015976,-0.014893,-0.014862,-0.012543,-0.0093689,-0.011246
-0.012634,-0.013184,-0.013474,-0.012589,-0.0090027,-0.010818
-0.015442,-0.013458,-0.012024,-0.013641,-0.010803,-0.012985
-0.019943,-0.016144,-0.014114,-0.014694,-0.01329,-0.015106
-0.021378,-0.020233,-0.018997,-0.017258,-0.015518,-0.016159
-0.02243,-0.022598,-0.023117,-0.018127,-0.019073,-0.020355
-0.026016,-0.024719,-0.024048,-0.01918,-0.021469,-0.025513
-0.030624,-0.029495,-0.025543,-0.021225,-0.021667,-0.025848
-0.032318,-0.033401,-0.029922,-0.021164,-0.022385,-0.022919
-0.029419,-0.034317,-0.03186,-0.017593,-0.022049,-0.023926
-0.02655,-0.032501,-0.027466,-0.014282,-0.020096,-0.027161
-0.027985,-0.028625,-0.022446,-0.015503,-0.019852,-0.026886
-0.028748,-0.02565,-0.023315,-0.014969,-0.02211,-0.024323
-0.02536,-0.024414,-0.024445,-0.0093384,-0.022675,-0.023407
-0.02272,-0.025436,-0.018585,-0.0025787,-0.016785,-0.024963
-0.02388,-0.024841,-0.0070953,0.00090027,-0.0087738,-0.023895
-0.025955,-0.01683,0.0019226,0.0019226,-0.0063782,-0.017883
-0.020126,-0.0058594,0.0039215,0.0081329,-0.0054169,-0.0094757
-0.0075226,0.001709,0.007431,0.015671,0.0011139,-0.005188
1.5259e-05,0.0055542,0.016617,0.017365,0.010391,-0.0052185
0.00088501,0.009964,0.024567,0.015015,0.014786,0.0014954
0.0028381,0.018234,0.023575,0.011902,0.013351,0.012863
0.010925,0.024628,0.015778,0.010071,0.011963,0.016464
0.018951,0.021713,0.010498,0.0065613,0.010757,0.012375
0.019272,0.011887,0.0082397,-0.0010071,0.0065918,0.011795
0.015274,0.0070343,0.0015717,-0.0095215,0.0016937,0.017349
0.013687,0.0084381,-0.01091,-0.014832,-0.0018921,0.018082
0.013901,0.0032043,-0.020676,-0.016449,-0.0065155,0.011032
0.011292,-0.0082092,-0.024811,-0.016922,-0.010727,0.0043945
0.0053101,-0.016464,-0.025085,-0.017639,-0.012131,0.0015564
-0.0029907,-0.019348,-0.02417,-0.020782,-0.014496,-0.0014191
-0.0093079,-0.017578,-0.027328,-0.021393,-0.018677,-0.0065308
-0.010162,-0.015915,-0.028214,-0.012619,-0.018951,-0.011475
-0.01033,-0.019073,-0.019012,-0.0043793,-0.013458,-0.015869
-0.01445,-0.020157,-0.0069122,-0.0040131,-0.01059,-0.017426
-0.018631,-0.01004,-0.00071716,-0.0039063,-0.013,-0.013626
-0.014481,0.0013885,-9.1553e-05,0.00033569,-0.013153,-0.012604
-0.0060425,0.00177,0.00028992,0.0042572,-0.010193,-0.016647
-0.005188,-0.0026855,0.0045929,0.0024261,-0.0088959,-0.014236
-0.009079,-0.0010986,0.0059052,-0.0019836,-0.01001,-0.0077972
-0.0084076,0.0042725,0.00013733,-0.0036774,-0.011307,-0.0082092
-0.005249,0.0021362,-0.0052795,-0.0030518,-0.01181,-0.013123
-0.0076141,-0.0055695,-0.0085754,-0.0010071,-0.010422,-0.014145
-0.011887,-0.010345,-0.0086517,-0.00039673,-0.006897,-0.01033
-0.013275,-0.012344,-0.0077362,-0.0014648,-0.0037231,-0.0076752
-0.014618,-0.014252,-0.010544,0.0018158,-0.0031586,-0.0077972
-0.013687,-0.016861,-0.010651,0.010666,-0.0011444,-0.0091705
-0.012268,-0.017593,-0.00383,0.017975,0.00914,-0.006958
-0.012817,-0.012711,0.0063171,0.020447,0.019012,0.0019531
-0.0081024,-0.0012054,0.015945,0.025635,0.020996,0.010757
0.0041504,0.011963,0.026184,0.036423,0.026489,0.013184
0.014465,0.021713,0.038498,0.041306,0.034836,0.013824
0.018585,0.029892,0.046829,0.035645,0.035629,0.022583
0.025879,0.039459,0.047256,0.029404,0.032181,0.033508
0.037933,0.045868,0.041748,0.027237,0.028992,0.036423
0.045181,0.045151,0.037064,0.023209,0.026031,0.034882
0.043655,0.041916,0.034943,0.014267,0.021988,0.033188
0.038284,0.039597,0.027817,0.0041199,0.016083,0.031647
0.03418,0.035095,0.016525,-0.0037231,0.0084076,0.025681
0.029449,0.026093,0.0058746,-0.0074921,-0.0014343,0.016251
0.020981,0.014725,-0.0027313,-0.011124,-0.0083466,0.0072937
0.0080719,0.0014191,-0.00914,-0.018585,-0.011963,-0.0029602
-0.0053101,-0.010605,-0.016876,-0.024567,-0.017151,-0.010056
-0.012939,-0.017212,-0.02626,-0.024063,-0.021362,-0.013718
-0.015518,-0.022522,-0.031876,-0.020813,-0.022568,-0.018494
-0.019409,-0.029343,-0.031067,-0.022141,-0.021439,-0.022278
-0.026367,-0.033127,-0.029816,-0.025284,-0.021301,-0.024185
-0.029739,-0.031082,-0.030914,-0.022354,-0.023834,-0.025116
-0.026321,-0.027771,-0.030045,-0.018646,-0.024109,-0.024323
-0.021713,-0.026627,-0.027481,-0.020172,-0.021835,-0.021088
-0.01947,-0.025711,-0.023697,-0.021347,-0.021286,-0.018753
-0.019089,-0.02153,-0.019699,-0.019485,-0.022461,-0.018768
-0.01857,-0.014771,-0.018478,-0.016846,-0.022293,-0.018021
-0.015686,-0.010895,-0.017044,-0.014893,-0.020935,-0.016739
-0.012207,-0.0098114,-0.012497,-0.012863,-0.019913,-0.015488
-0.010513,-0.0091705,-0.008667,-0.0098419,-0.017456,-0.013382
-0.0095825,-0.0092773,-0.0091095,-0.006073,-0.012115,-0.0091248
-0.007782,-0.0071411,-0.0091248,0.0010529,-0.0040131,-0.0041046
-0.0061798,-0.004715,-0.0042877,0.0071259,0.0036926,-0.0024261
-0.0058136,-0.0071106,0.0012207,0.0091705,0.0068054,-0.0015717
-0.0061035,-0.0084229,0.0017395,0.013321,0.0081177,0.0015259
-0.0051575,-0.004715,0.0010986,0.017517,0.012527,0.0041351
-0.0025482,-0.0022736,0.0049744,0.018173,0.01767,0.0059814
-0.0013885,-0.0017853,0.0071564,0.015793,0.016647,0.0083771
0.0011444,-0.00076294,0.0058289,0.01268,0.010605,0.0086975
0.0056458,0.00056458,0.0043488,0.014175,0.0085754,0.0071716
0.0065765,0.0031891,0.0050964,0.019638,0.012833,0.006424
0.0063782,0.0066833,0.013046,0.022781,0.019196,0.006546
0.0080261,0.011459,0.022583,0.020676,0.021088,0.010193
0.012375,0.017044,0.023895,0.019165,0.017029,0.015991
0.018753,0.021805,0.020737,0.024338,0.01828,0.0177
0.021683,0.024475,0.026352,0.029663,0.027786,0.016388
0.020523,0.024689,0.037109,0.026764,0.033859,0.020615
0.021027,0.028549,0.037643,0.022217,0.03038,0.030258
0.027435,0.034668,0.030685,0.021393,0.025482,0.03363
0.034027,0.033829,0.025238,0.016098,0.026138,0.028397
0.032333,0.027328,0.0215,0.0072327,0.023651,0.024933
0.027512,0.02121,0.014969,-3.0518e-05,0.013779,0.027924
0.026398,0.016632,0.0031738,-0.0075989,0.0054474,0.027298
0.023239,0.011978,-0.0076447,-0.012619,0.0013275,0.017685
0.015701,0.0045929,-0.013443,-0.015274,-0.0038757,0.007431
0.0083466,-0.005722,-0.01619,-0.018494,-0.010147,0.00032043
-3.0518e-05,-0.012756,-0.017654,-0.022812,-0.013824,-0.0046387
-0.0089874,-0.014404,-0.021927,-0.02504,-0.017395,-0.008606
-0.012573,-0.015656,-0.025879,-0.017685,-0.020737,-0.013031
-0.012863,-0.018738,-0.020935,-0.0091705,-0.017471,-0.018158
-0.017014,-0.021545,-0.010315,-0.011017,-0.013,-0.021896
-0.022247,-0.018188,-0.0052948,-0.013611,-0.01535,-0.020493
-0.0224,-0.0086823,-0.0084076,-0.0085754,-0.016571,-0.018417
-0.017838,-0.0048523,-0.0080109,-0.0020752,-0.013016,-0.01973
-0.013992,-0.0094757,-0.00079346,-0.0021057,-0.011047,-0.019135
-0.014099,-0.0098419,0.0014343,-0.006897,-0.013168,-0.014313
-0.012604,-0.0038147,-0.0024719,-0.0094604,-0.015564,-0.010498
-0.0082397,-0.0017548,-0.006546,-0.0068512,-0.013397,-0.011383
-0.0071869,-0.0061188,-0.0072479,3.0518e-05,-0.0071259,-0.010757
-0.0075684,-0.0098267,-0.0017853,0.0062714,0.0017853,-0.0048065
-0.0050812,-0.0071716,0.0027618,0.0076599,0.0078888,0.001297
-0.0015106,-0.0013885,0.0029907,0.010132,0.010391,0.006134
0.0038757,0.0024719,0.0067444,0.021835,0.018997,0.011765
0.0096741,0.0057373,0.016876,0.032959,0.033676,0.017517
0.011597,0.010468,0.02832,0.034225,0.043304,0.024277
0.015579,0.018616,0.033691,0.035736,0.043259,0.031799
0.025375,0.028824,0.03476,0.042145,0.043045,0.033875
0.03331,0.034271,0.041901,0.044907,0.046158,0.031647
0.034348,0.036469,0.051315,0.038147,0.044479,0.034073
0.033752,0.040543,0.049103,0.026886,0.036346,0.0383
0.037445,0.044403,0.039627,0.020172,0.026657,0.034943
0.038452,0.044937,0.035858,0.015503,0.019913,0.026031
0.032745,0.039597,0.035187,0.0072021,0.014236,0.019485
0.028427,0.03331,0.029114,-0.0022278,0.0061493,0.017105
0.02623,0.029785,0.017105,-0.011108,-0.0029907,0.014206
0.022064,0.022919,0.0021667,-0.018082,-0.0097961,0.0072174
0.014847,0.011154,-0.0093994,-0.021515,-0.013016,-0.00073242
0.004715,-0.002594,-0.013962,-0.025604,-0.015625,-0.0062866
-0.0048218,-0.012634,-0.019592,-0.031082,-0.020462,-0.0091858
-0.010117,-0.017288,-0.030258,-0.03331,-0.025269,-0.011658
-0.013687,-0.023956,-0.038803,-0.03331,-0.025909,-0.017487
-0.021881,-0.03421,-0.040009,-0.032959,-0.026108,-0.023636
-0.030396,-0.041336,-0.037582,-0.032761,-0.029144,-0.025116
-0.031281,-0.03949,-0.038757,-0.033173,-0.031418,-0.026779
-0.029907,-0.033386,-0.040375,-0.031708,-0.030869,-0.029465
-0.030228,-0.033707,-0.036865,-0.027771,-0.027954,-0.028229
-0.028961,-0.036865,-0.031906,-0.023178,-0.024612,-0.025375
-0.025864,-0.030716,-0.026489,-0.020233,-0.021484,-0.021835
-0.020966,-0.018433,-0.021347,-0.017746,-0.018936,-0.017197
-0.015289,-0.011337,-0.018372,-0.013412,-0.015594,-0.013657
-0.010452,-0.012482,-0.013824,-0.0098267,-0.0097198,-0.0093536
-0.009201,-0.016022,-0.0098877,-0.0077057,-0.0054474,-0.0046692
-0.010696,-0.01181,-0.0096741,-0.0031891,-0.0032654,-0.0028687
-0.006897,-0.0026703,-0.0072327,0.0013275,-0.0010986,-0.0016479
-0.0011444,-0.00016785,-0.0022125,0.00047302,-0.00048828,-0.00054932
-0.001709,-0.0031586,0.00056458,-0.00079346,-0.001709,-0.0016174
-0.0056305,-0.0053253,-4.5776e-05,0.0027313,-0.0041962,-0.0030365
-0.0076904,-0.0052185,-0.0025024,0.0066223,-0.0037231,-0.0058746
-0.0081482,-0.0042419,-0.0020294,0.0070038,-0.0014038,-0.0095215
-0.01152,-0.0059204,0.0016479,0.0039368,-0.004715,-0.01181
-0.016403,-0.0098877,-0.00041199,-0.0017242,-0.012253,-0.016312
-0.018112,-0.012115,-0.0085297,-0.0031433,-0.018555,-0.021515
-0.018921,-0.013199,-0.01062,0.0035553,-0.017349,-0.023438
-0.02179,-0.01561,-0.0047607,0.0084686,-0.0084686,-0.024918
-0.026016,-0.017303,0.00068665,0.0044556,-0.0029449,-0.024139
-0.027832,-0.014175,-0.00032043,-0.0011902,-0.0055847,-0.017807
-0.02124,-0.0077515,-0.0061798,0.0024567,-0.0077057,-0.012238
-0.010376,-0.0043335,-0.0032806,0.0099487,0.00062561,-0.01059
-0.006012,-0.0030975,0.0086517,0.0078278,0.011307,-0.0054321
-0.00383,0.0022583,0.011215,0.0025177,0.0089722,0.0068207
0.004715,0.010498,0.0043335,0.0018463,0.00035095,0.014038
0.013031,0.014816,0.0011292,-0.00018311,-0.00062561,0.0092926
0.015076,0.011978,0.0023804,-0.0048218,0.00033569,0.0059967
0.014084,0.006897,-0.00062561,-0.0098724,-0.0036469,0.010498
0.013046,0.0044861,-0.011292,-0.015274,-0.0081635,0.013016
0.011993,0.001358,-0.020477,-0.020248,-0.01329,0.0081787
0.00914,-0.003418,-0.02301,-0.020828,-0.017838,0.0013123
0.0072937,-0.0086212,-0.023346,-0.015182,-0.016113,-0.0013123
0.0065765,-0.014984,-0.021042,-0.011108,-0.0094757,0.00042725
0.0011139,-0.015625,-0.017868,-0.009964,-0.0048981,0.0038605
-0.0035858,-0.0084534,-0.017395,-0.0026855,-0.0031738,0.00383
-0.0021973,-0.0051117,-0.012039,0.0062866,0.002121,-0.0015411
-0.0026245,-0.010788,-0.0011292,0.0062103,0.0057373,-0.0054016
-0.009552,-0.015198,0.0023956,0.0026398,-0.00057983,-0.0041656
-0.017441,-0.0084991,-0.003006,0.0027771,-0.0072479,-0.0052338
-0.020096,-0.0015106,-0.0037842,0.0029907,-0.0074615,-0.015182
-0.020615,-0.0070496,0.0011292,-0.00097656,-0.010651,-0.024933
-0.024063,-0.01532,-0.0011749,-0.0075226,-0.020432,-0.026154
-0.027008,-0.016052,-0.0092926,-0.011337,-0.027344,-0.024857
-0.026688,-0.012451,-0.012817,-0.01152,-0.027161,-0.026932
-0.024796,-0.011673,-0.010681,-0.0081635,-0.022003,-0.028763
-0.022125,-0.014053,-0.0066223,-0.00061035,-0.013718,-0.025024
-0.017838,-0.013168,-0.0021362,0.0060883,-0.0071564,-0.017487
-0.011108,-0.0065613,0.003479,0.011841,-0.00099182,-0.007309
-0.0014038,0.004303,0.010696,0.02272,0.011505,0.0014496
0.0089874,0.013321,0.021927,0.0354,0.028732,0.0085449
0.014145,0.015778,0.034561,0.042236,0.040985,0.019897
0.017151,0.021011,0.040146,0.045029,0.043732,0.031357
0.027817,0.034927,0.043152,0.049133,0.046661,0.039124
0.040802,0.045685,0.051865,0.051651,0.053864,0.041458
0.043274,0.046707,0.059769,0.047363,0.054367,0.041382
0.040314,0.046234,0.058105,0.039734,0.045975,0.044144
0.044067,0.051483,0.049667,0.032471,0.037125,0.043839
0.05011,0.05687,0.042816,0.021988,0.029663,0.037384
0.048813,0.051895,0.037766,0.012726,0.021408,0.031906
0.042999,0.039291,0.030411,0.0075073,0.014328,0.03096
0.037674,0.030197,0.019791,-0.00032043,0.0089264,0.026932
0.032043,0.028442,0.0079041,-0.0084839,0.0019531,0.01796
0.027298,0.024429,-0.0013428,-0.014465,-0.0033875,0.011032
0.022797,0.012314,-0.0083008,-0.017792,-0.0049744,0.0077209
0.014938,0.00033569,-0.012207,-0.018311,-0.0081177,0.0074158
0.0068665,-0.0048981,-0.014435,-0.019104,-0.01062,0.0058594
0.0029907,-0.0045471,-0.017593,-0.017426,-0.0080719,-0.00082397
0.00039673,-0.0078278,-0.016647,-0.014267,-0.005661,-0.005249
-0.0040741,-0.015549,-0.015335,-0.014236,-0.0070496,-0.0022736
-0.0090332,-0.017044,-0.016891,-0.013809,-0.0088196,-0.00097656
-0.01239,-0.01416,-0.014832,-0.011749,-0.0084686,-0.00737
-0.014297,-0.014679,-0.011169,-0.011719,-0.0086823,-0.01181
-0.015244,-0.01915,-0.011108,-0.012085,-0.0098724,-0.0086212
-0.014938,-0.02063,-0.014236,-0.01059,-0.0079193,-0.0055695
-0.015396,-0.014694,-0.01474,-0.0096283,-0.0041199,-0.006012
-0.015991,-0.010391,-0.012009,-0.011154,-0.0041046,-0.0078125
-0.014359,-0.014664,-0.012131,-0.013153,-0.0065765,-0.0093079
-0.014755,-0.020493,-0.014389,-0.01123,-0.0064392,-0.0088959
-0.018784,-0.019241,-0.016464,-0.0072021,-0.0045929,-0.0089417
-0.019516,-0.012222,-0.015045,-0.0050049,-0.0023499,-0.010468
-0.016205,-0.0097046,-0.0082703,-0.0041809,-0.0018463,-0.012787
-0.015854,-0.015427,-0.0035248,-0.0049438,-0.0066071,-0.015213
-0.020462,-0.0177,-0.0056152,-0.0032501,-0.010956,-0.015137
-0.021942,-0.0121,-0.0080872,0.00082397,-0.01088,-0.01506
-0.015503,-0.009079,-0.0058136,-0.00079346,-0.01062,-0.017639
-0.012482,-0.010483,-0.003952,-0.0052643,-0.011948,-0.019073
-0.015274,-0.011322,-0.0036316,-0.0079956,-0.015671,-0.017975
-0.012726,-0.0088806,-0.004425,-0.009201,-0.020813,-0.016434
-0.0061493,-0.0016479,-0.0087433,-0.0061951,-0.020447,-0.014664
-0.0010529,0.0029297,-0.008255,-0.00036621,-0.011154,-0.012482
0.001358,0.0010986,0.0029602,0.0036621,-0.0014801,-0.010574
-9.1553e-05,0.0022888,0.012924,0.0024719,-0.0010071,-0.0059052
-0.00088501,0.0094452,0.010574,0.0019379,-0.0041504,0.00083923
0.0042572,0.01442,0.0061951,0.0098114,0.0029449,0.0042114
0.01033,0.010971,0.011063,0.016037,0.016708,0.0056458
0.0072327,0.0040741,0.013718,0.01033,0.018951,0.0083618
-0.0010071,0.0024414,0.0063782,-4.5776e-05,0.0081177,0.011032
-0.00065613,0.002243,-0.0027008,-0.0044403,-0.00010681,0.009613
0.0050964,-0.0039825,-0.0098877,-0.0060272,0.00033569,0.005188
0.0037384,-0.012177,-0.015625,-0.011795,-0.00083923,0.0035248
-0.0041504,-0.016144,-0.021622,-0.019577,-0.0087738,0.0034943
-0.0081482,-0.016678,-0.02919,-0.028366,-0.017807,-0.00022888
-0.0049591,-0.019012,-0.037415,-0.035706,-0.025375,-0.0063629
-0.0031433,-0.024063,-0.044464,-0.036469,-0.029449,-0.008667
-0.0067749,-0.028305,-0.045395,-0.033295,-0.02771,-0.0095978
-0.013748,-0.031845,-0.041122,-0.031891,-0.026001,-0.014084
-0.021576,-0.031555,-0.037964,-0.030746,-0.028061,-0.018463
-0.024887,-0.028702,-0.037018,-0.023392,-0.027328,-0.020935
-0.025345,-0.031876,-0.031754,-0.011627,-0.021118,-0.023438
-0.032104,-0.036179,-0.021271,-0.0057831,-0.014816,-0.02626
-0.042252,-0.031357,-0.014847,-0.0045166,-0.013687,-0.029251
-0.042038,-0.022156,-0.011139,0.0016937,-0.015472,-0.029953
-0.033783,-0.02063,-0.0061798,0.0067749,-0.013962,-0.029343
-0.032288,-0.024796,-0.0041351,0.0053253,-0.012222,-0.028687
-0.035004,-0.02272,-0.0026855,0.0025482,-0.013962,-0.025375
-0.030136,-0.012421,-0.0015106,0.00035095,-0.014984,-0.023682
-0.018707,-0.004776,-0.0039215,0.0020752,-0.014297,-0.023865
-0.0091248,-0.0037994,-0.0032654,0.006424,-0.012772,-0.018707
-0.0045319,0.00076294,0.0035248,0.0076141,-0.0085144,-0.010956
0.00021362,0.010284,0.0093536,0.007431,-0.0025635,-0.0059967
0.0094757,0.019302,0.012451,0.012512,0.0027771,0.00062561
0.020874,0.024277,0.018082,0.025345,0.011108,0.010605
0.028641,0.02565,0.028824,0.036087,0.026184,0.020172
0.032242,0.032684,0.039932,0.03833,0.040604,0.031448
0.040024,0.045441,0.047592,0.042633,0.046738,0.044617
0.053513,0.056046,0.055069,0.051865,0.052078,0.053436
0.062057,0.060562,0.064438,0.05835,0.061005,0.055801
0.059723,0.061447,0.070602,0.058304,0.064789,0.058594
0.057373,0.065186,0.06955,0.05278,0.062607,0.06311
0.063293,0.068634,0.06485,0.04657,0.058868,0.06282
0.066971,0.06517,0.058243,0.038971,0.052185,0.058701
0.060913,0.056183,0.04953,0.029388,0.042511,0.052536
0.049805,0.046585,0.039368,0.018341,0.031525,0.043839
0.039948,0.038071,0.025253,0.0048523,0.02182,0.033646
0.032471,0.027817,0.0089874,-0.0056,0.012314,0.023529
0.024918,0.013214,-0.0039368,-0.012924,0.0011902,0.01564
0.013885,-0.00041199,-0.013809,-0.022522,-0.0076447,0.006546
-0.0011444,-0.0095215,-0.023727,-0.031036,-0.015137,-0.0049896
-0.013809,-0.020126,-0.032669,-0.033401,-0.023148,-0.016785
-0.023895,-0.031708,-0.03717,-0.032303,-0.030075,-0.028366
-0.035278,-0.040817,-0.038773,-0.034576,-0.034821,-0.034775
-0.043991,-0.046265,-0.041138,-0.038345,-0.036957,-0.035446
-0.04599,-0.046539,-0.042252,-0.036102,-0.037704,-0.037033
-0.0439,-0.046432,-0.039169,-0.030548,-0.036224,-0.041229
-0.043274,-0.046265,-0.034561,-0.025787,-0.033539,-0.04071
-0.043594,-0.040985,-0.030746,-0.021179,-0.027847,-0.032455
-0.037933,-0.031616,-0.024887,-0.016403,-0.018829,-0.025238
-0.027435,-0.023239,-0.015457,-0.01062,-0.013748,-0.020615
-0.019974,-0.018799,-0.0072327,-0.0041504,-0.010803,-0.014694
-0.016953,-0.014008,-0.002594,0.0024567,-0.0035095,-0.0094452
-0.015518,-0.0054321,0.00059509,0.0062714,0.0049438,-0.0063171
-0.010864,0.0016327,0.0029755,0.0073853,0.0066681,-0.0042419
-0.0023956,0.0030823,0.0069885,0.010162,0.0047913,-0.0021057
0.00076294,0.0023193,0.010834,0.011124,0.0059357,-0.00016785
-0.0018311,0.0030212,0.0092468,0.0088348,0.0064545,0.0017395
-0.00045776,0.0062714,0.0061188,0.0089722,0.0047607,0.0020447
0.0056458,0.01062,0.007431,0.0083618,0.0018463,-0.00024414
0.0095062,0.012268,0.01088,0.0037689,-0.0018311,-0.0037689
0.0064087,0.011032,0.010117,-0.00012207,-0.0065155,-0.0041199
0.0036163,0.010223,0.0061646,-0.0041962,-0.012558,-0.0014038
0.0070038,0.010971,0.0017853,-0.010117,-0.014465,-0.0044861
0.0087433,0.011978,-0.0021973,-0.0099487,-0.014267,-0.0075073
0.0072937,0.010498,7.6294e-05,-0.0013275,-0.010925,-0.0025635
0.0055237,0.0068512,0.0062561,0.0044098,0.0011444,0.00088501
0.0036926,0.0051727,0.010162,0.0037231,0.0096893,0.0025787
0.0048676,0.0071411,0.010803,0.0072632,0.010635,0.0088959
0.0086975,0.011093,0.0081635,0.018997,0.016953,0.015503
0.010941,0.010437,0.010727,0.02597,0.030624,0.01857
0.0096283,0.004303,0.017807,0.020645,0.036987,0.020737
0.0086212,0.0014343,0.016129,0.014725,0.028976,0.024719
0.012146,0.0034027,0.006958,0.013321,0.021255,0.027328
0.015625,0.0040436,-0.0015106,0.0067749,0.021606,0.025742
0.012924,-0.00042725,-0.0089111,-0.0053558,0.018616,0.021957
0.0093536,-0.004776,-0.014816,-0.013855,0.0060577,0.016434
0.010117,-0.0059052,-0.018112,-0.020523,-0.0077972,0.0094452
0.0090179,-0.0089874,-0.024002,-0.029419,-0.017792,0.0042114
0.0020599,-0.014008,-0.036072,-0.033951,-0.02565,-0.0012817
-0.0080109,-0.020081,-0.043976,-0.032227,-0.028214,-0.012955
-0.017044,-0.027649,-0.038147,-0.030472,-0.0271,-0.026184
-0.023483,-0.031067,-0.028763,-0.02832,-0.030899,-0.029541
-0.028137,-0.028931,-0.025314,-0.019684,-0.032913,-0.024139
-0.030502,-0.026321,-0.021759,-0.007782,-0.020966,-0.023727
-0.032196,-0.023102,-0.010574,0.00083923,-0.0062408,-0.028244
-0.031219,-0.016434,0.0059204,0.0072937,-0.0033722,-0.025772
-0.022797,-0.0057526,0.014709,0.014648,-0.0037537,-0.016129
-0.012512,0.0041351,0.015503,0.020447,0.004303,-0.0066223
-0.0062714,0.0077362,0.020248,0.019608,0.012436,0
0.00090027,0.013229,0.027542,0.018326,0.011871,0.0054626
0.012665,0.024841,0.029572,0.02063,0.012268,0.0093384
0.023163,0.031479,0.026566,0.021103,0.017471,0.014862
0.028854,0.030334,0.025208,0.021545,0.021515,0.024338
0.032852,0.030914,0.02803,0.022858,0.025726,0.029434
0.037827,0.037537,0.031158,0.023331,0.029816,0.029221
0.041061,0.041321,0.032196,0.026199,0.029343,0.030685
0.039612,0.037247,0.032867,0.032288,0.029861,0.032761
0.035065,0.032944,0.034271,0.036728,0.039719,0.031189
0.028992,0.031342,0.038651,0.036179,0.047653,0.030182
0.027512,0.031052,0.046036,0.035782,0.042999,0.035538
0.031143,0.03302,0.047256,0.038925,0.040085,0.038605
0.031219,0.034973,0.043304,0.039597,0.044266,0.03183
0.027451,0.034393,0.045502,0.03511,0.041183,0.026337
0.025497,0.034119,0.049042,0.026047,0.030365,0.027557
0.027237,0.034393,0.041336,0.014526,0.022491,0.027832
0.027924,0.030258,0.025131,0.0056,0.017319,0.023666
0.02359,0.021454,0.011581,-0.0025787,0.0080109,0.01622
0.015991,0.013412,0.0036469,-0.01358,-0.0039063,0.0062866
0.0083466,0.0073242,-0.0047913,-0.025696,-0.013382,-0.0035858
0.0016479,-0.0033417,-0.0186,-0.035263,-0.021881,-0.0077972
-0.0063171,-0.018524,-0.03511,-0.041,-0.030304,-0.011566
-0.016083,-0.030411,-0.047516,-0.045166,-0.036835,-0.024109
-0.028824,-0.038559,-0.0504,-0.048935,-0.042847,-0.036728
-0.041336,-0.046356,-0.050873,-0.050903,-0.049164,-0.041641
-0.047333,-0.053284,-0.056641,-0.050003,-0.049164,-0.04512
-0.051163,-0.057053,-0.059128,-0.047928,-0.047134,-0.048492
-0.054871,-0.057663,-0.052658,-0.045227,-0.053131,-0.048828
-0.053391,-0.054489,-0.045059,-0.041061,-0.054092,-0.048126
-0.048752,-0.047592,-0.040588,-0.035217,-0.041611,-0.0457
-0.045258,-0.040604,-0.033813,-0.025604,-0.029495,-0.039001
-0.041092,-0.033554,-0.024536,-0.015869,-0.025101,-0.029434
-0.031662,-0.024582,-0.015656,-0.010529,-0.021057,-0.021957
-0.019333,-0.016037,-0.0076752,-0.0050049,-0.0099945,-0.015762
-0.011078,-0.0095367,-0.0037231,0.0046997,0.0047913,-0.0038757
-0.0051575,-0.0028076,-0.00065613,0.014862,0.016205,0.0077362
0.0020905,0.0033569,0.0063171,0.01889,0.021286,0.012085
0.0084839,0.0074768,0.013733,0.019806,0.022156,0.014786
0.012421,0.011429,0.015579,0.023361,0.02478,0.018417
0.014587,0.013916,0.014099,0.026627,0.028656,0.021667
0.016052,0.015274,0.017395,0.026138,0.027054,0.021988
0.017609,0.018692,0.022568,0.022324,0.019547,0.018372
0.019867,0.023209,0.022827,0.01738,0.012924,0.013443
0.019852,0.024963,0.019165,0.012604,0.0096283,0.0089417
0.015747,0.022736,0.016266,0.0078125,0.0023346,0.0071564
0.013565,0.019333,0.014236,0.00048828,-0.007843,0.0045013
0.015854,0.017303,0.0080261,-0.0091095,-0.012772,-0.0040283
0.015182,0.016006,-0.00013733,-0.013687,-0.017334,-0.0093842
0.0077057,0.010727,-0.0050812,-0.011948,-0.021866,-0.006958
-0.00022888,0.0026855,-0.0071564,-0.010422,-0.019272,-0.0093384
-0.0044098,-0.00383,-0.0069885,-0.012558,-0.014587,-0.016602
-0.0067139,-0.0093689,-0.0068817,-0.013718,-0.013077,-0.015121
-0.0079956,-0.0095825,-0.009613,-0.0059967,-0.0088348,-0.0060272
-0.0072327,-0.0067749,-0.0096741,0.0058899,0.0020447,-0.0010681
-0.0054932,-0.0097504,-0.0017395,0.01004,0.010071,-0.00056458
-0.0047455,-0.013718,0.0035095,0.0066681,0.010223,0.0042114
-0.0024414,-0.010956,-0.0036316,0.0040436,0.012253,0.011337
0.0017395,-0.005188,-0.012222,0.0027313,0.015854,0.014069
0.0040588,-0.0053406,-0.012604,-0.0028381,0.010803,0.013443
0.0045929,-0.011429,-0.013077,-0.010162,0.0013733,0.012405
0.0032196,-0.015106,-0.018677,-0.015945,-0.0016785,0.011368
-9.1553e-05,-0.01442,-0.025848,-0.022202,-0.0043793,0.0084991
-0.0042725,-0.01358,-0.03273,-0.027039,-0.014877,0.0007782
-0.0091858,-0.016998,-0.036407,-0.027084,-0.025177,-0.012222
-0.01506,-0.02536,-0.034103,-0.023468,-0.026764,-0.023743
-0.02449,-0.033524,-0.028534,-0.022781,-0.026123,-0.026627
-0.037033,-0.03508,-0.028,-0.024094,-0.030731,-0.026718
-0.043854,-0.028503,-0.028381,-0.017746,-0.032394,-0.036224
-0.041199,-0.023392,-0.01741,-0.0063019,-0.027573,-0.049072
-0.038177,-0.025085,-0.0019531,-0.0007782,-0.024719,-0.047028
-0.037292,-0.022308,0.0049286,0.001358,-0.022568,-0.033157
-0.031815,-0.0089417,0.0059967,0.0075531,-0.014847,-0.023743
-0.020966,0.0036316,0.011353,0.011475,-0.0065765,-0.021149
-0.008194,0.0069733,0.017303,0.011169,-0.0038147,-0.015884
0.002243,0.0090485,0.015854,0.012375,-0.0016785,-0.0029907
0.0092773,0.013092,0.013016,0.013824,0.005188,0.0086365
0.01413,0.01535,0.01207,0.01387,0.011383,0.011612
0.017487,0.017395,0.010544,0.014465,0.013077,0.013535
0.022659,0.017609,0.0096283,0.016693,0.016785,0.018616
0.026459,0.01622,0.010254,0.019318,0.021225,0.022522
0.025345,0.016357,0.014801,0.023926,0.023254,0.024597
0.023315,0.019501,0.0215,0.030487,0.027969,0.02298
0.021957,0.025009,0.027664,0.032516,0.034302,0.021805
0.024673,0.025894,0.034195,0.029877,0.037064,0.029312
0.030609,0.02774,0.036316,0.030624,0.035477,0.036926
0.035614,0.039246,0.038696,0.0354,0.034729,0.035172
0.040817,0.046631,0.047043,0.035645,0.036606,0.031662
0.041275,0.043106,0.049515,0.027756,0.034119,0.034927
0.037567,0.039719,0.041367,0.019394,0.027542,0.039856
0.036926,0.038864,0.02951,0.01561,0.022125,0.035797
0.035492,0.031662,0.017822,0.0083923,0.014374,0.023972
0.027466,0.016373,0.0066986,-0.004425,0.0053406,0.015686
0.014221,0.0023651,-0.0052948,-0.016861,-0.0014496,0.011444
0.00057983,-0.0081787,-0.021545,-0.0271,-0.011871,0.0020752
-0.01123,-0.020004,-0.037827,-0.033737,-0.024979,-0.012299
-0.021759,-0.033447,-0.04657,-0.039749,-0.034195,-0.024734
-0.032623,-0.04483,-0.050995,-0.044571,-0.038284,-0.032654
-0.042542,-0.051254,-0.051849,-0.043274,-0.040451,-0.036377
-0.048462,-0.052216,-0.04924,-0.038834,-0.042435,-0.039337
-0.050323,-0.047592,-0.044647,-0.033218,-0.039139,-0.043732
-0.047104,-0.042374,-0.034866,-0.02652,-0.033264,-0.042297
-0.039276,-0.037598,-0.024353,-0.018707,-0.029388,-0.033142
-0.029938,-0.026154,-0.016312,-0.0085144,-0.021301,-0.024399
-0.022217,-0.012619,-0.0078125,0.0014343,-0.0098114,-0.018845
-0.015259,-0.0067749,0.0022736,0.0076447,-0.00036621,-0.011429
-0.0067139,-0.0027771,0.011322,0.012466,0.0090027,-0.00033569
0.00085449,0.005661,0.01564,0.020844,0.017456,0.008667
0.0068817,0.013123,0.018402,0.02887,0.022659,0.012161
0.011154,0.015808,0.021805,0.030685,0.026443,0.013306
0.01207,0.015045,0.025696,0.027725,0.027435,0.016251
0.011612,0.014404,0.026108,0.023132,0.025711,0.019577
0.012497,0.015472,0.018082,0.020981,0.022476,0.019424
0.014374,0.015396,0.011429,0.020309,0.018112,0.014755
0.01384,0.013718,0.011948,0.013519,0.014862,0.0090332
0.011154,0.011002,0.010941,0.0013123,0.008316,0.0075378
0.009201,0.0091705,0.0046692,-0.0066833,-0.0020142,0.0068054
0.0084686,0.011017,-0.001709,-0.0087738,-0.0086212,0.0023956
0.0088043,0.010864,-0.0043945,-0.011536,-0.011322,-0.0028229
0.0080109,0.0062561,-0.0045013,-0.016922,-0.014542,-0.0055542
0.0053253,0.0035858,-0.0057068,-0.021988,-0.020386,-0.0057373
0.0028229,0.0034637,-0.011368,-0.024597,-0.025848,-0.0078735
0.0004425,0.0017395,-0.017059,-0.023849,-0.02803,-0.013641
-0.0035248,-0.0048981,-0.01799,-0.020477,-0.027588,-0.016922
-0.0073242,-0.012436,-0.017593,-0.01622,-0.022507,-0.015671
-0.008667,-0.015442,-0.017426,-0.013092,-0.01413,-0.015213
-0.011917,-0.016342,-0.016998,-0.010712,-0.010406,-0.015213
-0.016708,-0.016449,-0.016922,-0.0040131,-0.010117,-0.011948
-0.016022,-0.017319,-0.013885,0.0037689,-0.0030212,-0.0064545
-0.013123,-0.021851,-0.0083466,0.0047913,0.0071869,-0.0017548
-0.015198,-0.025452,-0.0090179,0.0027161,0.01091,-3.0518e-05
-0.017975,-0.022034,-0.014496,0.0018463,0.0087738,0.00050354
-0.013901,-0.018387,-0.016876,-0.0019531,0.0037079,0.0026855
-0.0093842,-0.021606,-0.019287,-0.011261,-0.0015106,0.0036316
-0.014542,-0.026245,-0.025558,-0.018906,-0.0072937,-0.00068665
-0.022003,-0.027481,-0.032837,-0.022873,-0.013947,-0.0085144
-0.022552,-0.026138,-0.037354,-0.030655,-0.022385,-0.017166
-0.02182,-0.026321,-0.038742,-0.036835,-0.035278,-0.02298
-0.024368,-0.028198,-0.037949,-0.032578,-0.041962,-0.026398
-0.028564,-0.02832,-0.033524,-0.024582,-0.03627,-0.033096
-0.035248,-0.027237,-0.023773,-0.021271,-0.031998,-0.040283
-0.039169,-0.022141,-0.014252,-0.016632,-0.035263,-0.041321
-0.031219,-0.011871,-0.0088654,-0.0036011,-0.034256,-0.035614
-0.017807,-0.0050354,0.0019531,0.008194,-0.022858,-0.029648
-0.013992,-0.001709,0.018066,0.012695,-0.010971,-0.02536
-0.016068,0.0079498,0.026642,0.018951,-0.0032043,-0.017715
-0.006134,0.020081,0.027847,0.028381,0.0043182,-0.0072937
0.012161,0.024658,0.029449,0.030472,0.010727,0.0044403
0.022293,0.024429,0.030533,0.024246,0.014984,0.015045
0.025818,0.026947,0.026978,0.020813,0.018417,0.020065
0.029343,0.030701,0.021988,0.020737,0.020325,0.020645
0.030655,0.028381,0.016144,0.016144,0.016953,0.02327
0.029953,0.021118,0.0065918,0.0097656,0.013107,0.027328
0.030258,0.016571,0.0018921,0.0067291,0.014801,0.025055
0.027008,0.015076,0.0057983,0.0064392,0.015564,0.018677
0.019226,0.01445,0.0086212,0.010056,0.013901,0.0159
0.015991,0.015396,0.0086365,0.017883,0.017105,0.019409
0.020538,0.015228,0.014282,0.023773,0.027161,0.024933
0.026169,0.017258,0.026184,0.025528,0.034241,0.028015
0.028168,0.026443,0.034897,0.031219,0.034348,0.031265
0.03125,0.034546,0.038437,0.037689,0.03862,0.036285
0.036774,0.034821,0.039551,0.035431,0.04425,0.041046
0.039337,0.031876,0.037598,0.030563,0.042923,0.043945
0.039673,0.032684,0.033142,0.026474,0.039352,0.04216
0.038132,0.033279,0.027527,0.018341,0.030441,0.034927
0.029373,0.023544,0.01886,0.0046234,0.013916,0.026703
0.014709,0.0094299,0.0027161,-0.0091248,0.00010681,0.014938
0.0010529,-0.003006,-0.014923,-0.016998,-0.008316,-0.0035706
-0.013184,-0.019333,-0.026291,-0.026962,-0.019867,-0.019257
-0.028961,-0.033752,-0.036514,-0.040894,-0.036362,-0.027481
-0.037567,-0.040848,-0.047791,-0.047867,-0.048187,-0.035049
-0.04245,-0.045822,-0.051422,-0.046387,-0.04985,-0.044968
-0.051605,-0.048721,-0.046265,-0.040939,-0.045715,-0.051041
-0.053604,-0.047577,-0.04097,-0.033264,-0.03862,-0.047775
-0.042603,-0.040924,-0.032928,-0.023865,-0.028595,-0.036499
-0.030075,-0.030136,-0.018921,-0.014633,-0.020599,-0.022095
-0.019775,-0.016464,-0.0064545,-0.0042725,-0.012054,-0.011261
-0.0069885,0.0005188,0.0047913,0.010605,0.0048981,-0.0040436
0.0076294,0.012741,0.020538,0.024231,0.02037,0.005722
0.017044,0.019638,0.034409,0.031418,0.026382,0.01889
0.02298,0.029388,0.038208,0.035233,0.033005,0.031448
0.03363,0.038818,0.038742,0.039581,0.043121,0.036545
0.040298,0.042374,0.042725,0.043747,0.046844,0.033981
0.036163,0.040115,0.047379,0.043152,0.041946,0.032715
0.031448,0.035675,0.045212,0.037842,0.037201,0.032806
0.02771,0.033203,0.034744,0.030701,0.034531,0.028168
0.021545,0.029404,0.026062,0.021988,0.027939,0.019333
0.016449,0.0215,0.021149,0.012863,0.017471,0.01152
0.01265,0.013657,0.015671,0.0036926,0.005661,0.0068512
0.0079498,0.0075531,0.0079956,-0.0054932,-0.0036926,0.0034485
0.0029755,0.0043335,-0.0028687,-0.011261,-0.0053558,-0.00083923
0.001297,0.0042419,-0.0088501,-0.013748,-0.0057526,-0.0039673
0.0039825,0.0012207,-0.0051727,-0.017624,-0.01413,-0.0038452
0.0048828,-0.0015564,-0.0039978,-0.023239,-0.023758,-0.0049133
0.0020752,0.00082397,-0.012527,-0.027542,-0.024048,-0.0074921
0.0011139,-9.1553e-05,-0.020706,-0.029282,-0.018097,-0.0088654
0.0012665,-0.0061646,-0.020935,-0.029388,-0.018661,-0.0069122
-0.00030518,-0.010376,-0.02034,-0.026306,-0.024185,-0.0027924
-0.00057983,-0.010086,-0.022476,-0.017776,-0.021408,-0.0037689
-0.00085449,-0.011734,-0.019745,-0.009079,-0.011063,-0.010071
-0.0080566,-0.01915,-0.013351,-0.0041504,0.00056458,-0.012863
-0.017517,-0.022125,-0.010422,0.0026855,0.0077515,-0.0035706
-0.016022,-0.018707,-0.0093079,0.012131,0.010483,0.0080261
-0.0091705,-0.017899,-0.0071869,0.015762,0.017349,0.0046539
-0.012619,-0.022156,-0.0056,0.013321,0.024689,-0.0035095
-0.022324,-0.025299,-0.0045471,0.010498,0.022202,6.1035e-05
-0.022629,-0.022369,-0.0049286,0.0056,0.012192,0.007309
-0.015106,-0.017685,-0.010666,-0.0033569,0.0039825,0.0028992
-0.01384,-0.016083,-0.018661,-0.012817,-0.0019073,-0.010025
-0.02002,-0.018448,-0.020203,-0.019608,-0.012009,-0.017319
-0.025192,-0.021698,-0.018875,-0.027786,-0.02597,-0.018829
-0.025101,-0.020264,-0.024307,-0.036255,-0.036758,-0.021652
-0.023056,-0.013931,-0.029953,-0.034134,-0.03981,-0.028046
-0.022766,-0.010284,-0.021881,-0.023376,-0.03775,-0.037766
-0.024414,-0.011719,-0.0049133,-0.014221,-0.035217,-0.040833
-0.023254,-0.0078125,0.0040741,-0.0074615,-0.030914,-0.03157
-0.012711,0.0051727,0.007431,0.0034485,-0.022461,-0.02037
6.1035e-05,0.015182,0.016388,0.016922,-0.0087738,-0.016495
0.0042114,0.01532,0.027985,0.02507,0.0062561,-0.01329
0.0048676,0.016083,0.0354,0.031036,0.015381,0.0024567
0.013611,0.024445,0.037308,0.036148,0.022202,0.019775
0.027023,0.031677,0.035599,0.034058,0.029892,0.024399
0.032684,0.031906,0.032715,0.026733,0.032227,0.026413
0.030121,0.028152,0.02739,0.021027,0.028427,0.030609
0.029221,0.024826,0.018112,0.016159,0.024521,0.031372
0.033218,0.022278,0.0077362,0.0070343,0.021027,0.030289
0.032486,0.019196,-0.0019379,-0.0036774,0.015686,0.028229
0.023865,0.01416,-0.0068512,-0.0097809,0.010422,0.019562
0.016739,0.0052643,-0.0085297,-0.010818,0.0049286,0.011902
0.015701,0.00039673,-0.011734,-0.0090027,0.0010376,0.01564
0.018188,0.004776,-0.009903,-0.0043488,0.0056458,0.019104
0.018341,0.0076447,1.5259e-05,0.0048218,0.01651,0.015594
0.014603,0.0058899,0.012939,0.01387,0.022415,0.015564
0.014084,0.009491,0.021729,0.018341,0.02066,0.0224
0.0177,0.017563,0.023163,0.024033,0.022934,0.027237
0.020065,0.018814,0.024063,0.028625,0.033005,0.023804
0.0186,0.012848,0.026917,0.024078,0.035339,0.019928
0.011368,0.011093,0.024948,0.015076,0.022339,0.020905
0.0051422,0.011688,0.013824,0.0054321,0.0063629,0.016785
0.0029907,0.0025635,-0.0016022,-0.0049286,-0.0019379,0.003952
-0.0054932,-0.011047,-0.012268,-0.012634,-0.006546,-0.0098267
-0.019104,-0.019424,-0.019745,-0.020554,-0.013565,-0.020004
-0.029984,-0.025818,-0.030823,-0.033524,-0.026749,-0.027283
-0.037537,-0.03421,-0.041718,-0.045212,-0.045685,-0.033539
-0.042831,-0.042114,-0.04747,-0.047485,-0.055984,-0.043808
-0.048264,-0.046234,-0.05011,-0.043488,-0.051224,-0.05687
-0.052124,-0.046921,-0.048096,-0.041611,-0.044922,-0.057465
-0.049088,-0.044373,-0.040512,-0.039307,-0.044983,-0.044296
-0.040939,-0.037415,-0.032639,-0.028824,-0.041519,-0.034744
-0.032303,-0.028015,-0.023788,-0.016312,-0.02739,-0.031494
-0.021103,-0.018036,-0.012177,-0.0072632,-0.013092,-0.022522
-0.007843,-0.0045471,-0.00028992,0.0040588,-0.0039978,-0.0084229
0.0024414,0.0076447,0.012054,0.016632,0.0060577,0.0018921
0.0087738,0.012253,0.022888,0.02478,0.016403,0.010284
0.015427,0.01918,0.029602,0.028244,0.023605,0.019623
0.024872,0.031052,0.032288,0.030869,0.030151,0.024948
0.03038,0.036453,0.033447,0.035538,0.035065,0.02562
0.029846,0.034805,0.038788,0.040329,0.035431,0.02684
0.030197,0.034897,0.043518,0.04274,0.036057,0.027908
0.032471,0.037567,0.039566,0.037674,0.037521,0.026779
0.032227,0.036301,0.033249,0.027512,0.033875,0.026978
0.029861,0.031082,0.029648,0.022736,0.02623,0.028046
0.028305,0.025925,0.025284,0.020554,0.021698,0.025879
0.027054,0.022202,0.01796,0.010895,0.02092,0.022537
0.026398,0.020447,0.0089722,-0.0053253,0.016556,0.024414
0.026062,0.018845,0.0022736,-0.013824,0.0068207,0.026749
0.023819,0.01413,-0.0023193,-0.013077,-0.0033722,0.019379
0.019119,0.0066986,-0.0081787,-0.016663,-0.009552,0.0093231
0.012497,0.0018311,-0.013763,-0.024323,-0.011398,0.0045624
0.0050354,-0.0027161,-0.018814,-0.030777,-0.015457,0.00064087
-0.0023651,-0.013077,-0.025253,-0.0336,-0.024124,-0.00383
-0.0088654,-0.023483,-0.031998,-0.029617,-0.0298,-0.0095673
-0.013855,-0.027908,-0.036789,-0.020096,-0.026688,-0.01947
-0.020676,-0.032181,-0.034988,-0.012436,-0.017548,-0.027344
-0.031265,-0.040314,-0.027496,-0.012695,-0.010757,-0.024887
-0.037949,-0.041931,-0.02182,-0.0098419,-0.0079803,-0.0186
-0.033524,-0.032959,-0.019379,0.0045471,-0.0028381,-0.015961
-0.024719,-0.027237,-0.015366,0.015076,0.0070343,-0.013626
-0.023422,-0.029388,-0.0074615,0.013016,0.018021,-0.0092773
-0.027588,-0.025314,0.00036621,0.010086,0.021851,-0.0015259
-0.021729,-0.010635,0.0048523,0.011124,0.0159,0.0045624
-0.0081635,0.00056458,0.0062408,0.0076447,0.0094604,0.0015869
-0.0050049,0.0025177,0.0057373,0.00068665,0.0049438,-0.0043182
-0.011093,0.0016937,0.0048523,-0.0050507,-0.0029297,-0.0072327
-0.013657,0.0025787,0.0050812,-0.012238,-0.014313,-0.010574
-0.0095978,0.0060272,0.0045166,-0.0186,-0.026672,-0.017746
-0.0057983,0.0090179,-0.0011139,-0.018188,-0.033447,-0.024445
-0.0057831,0.0066223,-0.0038757,-0.0098267,-0.030426,-0.025848
-0.0073547,0.0019226,0.0040588,-0.0032196,-0.022797,-0.026672
-0.0093079,0.0045929,0.014328,-0.00027466,-0.018158,-0.02562
-0.0041046,0.012375,0.017929,0.008316,-0.016144,-0.017212
0.0081635,0.016861,0.018341,0.019867,-0.0053864,-0.0072632
0.014343,0.018295,0.026917,0.027954,0.014175,0.0021973
0.015427,0.020905,0.037247,0.029953,0.026947,0.013947
0.022018,0.027008,0.033524,0.02803,0.029419,0.025375
0.033173,0.030487,0.023499,0.024918,0.028992,0.033524
0.039337,0.025391,0.018265,0.015167,0.028839,0.036743
0.037048,0.021378,0.012009,0.0037537,0.026642,0.037643
0.033997,0.02359,0.0033264,-0.00018311,0.020752,0.03772
0.03392,0.0215,-0.0045776,-0.0068512,0.016296,0.032791
0.030945,0.012024,-0.01442,-0.016968,0.010559,0.02504
0.022583,0.0020752,-0.018738,-0.01767,0.00074768,0.01947
0.013519,-0.0012512,-0.013657,-0.013931,-0.0036011,0.011353
0.0061493,0.0011902,-0.0092316,-0.010178,-0.0028992,0.00059509
4.5776e-05,-0.0023346,-0.0061188,-0.0018158,-0.001236,-0.0018311
-0.0024109,-0.010483,-0.0016632,0.0066681,0.0042877,0.0021057
-0.0038757,-0.0093536,0.0071106,0.011902,0.010239,0.0011444
-0.005127,0.00068665,0.019257,0.017776,0.01268,0.00035095
-0.00032043,0.009201,0.02388,0.025253,0.018341,0.0072632
0.0063629,0.0112,0.023682,0.02951,0.030045,0.015045
0.0086823,0.0095062,0.027023,0.025696,0.032516,0.018524
0.0090942,0.011276,0.027756,0.017136,0.02066,0.018524
0.0083923,0.015747,0.020691,0.010056,0.0094452,0.014099
0.0061493,0.012711,0.01004,0.0013275,0.0036926,0.0058746
0.0019531,0.0019684,-0.0020294,-0.011871,-0.0041199,-0.0024414
-0.0064392,-0.0057678,-0.013809,-0.0224,-0.016266,-0.010773
-0.016098,-0.010635,-0.021606,-0.02887,-0.02858,-0.021347
-0.024521,-0.020508,-0.028458,-0.037231,-0.03891,-0.030762
-0.029755,-0.029327,-0.036743,-0.043015,-0.042908,-0.034317
-0.028244,-0.02861,-0.039948,-0.038879,-0.038422,-0.034088
-0.024933,-0.02507,-0.033295,-0.030594,-0.034317,-0.032608
-0.023041,-0.024445,-0.023285,-0.023239,-0.030533,-0.027451
-0.020554,-0.02063,-0.016769,-0.012558,-0.018295,-0.018646
-0.014664,-0.010056,-0.0086212,-0.0007019,-0.0022278,-0.0097198
-0.0018768,0.00074768,0.004364,0.0080566,0.0076752,0.00054932
0.012527,0.0078583,0.014328,0.01738,0.012955,0.012177
0.018906,0.014206,0.019775,0.026321,0.021027,0.018021
0.017212,0.020462,0.026047,0.029602,0.029434,0.020493
0.018341,0.024872,0.030136,0.026733,0.032028,0.024551
0.024963,0.027847,0.02829,0.024658,0.03038,0.023773
0.02684,0.027283,0.025528,0.027939,0.025665,0.019424
0.021362,0.021637,0.025421,0.02829,0.020996,0.016678
0.015945,0.018234,0.024109,0.021439,0.022385,0.015701
0.014832,0.019287,0.017776,0.012848,0.024216,0.015518
0.015503,0.0168,0.0096588,0.0072632,0.018555,0.013733
0.014771,0.010071,0.0070496,0.0075226,0.011841,0.014786
0.013977,0.0079041,0.0090027,0.0074921,0.013077,0.019562
0.01503,0.011261,0.0067596,-0.00094604,0.017349,0.020599
0.015945,0.010544,-0.00090027,-0.0099487,0.013474,0.017731
0.013748,0.0035706,-0.0066223,-0.011841,0.0016479,0.014877
0.0081482,-0.0033264,-0.0079193,-0.01358,-0.0081635,0.0096893
0.0007019,-0.0065155,-0.0093842,-0.020859,-0.013718,0.0002594
-0.0070648,-0.0075531,-0.015335,-0.030869,-0.022003,-0.009079
-0.012634,-0.013855,-0.025818,-0.037094,-0.033295,-0.017807
-0.018021,-0.027939,-0.037003,-0.038498,-0.039795,-0.026459
-0.026077,-0.038849,-0.04306,-0.039337,-0.039459,-0.031097
-0.031021,-0.040482,-0.045013,-0.038208,-0.038773,-0.030853
-0.030991,-0.038757,-0.048172,-0.032333,-0.037659,-0.031052
-0.032028,-0.041931,-0.046219,-0.022018,-0.028244,-0.034805
-0.036621,-0.047791,-0.035934,-0.0091858,-0.011887,-0.033813
-0.038132,-0.042877,-0.024536,0.00086975,-0.00054932,-0.023239
-0.030228,-0.027206,-0.015106,0.007431,0.0036011,-0.0112
-0.018707,-0.014847,-0.0050659,0.016953,0.011292,-0.0055542
-0.014069,-0.013062,0.0083618,0.026688,0.023193,-0.0029755
-0.015427,-0.0095978,0.019806,0.027756,0.030304,0.0038147
-0.008316,0.0063324,0.024948,0.023987,0.027496,0.01207
0.0054626,0.020996,0.028076,0.021317,0.019318,0.015457
0.009964,0.024567,0.029984,0.016983,0.013535,0.011459
0.0068359,0.022858,0.030029,0.012268,0.008255,0.0052948
0.0062714,0.022354,0.029816,0.0081177,0.0023499,0.0031891
0.0097809,0.024689,0.023773,0.0023651,-0.005722,0.00073242
0.0099182,0.023987,0.013733,0.00041199,-0.01561,-0.0051575
0.0065918,0.017761,0.012619,0.0049133,-0.015839,-0.010925
0.0067749,0.01123,0.017609,0.0086517,-0.006485,-0.0112
0.0093384,0.0097809,0.017181,0.0084686,0.00027466,-0.0041504
0.013916,0.014572,0.012115,0.011688,0.0047607,0.0067291
0.02121,0.019363,0.013031,0.021439,0.016663,0.015488
0.025558,0.018417,0.021332,0.027954,0.031799,0.020493
0.026154,0.017517,0.026596,0.02504,0.03598,0.029541
0.030243,0.022827,0.024612,0.019485,0.03183,0.039536
0.036789,0.028015,0.016846,0.012421,0.028671,0.038986
0.03627,0.02507,0.0077362,-0.0011597,0.022293,0.032364
0.028595,0.01683,0.0016937,-0.013382,0.011261,0.027771
0.022461,0.012161,-0.0041351,-0.018127,0.0012512,0.022125
0.018524,0.0098267,-0.012527,-0.023041,-0.0088348,0.010406
0.009079,0.0019379,-0.020508,-0.030075,-0.019104,-0.0016022
-0.0013275,-0.0070801,-0.024429,-0.029602,-0.021301,-0.0074005
-0.0034943,-0.01059,-0.022095,-0.018539,-0.014603,-0.011063
-0.0035858,-0.010941,-0.01442,-0.0073853,-0.0088501,-0.010468
-0.0046387,-0.0087128,-0.0058746,0.0013885,-0.0032196,-0.0041199
-0.0013123,-0.0026855,0.0042877,0.013763,0.0079956,0.00033569
0.003479,0.003952,0.019714,0.02562,0.021072,0.0060425
0.0055237,0.0097046,0.033417,0.033432,0.031418,0.015915
0.0092316,0.017365,0.037415,0.039597,0.037338,0.021973
0.014999,0.023758,0.038239,0.040695,0.038177,0.022598
0.014984,0.022964,0.040527,0.032532,0.034241,0.021561
0.009079,0.019302,0.038086,0.021103,0.027084,0.018326
0.0043793,0.017593,0.027817,0.012711,0.017075,0.010056
0.0017395,0.012054,0.011642,0.0010071,0.0019379,-0.0011139
-0.0056305,0.00071716,-0.0050812,-0.017105,-0.013763,-0.0077362
-0.016479,-0.011093,-0.016998,-0.031662,-0.02272,-0.013535
-0.021469,-0.021988,-0.027512,-0.038589,-0.030212,-0.024994
-0.022781,-0.028687,-0.040039,-0.042725,-0.03978,-0.03183
-0.024704,-0.02948,-0.045898,-0.043716,-0.042923,-0.029922
-0.022812,-0.027557,-0.039703,-0.037399,-0.036652,-0.028015
-0.019226,-0.025223,-0.028503,-0.026123,-0.026489,-0.0271
-0.018066,-0.022537,-0.017532,-0.012894,-0.016052,-0.021515
-0.01239,-0.013138,-0.0045166,0.0033569,-0.0053406,-0.010223
0.0013275,0.0024719,0.011765,0.016663,0.0060272,0.00045776
0.013672,0.016006,0.025696,0.022949,0.016312,0.0093994
0.017609,0.025711,0.035172,0.029648,0.026093,0.018768
0.02066,0.030594,0.042557,0.038071,0.035309,0.024963
0.027756,0.034164,0.045853,0.039185,0.039093,0.028198
0.031708,0.040436,0.043365,0.031799,0.038177,0.030212
0.03334,0.04071,0.037048,0.026657,0.035507,0.03064
0.034348,0.032227,0.030701,0.026886,0.031189,0.029968
0.030518,0.025024,0.024216,0.021606,0.027863,0.028152
0.026367,0.022964,0.016418,0.0090332,0.025986,0.025772
0.025894,0.020065,0.0092926,0.0013428,0.020996,0.022369
0.024155,0.012833,0.0041809,0.001709,0.014099,0.019211
0.01741,0.0070343,0.0018005,0.0014801,0.012634,0.017731
0.010208,0.0048065,0.00061035,-0.0054779,0.011642,0.015366
0.0065155,0.00065613,-0.0021362,-0.014511,0.0024414,0.010941
0.002533,-0.0065613,-0.0071716,-0.019257,-0.0072784,0.0060883
-0.0045471,-0.011703,-0.012451,-0.023117,-0.012009,0.00083923
-0.011597,-0.013947,-0.016876,-0.028397,-0.019028,-0.0072937
-0.016327,-0.020325,-0.023941,-0.03476,-0.030334,-0.016266
-0.023132,-0.03035,-0.036316,-0.04245,-0.038315,-0.023499
-0.031815,-0.038452,-0.046982,-0.047058,-0.041306,-0.031006
-0.035614,-0.044434,-0.050308,-0.047653,-0.045242,-0.037155
-0.036423,-0.046188,-0.053436,-0.048065,-0.049179,-0.039536
-0.037308,-0.044754,-0.057938,-0.044403,-0.047302,-0.038574
-0.03624,-0.046371,-0.057083,-0.031754,-0.036987,-0.03833
-0.037735,-0.048798,-0.047028,-0.015717,-0.021317,-0.039627
-0.040436,-0.041794,-0.028687,-0.0048523,-0.0083313,-0.034225
-0.035049,-0.026962,-0.013168,0.0015869,-0.0027466,-0.021484
-0.024002,-0.016129,-0.0047607,0.013138,0.0017853,-0.010376
-0.016983,-0.010666,0.0075684,0.028015,0.014191,-0.0070496
-0.018509,-0.004837,0.024704,0.03299,0.026337,-0.0073395
-0.018768,0.0061188,0.037048,0.029388,0.023895,-0.0015411
-0.0084076,0.018707,0.039825,0.025192,0.013535,0.0063171
0.0029449,0.023895,0.035873,0.020782,0.0083008,0.0053101
0.0061646,0.0233,0.032761,0.016159,0.0035095,-0.0022583
0.005249,0.023819,0.029297,0.010025,-0.0043793,-0.0050201
0.0079498,0.025681,0.021835,0.00050354,-0.010071,-0.0021362
0.013657,0.02449,0.014099,-0.0077057,-0.013519,-0.0020905
0.0177,0.019852,0.0052643,-0.0069275,-0.014435,-0.0014038
0.020966,0.015289,-0.0023193,-0.0011444,-0.0098877,0.0031281
0.023209,0.012329,-0.0010986,0.00054932,-0.0018616,0.006897
0.023285,0.009552,0.0036011,0.00064087,0.0048676,0.014648
0.024002,0.0085297,0.0023651,0.0068665,0.013748,0.024551
0.027496,0.011749,0.00062561,0.015869,0.026291,0.028198
0.029434,0.013168,0.0050507,0.013824,0.030228,0.029587
0.026062,0.009903,0.0063782,0.0030365,0.02417,0.033951
0.020828,0.0062561,-0.0010529,-0.0020752,0.020447,0.036377
0.016129,0.0035706,-0.0072327,-0.0048065,0.017548,0.027985
0.011139,0.0010986,-0.0096893,-0.014862,0.0051727,0.014084
0.0052948,-0.0025024,-0.016724,-0.027527,-0.013626,0.0038605
-0.0010986,-0.0073242,-0.027481,-0.035019,-0.0271,-0.0065918
-0.0081635,-0.01442,-0.035278,-0.037247,-0.033295,-0.017181
-0.016922,-0.022079,-0.037292,-0.034393,-0.035431,-0.023453
-0.020737,-0.023972,-0.033401,-0.026138,-0.031342,-0.026581
-0.017471,-0.021606,-0.025558,-0.015137,-0.022278,-0.026718
-0.015808,-0.019577,-0.01561,-0.0027161,-0.014435,-0.020691
-0.01622,-0.015961,-0.0042114,0.013031,-0.0036469,-0.0121
-0.013168,-0.00737,0.010101,0.029175,0.014374,-0.0064392
-0.0058746,0.0016327,0.028259,0.038269,0.028046,0.00068665
-0.00039673,0.0076447,0.041702,0.042938,0.03273,0.011673
0.0021667,0.017899,0.043961,0.046265,0.03537,0.019165
0.0059509,0.026596,0.042435,0.04129,0.036636,0.018127
0.0067749,0.021927,0.039612,0.027466,0.02919,0.01445
0.0031433,0.012527,0.029633,0.013168,0.013824,0.011337
-0.0017395,0.0092773,0.013214,0.00021362,0.00015259,0.002121
-0.0059662,0.0055695,-0.0032196,-0.017303,-0.016129,-0.0095215
-0.010391,-0.0059814,-0.01973,-0.033905,-0.033844,-0.017975
-0.017349,-0.018692,-0.035706,-0.038452,-0.040619,-0.029327
-0.02388,-0.028992,-0.042526,-0.03746,-0.040298,-0.039078
-0.029236,-0.034683,-0.041473,-0.040436,-0.041946,-0.037247
-0.027725,-0.029419,-0.040421,-0.039993,-0.043304,-0.029633
-0.015793,-0.021179,-0.037399,-0.030365,-0.03656,-0.025879
-0.0088959,-0.019882,-0.026749,-0.016983,-0.02243,-0.0233
-0.011398,-0.01886,-0.011215,-0.0024567,-0.0082092,-0.013565
-0.0080261,-0.0080414,0.0040588,0.0088654,0.0031128,-0.00028992
0.0065613,0.0093079,0.015305,0.012558,0.0093079,0.010117
0.019821,0.019897,0.019653,0.014969,0.01329,0.019073
0.023544,0.022232,0.020889,0.023224,0.02211,0.023499
0.023239,0.023773,0.024445,0.031921,0.031967,0.022614
0.022385,0.024124,0.029526,0.028885,0.032928,0.023254
0.022064,0.024109,0.027374,0.019638,0.024399,0.026077
0.022995,0.023941,0.016769,0.017685,0.018295,0.022781
0.021729,0.018463,0.0082245,0.017838,0.019547,0.014008
0.015732,0.0094452,0.0074615,0.012314,0.018219,0.011108
0.0088654,0.0044403,0.0072174,0.0043335,0.012299,0.012405
0.0052948,0.0025177,0.00080872,0.0015411,0.0084229,0.0092773
0.00021362,-0.0033264,-0.0026245,0.0029602,0.0048828,0.0022125
-0.0086975,-0.0093079,-0.0021973,-0.001297,-0.0013733,-0.0034485
-0.014145,-0.01265,-0.0071564,-0.011887,-0.0091553,-0.0071259
-0.016342,-0.01857,-0.01622,-0.026398,-0.020386,-0.013107
-0.023361,-0.025253,-0.026749,-0.038925,-0.032257,-0.019302
-0.032501,-0.030823,-0.036102,-0.041443,-0.041534,-0.025543
-0.036865,-0.037354,-0.043793,-0.043488,-0.051559,-0.037079
-0.040909,-0.045105,-0.052994,-0.054977,-0.060593,-0.049393
-0.048172,-0.052536,-0.063858,-0.064941,-0.06665,-0.055466
-0.05368,-0.057709,-0.074173,-0.062057,-0.069656,-0.05806
-0.056808,-0.061981,-0.07605,-0.05481,-0.067642,-0.060577
-0.057236,-0.063965,-0.069794,-0.049072,-0.061829,-0.05838
-0.051514,-0.059433,-0.064041,-0.036346,-0.051056,-0.051376
-0.045212,-0.052383,-0.05481,-0.015152,-0.031403,-0.046371
-0.04541,-0.047409,-0.03476,0.0048981,-0.0086212,-0.03949
-0.04361,-0.038452,-0.0099945,0.017044,0.0064545,-0.0215
-0.027283,-0.020325,0.006134,0.029343,0.015686,0.0005188
-0.0065613,-0.0013733,0.017181,0.044785,0.027237,0.01001
-3.0518e-05,0.0087433,0.0336,0.051346,0.038544,0.0082703
-0.0019989,0.015213,0.047882,0.047241,0.038879,0.012878
0.0058441,0.02597,0.049576,0.039993,0.028229,0.024445
0.021286,0.035751,0.04245,0.031631,0.019516,0.025909
0.027176,0.037064,0.036026,0.021912,0.013184,0.016083
0.022614,0.033005,0.02951,0.014923,0.0036926,0.008667
0.019958,0.03093,0.022446,0.0092163,-0.0040894,0.0067596
0.023392,0.029327,0.015808,-0.00062561,-0.0082703,0.0061646
0.02739,0.025818,0.0052185,-0.0058746,-0.0084686,0.0073547
0.02771,0.02243,-0.00064087,0.0025024,-0.0037994,0.0086212
0.025543,0.015671,0.005249,0.013641,0.0054932,0.010361
0.022476,0.0081635,0.010254,0.015503,0.017685,0.018173
0.022476,0.00914,0.0067596,0.014526,0.026321,0.03035
0.026657,0.015335,0.0049286,0.018753,0.03212,0.036896
0.027954,0.015411,0.01178,0.020615,0.035751,0.034576
0.022873,0.008667,0.016556,0.014313,0.031311,0.032867
0.017242,0.0053406,0.0080872,0.0063477,0.020828,0.033493
0.013748,0.0068817,-0.0063324,-0.0040588,0.010559,0.023727
0.0073242,0.0032959,-0.013519,-0.018707,-0.0010529,0.0049744
-0.00076294,-0.0057373,-0.016632,-0.027344,-0.017975,-0.0063019
-0.0050659,-0.0091705,-0.022171,-0.027756,-0.031937,-0.012985
-0.0073242,-0.0087738,-0.026093,-0.026962,-0.035645,-0.023468
-0.011932,-0.012711,-0.025986,-0.025055,-0.033417,-0.028625
-0.016342,-0.013428,-0.019623,-0.015503,-0.026031,-0.026276
-0.013474,-0.0077972,-0.0081177,0.0023956,-0.013016,-0.02153
-0.0053101,-0.0036316,0.005249,0.019119,0.00177,-0.012848
-1.5259e-05,0.0016937,0.020523,0.033432,0.01683,0.00013733
0.0012665,0.011612,0.036697,0.049744,0.035187,0.012177
0.0041199,0.019699,0.053146,0.060043,0.052948,0.020111
0.012466,0.024689,0.061905,0.060684,0.05806,0.030014
0.020447,0.032043,0.059692,0.057724,0.052689,0.039429
0.020447,0.036636,0.054184,0.049316,0.047607,0.035934
0.015106,0.026886,0.045746,0.030487,0.038452,0.024719
0.0079803,0.011414,0.028534,0.0078583,0.019241,0.017975
-0.00030518,0.0053864,0.0040436,-0.009903,-0.0031586,0.0077362
-0.006424,0.00015259,-0.015762,-0.026245,-0.022293,-0.0121
-0.011475,-0.012558,-0.029068,-0.041489,-0.038116,-0.026581
-0.016388,-0.023987,-0.042053,-0.050049,-0.048019,-0.030777
-0.018387,-0.027756,-0.050537,-0.052124,-0.048981,-0.034622
-0.019821,-0.026733,-0.049896,-0.049728,-0.047287,-0.037262
-0.017441,-0.024704,-0.041626,-0.040421,-0.043945,-0.031906
-0.0068665,-0.017563,-0.029541,-0.0242,-0.031036,-0.02063
0.0034637,-0.0061035,-0.015442,-0.0099792,-0.01181,-0.008255
0.0084381,0.0021057,0.0012054,0.0020752,0.0036774,0.0054626
0.013367,0.012299,0.018555,0.016785,0.013184,0.016922
0.022324,0.026993,0.033188,0.027267,0.022491,0.022476
0.032288,0.035706,0.041855,0.029266,0.031387,0.029495
0.036865,0.038055,0.04129,0.03096,0.034225,0.038651
0.034836,0.038498,0.036896,0.03566,0.03447,0.037598
0.028183,0.033279,0.036133,0.031464,0.033295,0.026352
0.019485,0.023544,0.030899,0.017776,0.025146,0.017975
0.014206,0.016052,0.016693,0.010254,0.013519,0.01474
0.011703,0.0103,0.0024261,0.0088959,0.0085144,0.0085602
0.0060272,0.002655,-0.0031891,0.003006,0.0072784,0.00068665
-0.00061035,-0.0039825,-0.0025787,-0.0053711,0.0014648,-0.0012207
-0.0026855,-0.0084076,-0.0089111,-0.011139,-0.0032196,0.00030518
-0.0038605,-0.013672,-0.018875,-0.014908,-0.0031281,0.00018311
-0.0082703,-0.016724,-0.019318,-0.016006,-0.0044556,-0.00097656
-0.0099487,-0.015274,-0.014771,-0.01619,-0.009201,-0.0036926
-0.010162,-0.017075,-0.017258,-0.022247,-0.015503,-0.0070648
-0.018417,-0.02475,-0.025803,-0.03421,-0.022751,-0.010056
-0.030731,-0.032074,-0.032776,-0.040802,-0.032944,-0.019058
-0.038773,-0.037628,-0.039856,-0.040695,-0.046097,-0.035217
-0.042648,-0.044373,-0.050415,-0.047638,-0.055679,-0.047943
-0.045959,-0.05368,-0.062546,-0.059662,-0.058975,-0.051147
-0.051071,-0.058395,-0.071442,-0.060974,-0.060516,-0.050522
-0.054977,-0.055634,-0.070618,-0.052841,-0.059677,-0.054367
-0.052536,-0.05336,-0.060516,-0.044937,-0.054077,-0.056808
-0.041656,-0.049698,-0.051788,-0.035233,-0.044678,-0.044556
-0.02774,-0.039154,-0.048996,-0.018341,-0.028809,-0.027069
-0.019363,-0.026657,-0.036087,0.0041809,-0.006134,-0.018555
-0.015213,-0.017456,-0.0020142,0.025253,0.015823,-0.0099182
-0.0076752,-0.0045776,0.028732,0.039719,0.029907,0.0064087
0.0059967,0.014725,0.038208,0.052155,0.037186,0.02298
0.0186,0.029968,0.047333,0.065109,0.045792,0.030945
0.023239,0.038773,0.066849,0.072372,0.056961,0.03009
0.024551,0.045044,0.080002,0.068924,0.05864,0.030685
0.028824,0.051086,0.076355,0.055283,0.046204,0.037399
0.036758,0.055054,0.06369,0.042221,0.03389,0.039993
0.040787,0.052612,0.051697,0.034805,0.028275,0.031204
0.034332,0.046112,0.040009,0.024582,0.020004,0.019699
0.026825,0.037094,0.027328,0.008255,0.0086975,0.016769
0.027283,0.025192,0.012466,-0.0093842,0.00041199,0.01828
0.028061,0.016434,-0.0060425,-0.017685,-0.0054779,0.014603
0.021057,0.0097351,-0.019363,-0.01268,-0.0076599,0.0073547
0.0112,-0.0032654,-0.020309,-0.0073242,-0.0016479,0.0036926
0.0016937,-0.017075,-0.019348,-0.012405,0.0049896,0.0053101
-0.0067902,-0.023666,-0.025223,-0.019104,0.002182,0.0079803
-0.0087128,-0.023254,-0.027695,-0.01445,-0.0010834,0.0058594
-0.0086517,-0.019287,-0.019852,-0.0071564,0.00099182,-0.0025177
-0.015472,-0.020874,-0.014206,-0.012619,-0.0034637,-0.0089111
-0.025345,-0.025604,-0.020218,-0.024628,-0.018158,-0.0121
-0.027908,-0.02417,-0.026276,-0.028625,-0.030579,-0.020447
-0.023483,-0.019073,-0.0233,-0.027695,-0.03508,-0.032135
-0.02153,-0.013947,-0.022293,-0.030563,-0.040085,-0.038803
-0.019775,-0.010635,-0.024261,-0.031204,-0.043732,-0.03421
-0.01265,-0.0092316,-0.021881,-0.026459,-0.039413,-0.026077
-0.0063171,-0.0066223,-0.017944,-0.01825,-0.031265,-0.024109
-0.0040894,-0.00083923,-0.0070343,-0.0015411,-0.018387,-0.021561
0.0010223,0.0082855,0.011856,0.01915,0.0014648,-0.010376
0.0094452,0.016098,0.027664,0.034058,0.022415,0.0077515
0.012665,0.019531,0.036118,0.045517,0.038162,0.021851
0.01207,0.021011,0.043579,0.057922,0.048859,0.02713
0.01355,0.0233,0.056122,0.064178,0.057297,0.028137
0.011398,0.026581,0.062088,0.057404,0.056839,0.029343
0.0061646,0.025986,0.05249,0.043427,0.044037,0.030685
0.0058746,0.017288,0.034256,0.02771,0.027466,0.022873
0.0023041,0.0030212,0.014786,0.0081024,0.010147,0.0069427
-0.010849,-0.0097046,-0.0032501,-0.01683,-0.011322,-0.0067139
-0.020584,-0.016678,-0.023438,-0.038559,-0.031143,-0.016174
-0.017441,-0.021072,-0.044876,-0.051498,-0.042358,-0.024246
-0.013351,-0.026474,-0.060638,-0.060226,-0.05011,-0.031021
-0.018951,-0.032715,-0.064056,-0.061829,-0.054062,-0.033112
-0.02182,-0.035568,-0.056564,-0.054047,-0.048416,-0.031479
-0.014236,-0.028397,-0.047791,-0.041931,-0.037857,-0.024536
-0.0020447,-0.014725,-0.036728,-0.026749,-0.02449,-0.010803
0.0098572,-0.0027466,-0.01828,-0.00914,-0.0059204,0.0016937
0.01561,0.0074615,0.0037384,0.0082397,0.012939,0.012436
0.017029,0.01767,0.023865,0.024567,0.02446,0.024445
0.024399,0.028748,0.039734,0.038101,0.030853,0.032471
0.037521,0.039703,0.049286,0.042969,0.039703,0.036621
0.044525,0.048141,0.05098,0.039398,0.043671,0.041412
0.040924,0.050079,0.048508,0.036499,0.037979,0.042145
0.033432,0.043304,0.044662,0.037308,0.033218,0.033081
0.028137,0.032471,0.037842,0.0336,0.029282,0.021744
0.023773,0.022644,0.025391,0.020584,0.021729,0.016739
0.016632,0.01622,0.0098572,0.0092773,0.015076,0.012726
0.0079651,0.0095673,0.0025787,0.0067291,0.011642,0.0051575
-0.00097656,-0.0009613,0.0012512,0.004364,0.010147,0.0012512
-0.0070953,-0.010651,-0.0046844,-0.00071716,0.007309,0.00019836
-0.007309,-0.016708,-0.011017,-0.0060883,0.0017853,-0.0034943
-0.011536,-0.020447,-0.014008,-0.010315,-0.002243,-0.0043335
-0.021408,-0.021667,-0.015015,-0.011658,-0.0052032,-0.0034943
-0.022079,-0.021057,-0.015823,-0.015076,-0.011581,-0.0093079
-0.018646,-0.022858,-0.019287,-0.025009,-0.020004,-0.019226
-0.027161,-0.028763,-0.02713,-0.037018,-0.030151,-0.023834
-0.040024,-0.035583,-0.037827,-0.042511,-0.042831,-0.027695
-0.041748,-0.040405,-0.044662,-0.043472,-0.051804,-0.040131
-0.038162,-0.042175,-0.048965,-0.048721,-0.053711,-0.050323
-0.041931,-0.042831,-0.055344,-0.05246,-0.052292,-0.048904
-0.044876,-0.043701,-0.056778,-0.044083,-0.048981,-0.04306
-0.03772,-0.043045,-0.04895,-0.029297,-0.039795,-0.038528
-0.026947,-0.037292,-0.039505,-0.02063,-0.024704,-0.03064
-0.015366,-0.026138,-0.034302,-0.012329,-0.013092,-0.015228
-0.0037079,-0.015732,-0.026489,0.0058899,-0.00061035,-3.0518e-05
0.0022583,-0.008667,-0.0044403,0.027283,0.023087,0.0082703
0.0039063,4.5776e-05,0.024506,0.04364,0.04332,0.014542
0.011383,0.013992,0.03952,0.050201,0.044785,0.024597
0.02417,0.028778,0.042282,0.049606,0.040878,0.035706
0.028702,0.038788,0.048721,0.051804,0.044907,0.038177
0.025894,0.040482,0.06076,0.054657,0.04541,0.028793
0.025635,0.038437,0.06485,0.046021,0.034561,0.020844
0.027908,0.042648,0.053101,0.026657,0.021072,0.023926
0.02977,0.045578,0.036026,0.01152,0.011948,0.025055
0.028976,0.037613,0.024643,0.0052643,0.0039825,0.014679
0.024124,0.027161,0.018265,-0.00012207,-0.003067,0.0059967
0.017502,0.02179,0.0099792,-0.0089111,-0.0036469,0.0066071
0.016159,0.016418,-0.0033264,-0.017365,-0.0050354,0.0071716
0.015182,0.0061951,-0.016479,-0.017715,-0.010056,0.0049286
0.0064697,-0.0047302,-0.020523,-0.010788,-0.0067139,0.0042725
0.00022888,-0.014252,-0.01741,-0.0077972,0.0028076,0.0023651
-0.0030365,-0.021423,-0.017151,-0.0112,0.0041046,-9.1553e-05
-0.0096436,-0.020966,-0.01857,-0.011795,-0.0014038,0.0038605
-0.012512,-0.013153,-0.014816,-0.0053864,-0.00059509,0.0051422
-0.008667,-0.0091095,-0.0058594,-0.0012512,0.00090027,-0.0037994
-0.0047607,-0.011703,-0.0014954,-0.0083618,-0.0097198,-0.010437
-0.0053558,-0.0062408,-0.0050507,-0.01506,-0.020218,-0.0093384
-0.0043182,0.0066528,-0.0045471,-0.010559,-0.018021,-0.0083771
0.0010986,0.011734,0.0024567,-0.0061035,-0.01384,-0.011871
0.0046692,0.011185,0.0060272,-0.0065613,-0.015488,-0.013336
0.0083923,0.013962,0.0050964,-0.0014648,-0.013977,-0.0071869
0.016174,0.018097,0.0089569,0.0094604,-0.0031738,0.00079346
0.021103,0.022354,0.020737,0.020935,0.013565,0.0091095
0.022217,0.029404,0.033859,0.035568,0.033401,0.021973
0.030304,0.034454,0.045364,0.052277,0.051682,0.034882
0.039658,0.034882,0.054474,0.061981,0.063217,0.044235
0.036591,0.036469,0.060104,0.064072,0.068283,0.0513
0.028717,0.039902,0.066208,0.067551,0.072449,0.052628
0.027939,0.038361,0.070023,0.066101,0.073425,0.048462
0.028824,0.029938,0.061615,0.050552,0.061462,0.044174
0.022766,0.023224,0.042709,0.030243,0.04245,0.037994
0.014893,0.019196,0.021942,0.013168,0.025284,0.024948
0.0092926,0.0092773,0.005127,-0.0063477,0.0073242,0.0084534
9.1553e-05,-0.0049438,-0.0097351,-0.028885,-0.012756,-0.0045471
-0.0095673,-0.014725,-0.028488,-0.042999,-0.030045,-0.016235
-0.010773,-0.019165,-0.04454,-0.049942,-0.040039,-0.025879
-0.0095215,-0.022964,-0.051239,-0.054611,-0.042847,-0.027161
-0.013107,-0.024109,-0.048767,-0.048782,-0.037872,-0.025436
-0.014771,-0.022568,-0.038498,-0.035339,-0.028076,-0.024643
-0.0084381,-0.019257,-0.026871,-0.026718,-0.018082,-0.016068
0.0025177,-0.0062256,-0.014252,-0.019272,-0.0075836,0.001709
0.012558,0.011963,0.001236,-0.0038147,0.0047607,0.01564
0.019547,0.019943,0.016312,0.01033,0.015732,0.018753
0.021973,0.020279,0.027924,0.014069,0.0177,0.020081
0.022995,0.026031,0.03421,0.01413,0.014221,0.023834
0.028702,0.03595,0.03537,0.014175,0.01355,0.024475
0.031937,0.038712,0.031647,0.011612,0.012741,0.021606
0.024734,0.030121,0.024536,0.011261,0.009079,0.014343
0.012054,0.01651,0.017258,0.013916,0.004776,0.00057983
0.00048828,0.0048676,0.011032,0.007782,0.0007782,-0.01059
-0.0061798,-0.0032349,0.0033569,-0.001236,-0.0022888,-0.010498
-0.0077057,-0.0074463,-0.0050354,0.0021515,-0.00018311,-0.0072937
-0.0088501,-0.010818,-0.0074005,0.0098419,0.008255,-0.0089874
-0.014175,-0.014999,-0.0018921,0.0083466,0.015152,-0.0079956
-0.01683,-0.015289,0.0019379,0.0020294,0.015015,-0.00071716
-0.010269,-0.011642,-0.0016479,0.00050354,0.012405,0.0069122
-0.0046539,-0.0088196,-0.0046387,0.00013733,0.011429,0.010117
-0.0053558,-0.0095978,-0.0057373,-0.0067444,0.007431,0.0090027
-0.0063629,-0.013535,-0.011948,-0.020569,-0.0014038,0.0061035
-0.0099945,-0.019272,-0.023743,-0.035919,-0.014725,-0.00093079
-0.020752,-0.026947,-0.036377,-0.045013,-0.031845,-0.011765
-0.031418,-0.034821,-0.045059,-0.046356,-0.044418,-0.026291
-0.0354,-0.041611,-0.052536,-0.04686,-0.048889,-0.042114
-0.0392,-0.048615,-0.060333,-0.052979,-0.050079,-0.048523
-0.047089,-0.054001,-0.063339,-0.054977,-0.051544,-0.046722
-0.050171,-0.05275,-0.059708,-0.042084,-0.050034,-0.046417
-0.042542,-0.045242,-0.048004,-0.026627,-0.039627,-0.046844
-0.029373,-0.0345,-0.033508,-0.019455,-0.024323,-0.036453
-0.014374,-0.019928,-0.022903,-0.0092163,-0.01181,-0.01416
0.0013428,-0.0032806,-0.0069427,0.013092,0.0026703,0.0044556
0.013336,0.012802,0.019821,0.035416,0.023743,0.011398
0.020706,0.025879,0.044403,0.044601,0.040451,0.016815
0.029785,0.03656,0.054382,0.044647,0.043518,0.033859
0.043243,0.048248,0.05365,0.047485,0.040085,0.050369
0.047989,0.055725,0.0578,0.052429,0.04158,0.043671
0.037231,0.053314,0.067032,0.048752,0.042603,0.025024
0.026352,0.045486,0.061874,0.035721,0.033432,0.020996
0.026093,0.039001,0.040237,0.02063,0.020096,0.027298
0.027435,0.031235,0.02092,0.0097046,0.011139,0.021606
0.016449,0.018417,0.011673,0.0023346,0.0056305,0.0053101
0.00074768,0.0077972,0.005722,-0.0053101,0.00079346,-0.0021973
-0.0026245,0.00097656,-0.0032959,-0.012939,-0.002533,0.0007782
0.0024261,-0.0066833,-0.017334,-0.020599,-0.0071411,0.0022583
0.0030823,-0.011749,-0.028549,-0.02327,-0.011932,-0.00061035
-0.0024414,-0.012085,-0.025848,-0.016983,-0.0088654,-0.0041046
-0.0069275,-0.014282,-0.01622,-0.011597,-0.0025787,-0.004776
-0.0079346,-0.02037,-0.012619,-0.01387,-0.0037689,-0.0010681
-0.0074158,-0.017426,-0.013504,-0.01413,-0.0092621,0.0028534
-0.0054474,-0.0038147,-0.0099335,-0.0057068,-0.0095978,-0.0018311
-0.0034943,0.00071716,-0.00064087,-0.0019531,-0.0072479,-0.012833
-0.006012,-0.0064087,0.0036621,-0.0081787,-0.010559,-0.014191
-0.011795,-0.006546,-0.0007019,-0.0099945,-0.015945,-0.0088501
-0.011642,0.0018768,-0.0039978,-0.0056763,-0.017395,-0.015518
-0.0079346,0.0039978,-0.0021515,-0.0053558,-0.016373,-0.026642
-0.0080414,-0.0004425,-0.0018158,-0.0072479,-0.015808,-0.022491
-0.0059662,-0.00090027,-0.0043945,-0.0036011,-0.012329,-0.01091
-0.00038147,0.00086975,-0.00094604,0.003479,-0.0023651,-0.0068359
0.001236,0.0014343,0.0084991,0.010818,0.0082397,-0.002121
0.0010834,0.0082092,0.014816,0.01915,0.018616,0.0079041
0.0072632,0.015411,0.019821,0.025635,0.028519,0.014267
0.013214,0.011475,0.027283,0.028961,0.030579,0.018417
0.0080566,0.0079346,0.033508,0.03215,0.027161,0.020645
6.1035e-05,0.012497,0.036362,0.034637,0.026031,0.014908
-0.0021515,0.011887,0.032974,0.026917,0.024826,0.0068665
-0.0048065,0.0029602,0.019485,0.0094147,0.014175,0.0045776
-0.009903,-0.0037231,0.0022888,-0.00177,-0.0036926,-0.00064087
-0.013809,-0.0090179,-0.0087585,-0.009491,-0.016052,-0.015915
-0.019165,-0.019775,-0.018753,-0.026566,-0.021362,-0.025848
-0.025284,-0.028564,-0.035904,-0.040695,-0.02713,-0.02298
-0.023178,-0.027298,-0.051315,-0.041916,-0.03299,-0.019989
-0.01387,-0.025238,-0.055222,-0.043671,-0.032471,-0.021637
-0.0099487,-0.027527,-0.05246,-0.047165,-0.028656,-0.019547
-0.011124,-0.026016,-0.047394,-0.039871,-0.025574,-0.010956
-0.0060272,-0.020203,-0.038971,-0.027634,-0.019577,-0.0042572
0.004364,-0.012207,-0.028687,-0.022232,-0.011948,0.0024261
0.013947,0.0005188,-0.016235,-0.016785,-0.0056915,0.012253
0.02005,0.013519,-0.00028992,-0.0035858,-0.0004425,0.015106
0.019043,0.017639,0.01445,0.0083313,0.0019531,0.011597
0.012878,0.015823,0.022369,0.013184,-0.0010681,0.0079651
0.009491,0.019073,0.026337,0.015625,-0.0048218,0.0016937
0.0099487,0.02359,0.030411,0.015488,-0.0040894,-0.0058136
0.005249,0.020981,0.02832,0.012543,-0.00383,-0.0084229
-0.0046997,0.012909,0.017654,0.014175,-0.0076599,-0.0098267
-0.010529,0.003006,0.0077362,0.015228,-0.0077362,-0.016525
-0.010803,-0.005249,0.0034637,0.0058441,-0.0007782,-0.019669
-0.0099335,-0.0072784,0.00086975,0.00030518,0.0033875,-0.011261
-0.0089417,-0.0042267,-0.0047607,0.0073547,0.004303,-0.0010223
-0.0056305,-0.005127,-0.0087891,0.011551,0.010498,0.0032043
-0.0025635,-0.0086975,-0.0041656,0.0058441,0.018005,0.0074158
-0.00035095,-0.0068512,0.0012512,0.0013733,0.017349,0.012482
0.0029907,-0.0041351,-0.0023499,0.0041504,0.012268,0.012909
0.001358,-0.0068817,-0.0092468,0.0046997,0.0097351,0.011429
-0.0051727,-0.013123,-0.011978,-0.0014801,0.0047607,0.0090485
-0.011063,-0.018799,-0.013672,-0.01152,-0.0037079,0.00048828
-0.020508,-0.024109,-0.019623,-0.022476,-0.013626,-0.012192
-0.032578,-0.031189,-0.027756,-0.02655,-0.026306,-0.022141
-0.036652,-0.03801,-0.034943,-0.023972,-0.035797,-0.030212
-0.034546,-0.040466,-0.042114,-0.026932,-0.037415,-0.037918
-0.036316,-0.040283,-0.043793,-0.037567,-0.035965,-0.040161
-0.039063,-0.039932,-0.039795,-0.039169,-0.037231,-0.034958
-0.032547,-0.033905,-0.037338,-0.02655,-0.036438,-0.030014
-0.017319,-0.022903,-0.032959,-0.015701,-0.026703,-0.026489
-0.0022583,-0.012817,-0.023804,-0.011703,-0.011963,-0.011734
0.01059,-0.0012054,-0.012131,-0.0075989,-0.001236,0.0092468
0.020493,0.01181,-0.00021362,0.0037384,0.0019684,0.01709
0.024292,0.022049,0.011841,0.022614,0.0072784,0.014603
0.026123,0.025803,0.025436,0.03772,0.020996,0.013229
0.024872,0.022964,0.037262,0.040787,0.033142,0.016098
0.016144,0.020721,0.042374,0.035934,0.031326,0.021957
0.0078125,0.023651,0.039337,0.037018,0.021194,0.020187
0.004837,0.025635,0.036865,0.042389,0.020432,0.0057526
0.0010834,0.016586,0.036041,0.032486,0.022919,-0.0061188
-0.0053864,0.0038452,0.024277,0.011215,0.01355,-0.0019531
-0.0075836,0.002243,0.0068054,0.00079346,0.00015259,0.005249
-0.0055542,0.006546,-0.0012054,-0.0018311,-0.0051727,-0.0016327
-0.0050354,0.0050659,-0.0041046,-0.014709,-0.0087128,-0.010529
-0.0025024,-0.0026855,-0.015289,-0.029892,-0.017731,-0.0047302
0.0036011,-0.0093079,-0.029617,-0.033051,-0.021851,0.0044098
0.0063477,-0.011063,-0.033249,-0.029907,-0.018616,0.0029907
0.0027924,-0.008606,-0.028076,-0.022751,-0.015823,-0.0012207
0.0015564,-0.006897,-0.020752,-0.010559,-0.013062,-0.0019989
0.0037231,-0.01152,-0.012253,-0.0019226,-0.0070038,-0.0019684
-0.0025635,-0.012787,-0.0031738,0.002243,-0.0011139,-0.00057983
-0.0090027,-0.002182,0.0068359,0.011795,0.0012512,-0.00032043
-0.0023346,0.0088348,0.015991,0.024094,0.0074615,-0.0035553
0.0045776,0.0085754,0.0215,0.025894,0.014252,-0.00383
-0.00053406,0.005188,0.024261,0.018814,0.011078,0.002594
-0.0050354,0.012131,0.023804,0.014862,0.0047302,0.0046692
0.0052032,0.025375,0.021225,0.012604,0.0038452,-0.0027618
0.018219,0.029022,0.018036,0.0067139,0.0027466,-0.0047302
0.019989,0.019287,0.013351,0.0042725,-0.0017853,0.0060577
0.017654,0.01416,0.011902,0.006897,0.0016785,0.015747
0.01886,0.020615,0.013992,0.0092621,0.012299,0.014801
0.023392,0.024231,0.015656,0.016342,0.018326,0.01506
0.027618,0.018188,0.019958,0.028809,0.025177,0.022324
0.022995,0.0099792,0.026596,0.036697,0.03714,0.027405
0.0091705,0.010498,0.033417,0.038727,0.042435,0.027298
0.0023651,0.014633,0.037033,0.038605,0.038193,0.021591
0.0071716,0.011139,0.031525,0.034149,0.033737,0.014542
0.006897,0.0034943,0.020309,0.021271,0.026276,0.012939
-0.0037842,-0.0020142,0.0066376,0.0010986,0.011856,0.010941
-0.012634,-0.005188,-0.008667,-0.016907,-0.0021515,0.00056458
-0.012466,-0.012024,-0.023041,-0.02977,-0.014038,-0.012421
-0.011993,-0.02301,-0.038879,-0.04277,-0.027328,-0.016983
-0.016663,-0.028412,-0.052277,-0.054047,-0.039505,-0.015793
-0.017044,-0.026794,-0.057343,-0.059158,-0.042953,-0.018524
-0.012711,-0.026001,-0.057129,-0.055145,-0.038605,-0.022293
-0.010162,-0.027313,-0.051895,-0.042496,-0.03479,-0.019836
-0.0079956,-0.025665,-0.038589,-0.028061,-0.028931,-0.013382
-0.0058441,-0.017181,-0.019547,-0.014893,-0.017593,-0.0080872
-0.0035858,-0.0011292,-0.00071716,-0.00083923,-0.0068207,-0.004837
0.0030975,0.012772,0.015564,0.013031,0.0026855,-0.0015564
0.012222,0.016357,0.031219,0.022995,0.0087585,0.0040588
0.013931,0.02002,0.042328,0.028961,0.007309,0.0094147
0.010223,0.031281,0.044403,0.030548,0.0067291,0.007782
0.012863,0.040451,0.042694,0.025299,0.010117,0.0024109
0.020752,0.036285,0.036972,0.016891,0.008667,0.0024414
0.020447,0.023987,0.024094,0.0121,0.0015411,0.0056915
0.0085449,0.015869,0.012329,0.010513,-0.00036621,0.0040283
0.0010681,0.0097198,0.0043488,0.007309,0.0063934,-0.0021515
0.0027313,0.00085449,-0.0041199,0.0041046,0.011383,-0.0024414
0.0012817,-0.0086517,-0.012268,0.0045166,0.012253,0.0053253
-0.0054626,-0.016891,-0.013458,0.0075684,0.017456,0.010178
-0.011017,-0.019913,-0.0051727,0.012299,0.024414,0.0093689
-0.011093,-0.016357,0.00057983,0.017197,0.026077,0.0096893
-0.0085907,-0.013885,-0.00016785,0.01712,0.026428,0.012527
-0.0097351,-0.01796,-0.0010376,0.0096893,0.023315,0.012817
-0.01564,-0.021774,-0.0043945,-0.00028992,0.010483,0.0071869
-0.021408,-0.019928,-0.010544,-0.010925,-0.0055847,-0.0038757
-0.025589,-0.019135,-0.017349,-0.023773,-0.019699,-0.018433
-0.031586,-0.027603,-0.029999,-0.036575,-0.034195,-0.030563
-0.038101,-0.039597,-0.048065,-0.048004,-0.049973,-0.038605
-0.04158,-0.044312,-0.061615,-0.05867,-0.060944,-0.047699
-0.040619,-0.04425,-0.065842,-0.063217,-0.0634,-0.054611
-0.037201,-0.043137,-0.060791,-0.055954,-0.06221,-0.051849
-0.031204,-0.038544,-0.051575,-0.043594,-0.05513,-0.041382
-0.022003,-0.031189,-0.044678,-0.033905,-0.038681,-0.030121
-0.011398,-0.021622,-0.035873,-0.022629,-0.022522,-0.018433
0.0012512,-0.0090179,-0.020157,-0.0085754,-0.012436,-0.0050964
0.010757,0.004715,0.0011749,0.0018311,-0.0044403,0.0046539
0.011963,0.015594,0.017395,0.011673,0.00045776,0.0079803
0.010223,0.019669,0.019714,0.024658,0.0051117,0.0065918
0.0079498,0.015167,0.018433,0.031738,0.012665,-1.5259e-05
-0.0020294,0.0055389,0.023605,0.025375,0.012451,-0.0083771
-0.017624,0.00097656,0.026764,0.014557,-0.00088501,-0.012192
-0.024628,0.0042267,0.01709,0.011093,-0.014648,-0.016144
-0.023148,-7.6294e-05,0.0033417,0.008667,-0.016129,-0.028336
-0.025848,-0.01712,-0.0042419,0.0013428,-0.012177,-0.036713
-0.031906,-0.027771,-0.011307,-0.0065613,-0.014221,-0.02684
-0.028046,-0.021637,-0.01944,-0.013016,-0.015991,-0.012772
-0.01416,-0.01149,-0.020844,-0.014557,-0.010544,-0.0064545
-0.0021057,-0.0093842,-0.017639,-0.0088501,-0.0032349,0.0019836
0.0076904,-0.010437,-0.018433,-0.0027924,0.0048828,0.015915
0.017044,-0.0063171,-0.017441,-0.0026855,0.013779,0.025208
0.020493,0.0020752,-0.010651,-0.0020294,0.015335,0.026688
0.020294,0.0086212,-0.0048828,0.004776,0.010544,0.02681
0.019684,0.0087738,4.5776e-05,0.012222,0.0094604,0.022751
0.011658,0.0027008,0.0085297,0.014999,0.010818,0.0098572
-0.0027771,-0.0016479,0.015076,0.013611,0.0052032,-0.0028534
-0.011383,0.0024872,0.0097961,0.010254,-0.0048065,-0.0076599
-0.011734,0.0046539,0.0028839,0.0070801,-0.0093689,-0.013596
-0.013031,-0.0035248,0.0072479,0.0055389,-0.012009,-0.024384
-0.017426,-0.0075073,0.010971,0.0017548,-0.018494,-0.027847
-0.015564,0.0025635,0.0033722,-0.0043182,-0.021149,-0.021851
-0.0048218,0.011169,-0.0055695,-0.0065308,-0.015152,-0.013901
0.0058289,0.0063629,-0.004715,-0.0040283,-0.0085297,-0.0075531
0.010605,0.0019379,0.0024567,0.0012207,-0.0036774,0.0013275
0.01442,0.010391,0.0079956,0.0070496,0.0050659,0.012756
0.02121,0.019135,0.0085907,0.012817,0.015442,0.019424
0.02449,0.015045,0.0072632,0.020233,0.02356,0.023895
0.018829,0.0057983,0.012695,0.026398,0.029572,0.025375
0.0073853,0.0035248,0.021423,0.027664,0.029816,0.01915
-0.0026703,0.0060883,0.020554,0.025406,0.022537,0.010239
-0.0063629,0.0020905,0.011139,0.019623,0.014709,0.003418
-0.0079346,-0.0087891,0.0037079,0.010757,0.0098114,-0.0019226
-0.015396,-0.015305,-0.00073242,1.5259e-05,0.0015869,-0.0083313
-0.023743,-0.012741,-0.009079,-0.013016,-0.011414,-0.01329
-0.020981,-0.01004,-0.020782,-0.0224,-0.020309,-0.015213
-0.010147,-0.01387,-0.028351,-0.024857,-0.020523,-0.014999
-0.0018158,-0.016098,-0.029938,-0.026642,-0.016739,-0.0090637
0.0035248,-0.010574,-0.028778,-0.027817,-0.013763,0.0019684
0.0090332,-0.00038147,-0.025513,-0.022675,-0.012314,0.010239
0.015686,0.0062408,-0.017761,-0.01297,-0.008728,0.011108
0.0224,0.0066223,-0.0054321,-0.0037842,-0.0019836,0.010956
0.025589,0.010712,0.0081024,0.0045013,0.0040436,0.014709
0.025452,0.021149,0.021271,0.014191,0.0075378,0.018661
0.026382,0.032211,0.031052,0.021347,0.009903,0.020523
0.030014,0.038528,0.035919,0.022476,0.012482,0.01886
0.031067,0.038605,0.042236,0.025055,0.012787,0.013763
0.026733,0.039307,0.048462,0.030426,0.01088,0.0094299
0.02388,0.040573,0.045456,0.030899,0.013611,0.010803
0.022995,0.035995,0.035614,0.027069,0.020706,0.016922
0.020096,0.028351,0.028595,0.024429,0.023819,0.019196
0.016846,0.022324,0.025543,0.023102,0.023209,0.016342
0.014603,0.015335,0.018692,0.021347,0.025223,0.015747
0.01416,0.006012,0.0077209,0.021301,0.031067,0.020493
0.011353,-0.00050354,0.0026093,0.022736,0.037857,0.026413
0.0035858,-0.002594,0.0067749,0.022003,0.040649,0.025589
-0.0032043,-0.0049744,0.013916,0.020569,0.034988,0.018829
-0.0052948,-0.0090027,0.012238,0.021042,0.026077,0.014542
-0.0055084,-0.012131,0.0024109,0.01767,0.024002,0.01207
-0.0098267,-0.014374,-0.00091553,0.0072937,0.020355,0.007019
-0.018799,-0.017914,-0.0033875,-0.0057983,0.0048676,-0.0025787
-0.028442,-0.022476,-0.016083,-0.018494,-0.013901,-0.017487
-0.0345,-0.027588,-0.028488,-0.027176,-0.028061,-0.029037
-0.033997,-0.033325,-0.03447,-0.035736,-0.036392,-0.034241
-0.031738,-0.036179,-0.04129,-0.046295,-0.042679,-0.038101
-0.030014,-0.034668,-0.048416,-0.051208,-0.046875,-0.036652
-0.023758,-0.029724,-0.049881,-0.050232,-0.044006,-0.029144
-0.012314,-0.021088,-0.044403,-0.044891,-0.037643,-0.019455
0.00032043,-0.011459,-0.033981,-0.035568,-0.029327,-0.010178
0.010941,-0.0025787,-0.023132,-0.025482,-0.018997,-0.0032043
0.018738,0.0065308,-0.012299,-0.016602,-0.011795,0.0047913
0.021408,0.015213,-0.0013428,-0.010101,-0.0088196,0.011429
0.018051,0.021393,0.0095215,-0.0036926,-0.0077362,0.0084229
0.012009,0.021423,0.016922,0.0016022,-0.0090637,-0.00073242
0.0045166,0.014252,0.011597,-0.0010681,-0.015671,-0.0088806
-0.0031128,0.0026245,-0.0030518,-0.0077209,-0.025543,-0.017929
-0.015244,-0.0092468,-0.011414,-0.0056,-0.030106,-0.028229
-0.033386,-0.019882,-0.007431,0.0027161,-0.026031,-0.040665
-0.047302,-0.029633,-0.00383,0.0039673,-0.019699,-0.051331
-0.050354,-0.03392,-0.0096741,0.0016785,-0.015427,-0.043137
-0.039886,-0.029907,-0.014832,0.0068665,-0.0080566,-0.020355
-0.022507,-0.020691,-0.0081329,0.015381,0.0074463,-0.0063629
-0.0099487,-0.010773,0.006897,0.019119,0.023575,0.0016632
-0.00061035,0.00091553,0.014893,0.019485,0.031036,0.018417
0.015472,0.013428,0.012772,0.022552,0.03479,0.041199
0.037186,0.021271,0.013809,0.024521,0.042831,0.055557
0.04776,0.027939,0.022369,0.022232,0.046021,0.053864
0.041183,0.034149,0.029663,0.023956,0.036255,0.04567
0.029938,0.032608,0.028229,0.024872,0.025299,0.035034
0.021271,0.02243,0.020889,0.018143,0.018158,0.020309
0.010666,0.012085,0.015854,0.013184,0.0079803,0.0066528
-0.0016937,0.0052795,0.015106,0.014023,-0.0015106,-0.0077362
-0.011002,-0.00091553,0.014069,0.012848,-0.0046692,-0.021454
-0.019043,-0.0050049,0.010513,0.0039063,-0.0089111,-0.025925
-0.022888,-0.0056458,0.0048523,-0.0055237,-0.018936,-0.023666
-0.015015,-0.0043488,-0.0010834,-0.0070801,-0.019913,-0.021851
-0.0021667,-0.0014191,-0.0042725,-0.0075531,-0.0076141,-0.016083
0.0062714,0.0057526,-0.0036621,-0.014252,-0.0028534,0.00091553
0.016159,0.014755,-0.0039368,-0.019699,-0.0074463,0.01915
0.030289,0.019501,-0.0088501,-0.017075,-0.0029755,0.023697
0.037735,0.018326,-0.0091553,-0.010956,0.0088348,0.022018
0.032349,0.012848,-0.0040894,-0.0042267,0.013031,0.026413
0.02179,0.0079498,-0.0038452,0.001358,0.0097504,0.026825
0.012802,0.0031891,-0.0031891,0.0067291,0.0083313,0.013687
0.00012207,-0.0050354,0.0040283,0.015152,0.0089417,-0.0039978
-0.019745,-0.014877,0.0097351,0.019272,0.0088806,-0.014755
-0.036072,-0.022552,0.0053864,0.014297,0.0086365,-0.017975
-0.038284,-0.024124,-0.0020142,0.0071716,0.0030975,-0.019547
-0.031738,-0.020935,-0.0022278,0.0027924,-0.007019,-0.021072
-0.02565,-0.016449,-0.0022888,-0.0023346,-0.0088348,-0.019363
-0.019196,-0.011078,-0.0057373,-0.010132,-0.0034332,-0.010956
-0.0072327,-0.00354,-0.0078278,-0.0159,-0.00097656,0.0023041
0.010864,0.0073395,-0.010696,-0.014832,0.00064087,0.015686
0.028915,0.016876,-0.0096588,-0.0089111,0.0050201,0.02504
0.038925,0.021576,0.00013733,-0.0034485,0.010422,0.028976
0.040192,0.026855,0.010773,0.0031128,0.01413,0.032166
0.041672,0.03392,0.016541,0.011002,0.017242,0.033569
0.045258,0.035187,0.021423,0.019226,0.020615,0.030731
0.040802,0.033417,0.033737,0.02951,0.022903,0.028061
0.031769,0.035995,0.051086,0.036789,0.027313,0.026276
0.027908,0.041626,0.060196,0.037567,0.030228,0.023056
0.026718,0.047409,0.057632,0.034317,0.023773,0.017944
0.027725,0.04776,0.052277,0.030579,0.015976,0.014648
0.029129,0.041489,0.049835,0.02655,0.020096,0.018112
0.025665,0.034576,0.041962,0.019241,0.027176,0.024963
0.020996,0.030975,0.026459,0.012619,0.024323,0.026031
0.021423,0.026489,0.01619,0.01178,0.021881,0.019928
0.02327,0.015793,0.012192,0.013657,0.026917,0.016724
0.017838,0.0054474,0.0076294,0.014984,0.033234,0.022476
0.0087433,-0.00065613,0.0018768,0.016006,0.037888,0.027939
0.0025635,-0.0055695,0.00032043,0.018066,0.039078,0.023056
-0.0021667,-0.010559,0.0084229,0.0224,0.035049,0.012634
-0.0069275,-0.013107,0.014984,0.022476,0.028473,0.0072632
-0.01091,-0.013489,0.007309,0.011383,0.024826,0.0088043
-0.013245,-0.018387,-0.0068207,-0.0024261,0.019501,0.0097961
-0.016068,-0.022583,-0.013199,-0.011551,0.0055084,0.0033264
-0.019287,-0.02034,-0.013306,-0.023834,-0.011765,-0.0089111
-0.022507,-0.018234,-0.021866,-0.041397,-0.027557,-0.019577
-0.024002,-0.02243,-0.038742,-0.053604,-0.041199,-0.025253
-0.022354,-0.030121,-0.050308,-0.056839,-0.049316,-0.030258
-0.022049,-0.030945,-0.052078,-0.056183,-0.050125,-0.034836
-0.021805,-0.026093,-0.044495,-0.053726,-0.04631,-0.032211
-0.016403,-0.019165,-0.033829,-0.046478,-0.040848,-0.024948
-0.0067596,-0.0098877,-0.028015,-0.032486,-0.03334,-0.020294
0.00086975,-0.0045319,-0.019257,-0.018219,-0.024277,-0.016724
0.0057068,0.001297,-0.0018311,-0.0093689,-0.016388,-0.010147
0.0084534,0.014633,0.013184,-0.0042267,-0.0096893,-0.0041351
0.0052338,0.024734,0.01683,-0.0028076,-0.0077515,-0.0038147
0.0021667,0.018997,0.011276,-0.0048065,-0.014099,-0.0073242
0.0024719,0.0039978,0.0012665,-0.0073547,-0.021255,-0.01297
-0.0020599,-0.0037689,-0.0081787,-0.012894,-0.022766,-0.01712
-0.01062,-0.006012,-0.016907,-0.023407,-0.022461,-0.015976
-0.017731,-0.014923,-0.027374,-0.02565,-0.026215,-0.016342
-0.023743,-0.027527,-0.032166,-0.009079,-0.025421,-0.025284
-0.027496,-0.035721,-0.024521,0.008194,-0.0086365,-0.031601
-0.027542,-0.034485,-0.0095673,0.010605,0.012512,-0.01825
-0.022461,-0.02153,0.0027924,0.01535,0.025131,0.006958
-0.0097809,-0.0037537,0.011765,0.033859,0.034485,0.020477
0.0047607,0.0096283,0.025528,0.049316,0.045303,0.021652
0.016479,0.015732,0.040924,0.047165,0.053268,0.030167
0.025375,0.022156,0.04364,0.036713,0.055008,0.045303
0.027802,0.031662,0.036804,0.034988,0.050461,0.049011
0.026993,0.035324,0.0383,0.036438,0.039246,0.038681
0.025528,0.031784,0.042221,0.026672,0.02597,0.027542
0.022919,0.026459,0.029831,0.0094757,0.011902,0.017792
0.017822,0.018219,0.0059967,-0.0032654,-0.0014191,0.0063934
0.0042877,0.0062866,-0.0053406,-0.00914,-0.011169,-0.0072327
-0.006424,-0.00067139,-0.00071716,-0.0098419,-0.022705,-0.02388
-0.0094299,-0.0016174,0.00036621,-0.009964,-0.025833,-0.02652
-0.0085754,-0.0037842,-0.00177,-0.017471,-0.020065,-0.017624
-0.0025177,-0.0049744,-0.0083923,-0.024673,-0.017456,-0.01123
0.0030975,0.0024567,-0.017258,-0.021103,-0.012833,-0.0023041
0.014664,0.012787,-0.011902,-0.013962,-0.0048218,0.0064545
0.026596,0.011276,-0.0027924,-0.015335,0.0034943,0.01828
0.026901,0.0064545,-0.0029297,-0.022049,0.0042725,0.031113
0.023621,0.013123,-0.013519,-0.021072,-0.0020294,0.027435
0.019714,0.013901,-0.022369,-0.013565,-0.0067139,0.0071106
0.0074921,-0.0041199,-0.016953,-0.010147,-0.011581,-0.011444
-0.015762,-0.021896,-0.01207,-0.011703,-0.015793,-0.018799
-0.036575,-0.028961,-0.015198,-0.0088654,-0.02005,-0.026993
-0.046661,-0.032837,-0.016708,-0.00038147,-0.023422,-0.041672
-0.052246,-0.037735,-0.012238,0.0037994,-0.0215,-0.051468
-0.054092,-0.040054,-0.0084839,0.0026703,-0.014832,-0.048309
-0.050674,-0.0345,-0.0097504,0.0002594,-0.0048065,-0.032867
-0.037689,-0.023727,-0.0082703,-0.00068665,0.0007782,-0.014236
-0.016129,-0.013443,-0.0056,7.6294e-05,0.0017853,-0.001297
0.00082397,-0.0042419,-0.0062561,-0.0019684,0.0079956,0.0096436
0.014267,0.00354,-0.0075989,-0.0022736,0.0159,0.019989
0.02536,0.010651,-0.0070038,0.0015717,0.019257,0.027206
0.028397,0.019012,0.0022736,0.0050812,0.019104,0.033157
0.03183,0.02388,0.014496,0.0083771,0.017563,0.032684
0.0345,0.022263,0.017853,0.011551,0.015854,0.027695
0.030106,0.022888,0.020248,0.015991,0.013229,0.024002
0.025467,0.030624,0.028259,0.021851,0.012726,0.015854
0.023239,0.036209,0.039276,0.025848,0.015213,0.0085449
0.021271,0.035141,0.049683,0.023376,0.011856,0.010757
0.022858,0.03595,0.047867,0.016022,0.0032196,0.01442
0.030197,0.042892,0.035889,0.012543,0.0015106,0.012985
0.034637,0.046478,0.028366,0.011017,0.006134,0.012451
0.031342,0.03833,0.025467,0.0065918,0.010574,0.016754
0.024673,0.023926,0.019485,0.0039825,0.015396,0.023178
0.021027,0.013351,0.0076599,0.0071716,0.019562,0.026154
0.023376,0.0076141,-0.0035858,0.013596,0.022705,0.021011
0.017456,0.00062561,-0.0069275,0.01506,0.026672,0.014328
-0.0024872,-0.011063,-0.0030212,0.01236,0.030563,0.012878
-0.018539,-0.023071,-1.5259e-05,0.014709,0.030273,0.011749
-0.022324,-0.026657,-0.0033875,0.017944,0.022827,0.0045776
-0.022385,-0.024979,-0.0066071,0.011414,0.011749,-0.0078125
-0.026672,-0.028198,-0.0092621,-0.0041351,0.0017242,-0.01503
-0.034332,-0.033722,-0.016785,-0.017929,-0.0077209,-0.015579
-0.039307,-0.033417,-0.025162,-0.02446,-0.019653,-0.021622
-0.035828,-0.026627,-0.028885,-0.029755,-0.031723,-0.0327
-0.028595,-0.022583,-0.02916,-0.038879,-0.039673,-0.038223
-0.027542,-0.026001,-0.033279,-0.046661,-0.045319,-0.037079
-0.030243,-0.028656,-0.04126,-0.045151,-0.048233,-0.03508
-0.027313,-0.023758,-0.041016,-0.037689,-0.042343,-0.034241
-0.015381,-0.011902,-0.026291,-0.029266,-0.029404,-0.029953
-0.002533,0.00036621,-0.0083923,-0.018661,-0.018478,-0.016815
0.0052338,0.0072174,-0.00021362,-0.0075073,-0.0099335,-0.0015564
0.013351,0.012329,0.0030975,0.0020905,-0.0019379,0.0050659
0.021774,0.022064,0.012833,0.0067749,0.0010071,0.0071259
0.027252,0.033157,0.026718,0.0051575,0.00013733,0.013092
0.030457,0.038223,0.031677,0.0032654,0.0015106,0.020538
0.030685,0.034958,0.023544,0.0052643,0.0028381,0.020142
0.0271,0.027084,0.010712,0.0052795,-0.0002594,0.010284
0.020386,0.018616,0.00032043,-0.0026245,-0.0056763,0.0031586
0.011826,0.0061188,-0.0055695,-0.011475,-0.0086823,0.0044861
0.0017242,-0.0070343,-0.010208,-0.012451,-0.0057526,0.004715
-0.0056458,-0.01326,-0.017593,-0.0058594,-0.0023346,0.00019836
-0.0076141,-0.017303,-0.024155,0.00047302,-0.0018311,-0.0066986
-0.011612,-0.02504,-0.022202,0.0021057,0.0018158,-0.0098267
-0.022186,-0.031876,-0.013474,0.010086,0.0083313,-0.0046539
-0.028214,-0.030838,-0.006073,0.023972,0.019745,-0.0021667
-0.022476,-0.025101,0.0056,0.031311,0.031174,-0.0018158
-0.015854,-0.014694,0.019516,0.033508,0.030136,0.0042725
-0.0099182,0.0010376,0.024551,0.032349,0.027008,0.010208
-0.0031433,0.010162,0.027405,0.029694,0.026505,0.010193
-0.00383,0.0080719,0.028656,0.026581,0.021194,0.0027313
-0.0069275,0.0063477,0.026398,0.022064,0.014404,-0.0015564
-0.0027771,0.011978,0.022919,0.014542,0.0070953,0.002182
0.0010681,0.013824,0.012665,-0.0010223,-0.00053406,-0.00083923
-0.0037384,0.004776,-0.0017548,-0.013412,-0.010559,-0.010422
-0.0083466,-0.0039978,-0.01358,-0.017273,-0.020203,-0.015182
-0.0049591,-0.0056152,-0.019958,-0.02507,-0.023346,-0.016174
0.0016785,-0.0058289,-0.0215,-0.035553,-0.026825,-0.012695
0.0043793,-0.0056763,-0.024414,-0.037811,-0.030014,-0.0069427
0.0050812,-0.0024872,-0.026382,-0.029144,-0.026703,-0.0069275
0.0089264,0.0013428,-0.018646,-0.022263,-0.019653,-0.0070038
0.011093,0.003891,-0.0098724,-0.024429,-0.013702,0.00010681
0.011261,0.0066833,-0.010284,-0.022461,-0.010437,0.0088501
0.012634,0.0088806,-0.010727,-0.01181,-0.0079498,0.009613
0.0097809,0.0039978,-0.0031891,-0.0029755,-0.0082703,0.0016479
0.00018311,-0.0037842,0.0018158,-0.0025787,-0.011444,-0.0054474
-0.011124,-0.006134,-0.0048065,-0.0042114,-0.011597,-0.01152
-0.020187,-0.0103,-0.010452,0.00015259,-0.010269,-0.022598
-0.028305,-0.020966,-0.0080414,0.0042114,-0.01387,-0.029984
-0.031143,-0.028976,-0.0076904,0.0018463,-0.018143,-0.027756
-0.026184,-0.026276,-0.012848,0.0013428,-0.013275,-0.024551
-0.022507,-0.019501,-0.012909,0.0068665,-0.0010834,-0.019714
-0.021164,-0.016373,-0.0037842,0.010773,0.00914,-0.008316
-0.013031,-0.012833,0.0012817,0.011856,0.015778,0.005127
0.0032654,-0.0050812,0.00090027,0.014755,0.022186,0.017929
0.016754,0.0056,0.004776,0.019196,0.029617,0.027084
0.021149,0.01561,0.011688,0.02121,0.034958,0.029922
0.02211,0.022263,0.021988,0.022354,0.03418,0.031815
0.022369,0.023956,0.031937,0.024399,0.031769,0.03389
0.023361,0.024078,0.029129,0.022018,0.02774,0.029282
0.025604,0.02626,0.020844,0.018341,0.017197,0.019485
0.023804,0.028229,0.023788,0.015564,0.007309,0.012009
0.020065,0.029663,0.032013,0.0080872,0.003067,0.0080261
0.020157,0.032364,0.029312,-0.0014801,-0.0041504,0.005249
0.022552,0.032104,0.016632,-0.0069427,-0.013748,0.0035553
0.024368,0.024994,0.0093536,-0.0056915,-0.014282,0.0028381
0.022232,0.02002,0.010437,-0.0037384,-0.0076447,0.0039368
0.020828,0.021652,0.010117,-0.0059662,0.0019836,0.012009
0.022858,0.021851,0.0062256,-0.0043182,0.010651,0.02002
0.018585,0.012558,0.00048828,0.003006,0.014877,0.019806
0.011642,-0.0025024,-0.0021362,0.010925,0.020599,0.017548
0.004715,-0.010193,-0.00024414,0.017532,0.025055,0.015182
-0.0055237,-0.01181,-0.0019379,0.017273,0.025986,0.012634
-0.012863,-0.013733,-0.0041809,0.0098114,0.021759,0.0058136
-0.018936,-0.018661,-0.0045319,0.0048828,0.010132,-0.0066833
-0.025925,-0.025787,-0.0075226,0.0023193,-0.0019379,-0.015945
-0.030045,-0.031006,-0.014313,-0.0081024,-0.013031,-0.020096
-0.030823,-0.034729,-0.027405,-0.022858,-0.022064,-0.024796
-0.032166,-0.032806,-0.037521,-0.031921,-0.030472,-0.032257
-0.037247,-0.03273,-0.036926,-0.03447,-0.038071,-0.038925
-0.042175,-0.038666,-0.0345,-0.034943,-0.039978,-0.041702
-0.040314,-0.037613,-0.035385,-0.036041,-0.038284,-0.03862
-0.033401,-0.031921,-0.035126,-0.031677,-0.033905,-0.032486
-0.027222,-0.024719,-0.028885,-0.022339,-0.028015,-0.026398
-0.019302,-0.012207,-0.016174,-0.019135,-0.020813,-0.020096
-0.010162,0.0012512,-0.004303,-0.017166,-0.013214,-0.015198
-0.0025482,0.0075684,-0.0002594,-0.0059204,-0.0074921,-0.0083771
0.0060272,0.0059052,0.0011597,0.0047913,-0.0050354,0.00079346
0.01445,0.0080109,0.0048676,0.0022888,-0.0064545,0.0066528
0.018631,0.018799,0.0087585,-0.0075989,-0.0080872,0.0092773
0.019135,0.023987,0.0090637,-0.010803,-0.0089111,0.0097351
0.01976,0.0177,0.0046997,-0.0052948,-0.0072937,0.0091858
0.020706,0.012161,-1.5259e-05,9.1553e-05,-0.004425,0.0098114
0.018997,0.0090027,-0.0045013,-0.00080872,-0.0031281,0.011047
0.012695,0.0050507,-0.0094452,-0.0076599,-0.0005188,0.013901
0.0092468,0.0025635,-0.0096283,-0.010437,0.0036621,0.015823
0.011414,-0.00041199,-0.0071106,0.00013733,0.0063782,0.01181
0.0083313,-0.0046692,-0.0079193,0.013992,0.0091248,0.0083923
0.00021362,-0.0081024,-0.0050659,0.016266,0.015137,0.010452
-0.0052338,-0.0075684,0.00093079,0.0099945,0.015549,0.010666
-0.0055695,-0.007309,0.001297,0.0068817,0.0078278,0.0037994
-0.0063324,-0.012543,-0.0023346,0.012665,0.00041199,-0.0066071
-0.015045,-0.017273,-0.0033722,0.023697,-0.0011292,-0.012894
-0.024902,-0.018936,0.0046844,0.03093,0.0090942,-0.017227
-0.030579,-0.019989,0.016464,0.030487,0.018082,-0.022903
-0.033508,-0.016785,0.022171,0.024734,0.010376,-0.021713
-0.027893,-0.0048981,0.019424,0.017883,-0.0022583,-0.016296
-0.017456,0.0041504,0.011795,0.012024,-0.001358,-0.016266
-0.013443,-0.0010376,0.0065613,0.0078888,0.0093994,-0.014359
-0.013321,-0.005722,0.0063629,0.0037537,0.0099335,-0.0039673
-0.0078735,0.0018311,0.0048828,-0.0043335,-0.001358,0.0052338
0.0054932,0.011017,-0.0049133,-0.01619,-0.010422,0.0040741
0.015823,0.010147,-0.015121,-0.029694,-0.016174,-0.00030518
0.015213,0.0054626,-0.019516,-0.035248,-0.022186,0.0026093
0.012512,0.0036163,-0.02124,-0.027359,-0.022003,0.0055695
0.0103,-3.0518e-05,-0.017471,-0.020416,-0.017944,0.0016479
0.0061951,0.00047302,-0.010376,-0.019608,-0.018646,-0.0018463
0.0053864,0.0055237,-0.0060577,-0.015808,-0.018005,-0.0053101
0.0076141,0.0057831,-0.0039368,-0.0080109,-0.011185,-0.0074615
0.0049438,0.0020447,-0.00082397,-0.0010529,-0.0046234,-0.00068665
-0.0020752,0.0010071,0.0029144,0.0033569,-0.0014954,0.00383
-0.00383,0.0057831,0.005127,0.006958,1.5259e-05,-0.0015564
-0.0012817,0.0076294,0.007843,0.0063477,-0.0025635,-0.0075836
0.00013733,0.0016479,0.0063477,0.00048828,-0.010132,-0.007019
0.0013428,-0.0042572,-0.0061035,-0.0023651,-0.013046,-0.0018158
0.0013733,-0.0068054,-0.016571,0.00093079,-0.0031128,-0.00080872
-0.0017395,-0.0098724,-0.011002,0.0054932,0.0084229,0.00045776
-0.0046997,-0.012329,-0.0019379,0.0079041,0.010162,0.0068665
-0.00036621,-0.010895,-0.0037231,0.013123,0.01416,0.01123
0.006424,-0.0093231,-0.0045319,0.02298,0.025467,0.011978
0.0031738,-0.0080109,0.0037231,0.02626,0.033585,0.014511
-0.004303,-0.0041351,0.011078,0.021957,0.036118,0.020599
-0.0023956,0.0011597,0.013184,0.020142,0.032928,0.020676
0.0048218,0.007019,0.012589,0.017242,0.02475,0.015564
0.0076141,0.010025,0.0086517,0.008255,0.013718,0.010788
0.0053711,0.0099945,0.003418,-0.0014648,0.0025635,0.0033417
0.0042572,0.009201,0.0068054,-0.006897,-0.006546,0.0011597
0.0079956,0.0097656,0.010574,-0.0092468,-0.014618,0.0026245
0.010757,0.017914,0.0028839,-0.012497,-0.015945,-0.0034485
0.014572,0.025238,0.0010986,-0.01239,-0.013763,-0.0084229
0.022247,0.022232,0.012573,-0.0073395,-0.015701,-0.0019531
0.025085,0.021133,0.020569,-0.0013733,-0.011124,0.0086823
0.020935,0.026474,0.018036,0.0055084,0.0042114,0.015259
0.017365,0.027481,0.016373,0.010132,0.018356,0.019058
0.019592,0.020477,0.019928,0.013367,0.02243,0.019516
0.017792,0.012436,0.017654,0.014999,0.01857,0.015701
0.0075684,0.0063171,0.0084381,0.014465,0.014633,0.012939
-0.0020142,-0.0041046,0.00030518,0.016663,0.014633,0.01004
-0.010117,-0.01416,-0.0019073,0.014893,0.014771,-0.0019836
-0.017838,-0.018341,-0.00050354,0.0034943,0.0063171,-0.01683
-0.02478,-0.022369,-0.006073,-0.010452,-0.012207,-0.021637
-0.028366,-0.025833,-0.022507,-0.019089,-0.027985,-0.021561
-0.02829,-0.0298,-0.035843,-0.02449,-0.03244,-0.026367
-0.032562,-0.037506,-0.036377,-0.032578,-0.034119,-0.035431
-0.04071,-0.041809,-0.036285,-0.041061,-0.039658,-0.043274
-0.046066,-0.039703,-0.044647,-0.045486,-0.04776,-0.047272
-0.049698,-0.040924,-0.052002,-0.044266,-0.052536,-0.047409
-0.051193,-0.04686,-0.049484,-0.038925,-0.049026,-0.045944
-0.046432,-0.047089,-0.041,-0.030746,-0.041931,-0.044998
-0.039993,-0.038849,-0.033508,-0.023514,-0.032059,-0.042557
-0.036255,-0.027725,-0.027374,-0.019867,-0.021774,-0.034958
-0.030685,-0.018814,-0.019623,-0.014435,-0.017883,-0.022369
-0.016388,-0.011948,-0.01149,-0.0079346,-0.016754,-0.012497
0.0029449,-0.0054474,-0.0059814,-0.0054779,-0.013855,-0.0054169
0.010956,0.0018616,-0.0051575,-0.0041046,-0.0086517,0.0041962
0.0090485,0.0099487,-0.0063019,-0.0018463,-0.00019836,0.011246
0.011963,0.012299,-0.0029602,-0.0030975,0.0049591,0.013321
0.018845,0.0089722,-0.0011292,-0.0035706,0.0021362,0.01683
0.024384,0.0080109,-0.0035095,0.0029755,0.0020447,0.022064
0.023727,0.011154,-0.0012665,0.0094452,0.009613,0.023499
0.016708,0.014862,0.0045319,0.011581,0.018845,0.023346
0.017059,0.015533,0.011429,0.014587,0.024399,0.024231
0.025131,0.014145,0.015152,0.022171,0.023865,0.026642
0.027557,0.013214,0.014786,0.029053,0.025772,0.031006
0.023163,0.015427,0.019424,0.031677,0.030167,0.030594
0.017349,0.020447,0.025986,0.034851,0.028152,0.021408
0.015991,0.020401,0.029343,0.033249,0.022324,0.0097656
0.017014,0.01442,0.024994,0.020615,0.012833,0.0076141
0.010635,0.0075073,0.0098572,0.0073853,-0.00010681,0.0087128
-0.0038757,-0.00027466,-0.0030365,0.0037384,-0.0097351,-0.0066833
-0.018295,-0.0076599,-0.0030212,0.0084229,-0.013977,-0.028259
-0.025116,-0.014404,0.0058899,0.013336,-0.011368,-0.036469
-0.031006,-0.020126,0.0084381,0.0093384,-0.0043488,-0.034836
-0.040726,-0.019913,-0.00059509,0.00085449,-0.0016632,-0.026901
-0.039078,-0.014786,-0.0053101,-0.0017853,-0.0043182,-0.016251
-0.023621,-0.010498,-0.0012665,-0.0018311,-0.005661,-0.013977
-0.012344,-0.0085449,-0.0023651,-0.0070648,-0.0048828,-0.014954
-0.010284,-0.007843,-0.010864,-0.015244,-0.0070801,-0.0055847
-0.0075989,-0.0041504,-0.015457,-0.019455,-0.0094757,0.0059052
0.00067139,0.00091553,-0.012619,-0.019974,-0.012054,0.0026703
0.009201,0.0009613,-0.0091705,-0.019608,-0.020966,-0.0054321
0.010712,0.0030365,-0.010056,-0.017288,-0.024734,-0.00088501
0.0094604,0.010406,-0.0092316,-0.012405,-0.015396,0.0037842
0.0099487,0.01326,-0.0014496,-0.006546,-0.0052643,-0.0032806
0.010239,0.010986,0.00737,0.0025482,-0.0032654,-0.0045166
0.010971,0.010635,0.014481,0.014084,-0.0018616,0.0066376
0.010757,0.015335,0.020081,0.016571,0.009079,0.013153
0.011108,0.020081,0.021408,0.012527,0.019241,0.013443
0.016037,0.020813,0.018494,0.016953,0.01741,0.017075
0.025131,0.020813,0.016754,0.024734,0.013931,0.023636
0.031693,0.018021,0.018692,0.021118,0.019363,0.029373
0.030746,0.014374,0.016037,0.013443,0.026276,0.034378
0.029404,0.017593,0.011169,0.017731,0.027573,0.036209
0.030212,0.017883,0.01442,0.026993,0.028702,0.03035
0.025726,0.007843,0.015518,0.025894,0.031998,0.026871
0.016266,0.0013428,0.0077972,0.020111,0.03569,0.030853
0.0081024,0.0034637,0.0035858,0.020981,0.037125,0.028595
0.0033722,0.0017242,0.0062866,0.020309,0.031433,0.016159
-0.0009613,-0.0075073,0.0067139,0.0089264,0.02037,0.0050507
-0.012085,-0.010941,-0.0027618,-0.0042419,0.0084229,-0.00013733
-0.023193,-0.0053253,-0.014023,-0.01152,-0.0037994,-0.0088043
-0.019943,-0.0055237,-0.012146,-0.014755,-0.013748,-0.019058
-0.0093536,-0.011795,-0.0044556,-0.015045,-0.022385,-0.019577
-0.0046387,-0.0079956,-0.0042725,-0.014969,-0.027023,-0.014313
-0.0024261,0.0055695,-0.0033417,-0.014877,-0.020615,-0.010971
0.0061798,0.01825,0.0068207,-0.0082855,-0.010422,-0.0072174
0.018677,0.028732,0.020126,0.005722,-0.00065613,0.0015717
0.029236,0.034134,0.032501,0.018387,0.0095673,0.015549
0.035431,0.03363,0.039688,0.021637,0.019516,0.030838
0.035034,0.03627,0.037643,0.022446,0.031891,0.038345
0.032852,0.040695,0.033829,0.030945,0.040726,0.032379
0.029404,0.034668,0.033707,0.035095,0.040222,0.025665
0.022247,0.020218,0.031601,0.025284,0.03273,0.029282
0.015244,0.012909,0.02153,0.015656,0.024841,0.028214
0.0092773,0.012436,0.0093079,0.015564,0.018509,0.012375
0.0059814,0.0030212,0.0056458,0.012894,0.0093842,-0.0027618
-0.00057983,-0.011673,0.0045471,0.0011139,-0.00019836,-0.0079498
-0.014084,-0.015137,-0.0047455,-0.0090179,-0.0070496,-0.0083008
-0.018417,-0.011292,-0.015198,-0.014038,-0.012543,-0.0087585
-0.01236,-0.01564,-0.019089,-0.018204,-0.015244,-0.013245
-0.013153,-0.02652,-0.021606,-0.023376,-0.016617,-0.018829
-0.024506,-0.030518,-0.024979,-0.025909,-0.019943,-0.019943
-0.035583,-0.027985,-0.025925,-0.024887,-0.021606,-0.020157
-0.037064,-0.027267,-0.02504,-0.02478,-0.021744,-0.024658
-0.03241,-0.029449,-0.024597,-0.022171,-0.019394,-0.028732
-0.028137,-0.02977,-0.023697,-0.01709,-0.013779,-0.024689
-0.023773,-0.02356,-0.019363,-0.012848,-0.011826,-0.016205
-0.015259,-0.011475,-0.013763,-0.01004,-0.0087585,-0.011398
-0.00067139,0.0030823,-0.006134,-0.00737,-0.002655,-0.0080414
0.013306,0.013336,0.006958,-0.0017242,-0.00067139,0.0020142
0.023346,0.019089,0.013535,0.00033569,0.0018768,0.018295
0.032745,0.026535,0.0073395,-0.0010681,0.008255,0.02887
0.038986,0.030441,0.0037842,0.002121,0.014725,0.027313
0.037674,0.02626,0.01091,0.0076447,0.018478,0.023041
0.028854,0.02092,0.020203,0.012268,0.018829,0.028259
0.022751,0.021118,0.02327,0.015717,0.022141,0.03688
0.02594,0.024246,0.020325,0.01918,0.029694,0.03508
0.030334,0.023712,0.020599,0.024063,0.033554,0.027863
0.030106,0.021576,0.028961,0.029221,0.032349,0.027023
0.025757,0.024185,0.036987,0.031296,0.03154,0.030319
0.023651,0.030151,0.037292,0.028595,0.032227,0.030594
0.030411,0.03363,0.030365,0.0233,0.02803,0.026138
0.036179,0.029678,0.023697,0.015579,0.017242,0.018326
0.027557,0.018692,0.019089,0.0087891,0.0041199,0.0096588
0.011124,0.009964,0.0096893,0.0027924,-0.0059204,0.00035095
-0.0039215,0.0040436,0.00010681,-0.0091095,-0.01239,-0.011871
-0.019165,-0.0079498,-0.0080261,-0.022125,-0.022903,-0.027863
-0.034134,-0.025269,-0.020966,-0.031891,-0.0354,-0.041473
-0.047333,-0.041092,-0.036118,-0.037552,-0.043564,-0.04538
-0.05722,-0.047714,-0.045212,-0.033646,-0.044052,-0.047791
-0.062164,-0.049301,-0.03978,-0.02446,-0.034882,-0.057571
-0.066177,-0.053848,-0.02562,-0.021957,-0.0271,-0.062515
-0.066956,-0.051453,-0.020203,-0.027802,-0.027222,-0.048203
-0.053253,-0.03653,-0.027832,-0.030411,-0.02681,-0.026169
-0.029861,-0.021729,-0.035263,-0.024887,-0.022415,-0.020294
-0.014114,-0.019669,-0.027969,-0.019409,-0.017258,-0.022781
-0.010818,-0.020233,-0.012512,-0.017715,-0.014877,-0.012451
-0.0073242,-0.0071106,-0.008255,-0.014221,-0.014755,0.0010834
0.0071106,0.0068512,-0.011444,-0.0090485,-0.010361,0.0047607
0.019363,0.0094604,-0.0070648,-0.0063324,-0.0045166,0.0046082
0.020523,0.011841,0.002594,-0.00062561,-0.0018921,0.0083923
0.020737,0.018311,0.011566,0.01004,0.0062866,0.015839
0.02417,0.024323,0.021133,0.019211,0.021683,0.023087
0.030762,0.030365,0.03154,0.026871,0.031631,0.029984
0.037933,0.034607,0.036957,0.034897,0.032715,0.036346
0.043686,0.036285,0.037262,0.037445,0.03656,0.041489
0.04509,0.037842,0.037445,0.032852,0.043961,0.045822
0.038483,0.036499,0.03569,0.030319,0.043243,0.048584
0.035629,0.02858,0.029846,0.030655,0.037247,0.047119
0.035004,0.016235,0.020477,0.025162,0.033432,0.037064
0.023193,0.0077362,0.010803,0.013123,0.025146,0.023148
0.0072327,0.0037384,0.0010529,0.0015869,0.013412,0.014069
-0.0046844,-0.0045471,-0.01152,-0.0066833,0.0071259,0.0061646
-0.011917,-0.018829,-0.020432,-0.017136,-0.0017548,-0.0039215
-0.018326,-0.028503,-0.02565,-0.027023,-0.017075,-0.014725
-0.025482,-0.023865,-0.032669,-0.029816,-0.026703,-0.026688
-0.029938,-0.017151,-0.031754,-0.030045,-0.030701,-0.035614
-0.034149,-0.022659,-0.021637,-0.031662,-0.038193,-0.041092
-0.034592,-0.027008,-0.020248,-0.032654,-0.045547,-0.04332
-0.026413,-0.018814,-0.025177,-0.029404,-0.042206,-0.036316
-0.017151,-0.0099335,-0.018967,-0.020859,-0.030045,-0.024307
-0.011932,-0.0081482,-0.005661,-0.0077362,-0.018845,-0.015717
-0.006958,-0.0036774,0.0068817,0.0065308,-0.0076904,-0.011337
0.0015259,0.0099335,0.017273,0.015015,0.007431,-0.0036163
0.010925,0.022903,0.025024,0.019012,0.019684,0.01123
0.016983,0.02594,0.030869,0.02449,0.026596,0.023148
0.022141,0.022781,0.029999,0.031281,0.031998,0.026917
0.02594,0.022858,0.02803,0.033417,0.03273,0.025665
0.024124,0.026993,0.028168,0.02681,0.028442,0.022095
0.019897,0.025848,0.022614,0.016159,0.022491,0.017624
0.018021,0.016525,0.015747,0.0093536,0.013306,0.014572
0.016968,0.006897,0.011154,0.0075684,0.0032959,0.012726
0.012833,0.0053864,0.0049744,0.0039978,-0.0010681,0.0085754
0.0069275,0.0074158,0.00045776,-0.0010223,0.00090027,0.0035553
0.0010376,-0.00047302,0.00099182,-0.0016937,0.0039978,0.00022888
-0.0070038,-0.013367,0.00073242,0.00033569,0.0018158,0.00039673
-0.013885,-0.01683,-0.0037994,0.00018311,0.00022888,0.0019226
-0.015366,-0.015198,-0.0093842,-0.004364,0.0043335,-0.00010681
-0.017227,-0.017044,-0.014023,-0.0096283,0.0026855,-0.0036316
-0.022217,-0.021957,-0.015244,-0.011505,-0.0042114,-0.0082703
-0.021729,-0.023926,-0.011658,-0.010117,-0.0067291,-0.013626
-0.016479,-0.016205,-0.010376,-0.011398,-0.0080109,-0.01442
-0.011337,-0.0075684,-0.016785,-0.016556,-0.013428,-0.011841
-0.0027618,-0.0067139,-0.023026,-0.020599,-0.019409,-0.0098724
0.0052185,-0.0044708,-0.019684,-0.021881,-0.020386,-0.0092316
0.0085144,0.0050812,-0.0084534,-0.016769,-0.014816,-0.0065918
0.01239,0.013657,0.00018311,-0.007431,-0.0050812,0.0005188
0.018768,0.014801,0.0030365,-0.00010681,0.0045776,0.010513
0.02449,0.016403,0.0094604,0.0057068,0.01413,0.025116
0.028748,0.02507,0.017532,0.0093842,0.021057,0.037079
0.033051,0.032867,0.019058,0.013382,0.027786,0.035004
0.034805,0.030777,0.024673,0.025497,0.037292,0.030304
0.032349,0.024155,0.037247,0.039703,0.041672,0.036728
0.032181,0.02597,0.043152,0.044632,0.045883,0.044281
0.038284,0.037399,0.04306,0.044357,0.051361,0.042877
0.046875,0.045776,0.044464,0.044632,0.049377,0.039474
0.051514,0.04541,0.047501,0.043274,0.047073,0.040878
0.050018,0.04509,0.050613,0.039398,0.043762,0.042938
0.045868,0.044998,0.050034,0.032181,0.034515,0.039032
0.036789,0.038727,0.037689,0.018646,0.024689,0.029709
0.022552,0.026031,0.018631,0.0027313,0.011566,0.018158
0.0075684,0.0088959,0.006424,-0.010696,-0.0036163,0.0019836
-0.0097809,-0.0061798,-0.002121,-0.021057,-0.017807,-0.017288
-0.03038,-0.019348,-0.013519,-0.028931,-0.03186,-0.033005
-0.051132,-0.035385,-0.026108,-0.037674,-0.041595,-0.046677
-0.063034,-0.046951,-0.036285,-0.044296,-0.049606,-0.059021
-0.062637,-0.048416,-0.041794,-0.04892,-0.058212,-0.06395
-0.059021,-0.047287,-0.045807,-0.052628,-0.061234,-0.062347
-0.05603,-0.048813,-0.04953,-0.0466,-0.056046,-0.05928
-0.053085,-0.051331,-0.047089,-0.031982,-0.04361,-0.054306
-0.047928,-0.051331,-0.038528,-0.022324,-0.028915,-0.043793
-0.036133,-0.041061,-0.033447,-0.025482,-0.021393,-0.028137
-0.018784,-0.021301,-0.033493,-0.02887,-0.019241,-0.011948
-0.0022125,-0.0091705,-0.029892,-0.020569,-0.011505,-0.00068665
0.0055084,-0.011276,-0.018723,-0.0088959,0.0002594,0.0050659
0.004837,-0.0092926,-0.006897,-0.0019379,0.0052643,0.010818
0.0054321,0.005249,-0.0026245,0.0023346,0.0039063,0.013474
0.010849,0.015579,0.0011597,0.0096283,0.0078278,0.0098877
0.017471,0.014877,0.015747,0.017532,0.018555,0.0091705
0.022812,0.018524,0.03215,0.023239,0.022644,0.016083
0.027115,0.03212,0.039642,0.03215,0.020798,0.026474
0.031158,0.039474,0.042587,0.041336,0.030563,0.032104
0.031906,0.035339,0.044403,0.043854,0.046341,0.032791
0.032684,0.031494,0.04361,0.041748,0.048981,0.037323
0.040009,0.031281,0.038879,0.036774,0.040894,0.04306
0.038651,0.028763,0.031754,0.025314,0.032425,0.041229
0.019363,0.019012,0.022308,0.011246,0.025726,0.033417
0.0030823,0.0053406,0.0070038,0.0023804,0.018295,0.023071
-0.0011597,-0.0059052,-0.010773,-0.0049286,0.006073,0.0064697
-0.007431,-0.016281,-0.022232,-0.019012,-0.011185,-0.012802
-0.021301,-0.02507,-0.028,-0.035645,-0.027374,-0.026245
-0.034653,-0.028473,-0.03241,-0.042007,-0.037506,-0.0345
-0.039474,-0.029877,-0.035187,-0.040344,-0.043488,-0.041016
-0.036255,-0.031769,-0.03685,-0.039627,-0.048218,-0.045578
-0.030899,-0.029465,-0.035202,-0.034378,-0.048691,-0.044876
-0.025986,-0.023315,-0.02507,-0.02417,-0.040497,-0.039764
-0.022446,-0.018875,-0.010391,-0.018585,-0.029617,-0.031509
-0.017487,-0.01239,-0.0053101,-0.014999,-0.022659,-0.019196
-0.0068207,-0.0029297,-0.0091553,-0.0075531,-0.015167,-0.0070343
0.0018005,0.0029297,-0.0084686,0.00047302,-0.0035858,-0.0012665
0.0026245,0.0039368,-0.0014496,0.0059357,0.0070343,-0.0010681
0.0043488,0.0046844,0.0061493,0.010284,0.011627,0.0031891
0.0098724,0.0094452,0.0085449,0.012451,0.011902,0.0089264
0.011749,0.010422,0.0062866,0.0086823,0.0095673,0.0084534
0.0085754,0.0056458,0.0036316,0.0057678,0.0095825,0.0082703
0.0082855,0.0063171,0.0051422,0.012115,0.014374,0.01091
0.014954,0.010818,0.013367,0.020264,0.014038,0.012772
0.016403,0.011719,0.018234,0.018112,0.010452,0.0112
0.0083466,0.0094604,0.017105,0.011658,0.011871,0.010223
0.0047913,0.0069885,0.017746,0.013016,0.014923,0.014343
0.0081329,0.0065613,0.015579,0.017578,0.018066,0.016251
0.0095367,0.0061188,0.010849,0.018311,0.01947,0.016403
0.0062561,0.0018463,0.010269,0.014359,0.017838,0.016663
-0.00015259,-0.0045929,0.0095825,0.0081787,0.015137,0.011169
-0.0080109,-0.0077362,0.0044556,0.0023499,0.010941,0.0039978
-0.012894,-0.00914,-0.0056458,-0.004776,0.006134,-0.00021362
-0.012604,-0.013657,-0.016296,-0.011734,-0.0019226,-0.0042419
-0.012222,-0.01712,-0.019028,-0.016998,-0.014267,-0.011627
-0.014267,-0.015945,-0.016678,-0.022186,-0.023102,-0.019135
-0.014221,-0.012558,-0.017365,-0.026657,-0.026733,-0.021866
-0.011063,-0.0086975,-0.022339,-0.029419,-0.031113,-0.021759
-0.0089417,-0.0081482,-0.028839,-0.03035,-0.032196,-0.020584
-0.0063629,-0.0097809,-0.02742,-0.027924,-0.025757,-0.015488
0.0018768,-0.0070648,-0.016876,-0.020996,-0.019531,-0.0056763
0.010239,-0.00079346,-0.011337,-0.012268,-0.014832,0.00041199
0.0093994,0.0050354,-0.00737,-0.0045929,-0.0054626,0.0022278
0.0062256,0.0079041,0.0031128,0.0028229,0.0097809,0.01033
0.013031,0.0099792,0.010025,0.011322,0.023239,0.02124
0.026169,0.016022,0.010391,0.018127,0.026199,0.024643
0.030838,0.021225,0.013336,0.020599,0.021637,0.023071
0.022812,0.020142,0.019882,0.020325,0.018524,0.020691
0.014664,0.017487,0.020187,0.019043,0.018494,0.015121
0.013397,0.01506,0.013947,0.018448,0.016693,0.0076904
0.013107,0.0093079,0.0084076,0.015198,0.010559,0.003952
0.0085297,0.0033112,0.0067444,0.0085144,0.003418,0.0056763
-0.00073242,0.0010071,0.010849,0.0045471,-0.00038147,0.0056763
-0.0065765,0.0010681,0.014877,0.0012054,-0.0032043,-0.0014038
-0.006485,0.00019836,0.010101,-0.0030823,-0.0071106,-0.0081482
-0.011337,-0.0050049,-0.00065613,-0.0037994,-0.0097504,-0.010345
-0.020157,-0.011154,-0.0036774,-0.0034485,-0.012222,-0.012711
-0.025467,-0.013184,0.0018463,-0.0083466,-0.016434,-0.019043
-0.027222,-0.011856,0.00053406,-0.013885,-0.022705,-0.028625
-0.027542,-0.012329,-0.010483,-0.014725,-0.027725,-0.034241
-0.029724,-0.017242,-0.018951,-0.016876,-0.027222,-0.034073
-0.027222,-0.020416,-0.018829,-0.020599,-0.024734,-0.031097
-0.018555,-0.018997,-0.020798,-0.024734,-0.02681,-0.025085
-0.014267,-0.016983,-0.030457,-0.031158,-0.032501,-0.021484
-0.012177,-0.018341,-0.038788,-0.030426,-0.031586,-0.018188
-0.0093536,-0.024338,-0.040268,-0.017609,-0.018219,-0.012161
-0.0095215,-0.030396,-0.034073,-0.0047913,-0.00024414,-0.0098114
-0.010681,-0.031204,-0.024658,-0.0036316,0.0074921,-0.0032501
-0.010498,-0.024429,-0.020569,-0.007431,0.0038452,0.0090332
-0.0084534,-0.011856,-0.016968,-0.0019989,0.0067902,0.011993
-0.0032196,-0.00030518,-0.0043488,0.0087585,0.014725,0.0059357
0.0045624,0.0062103,0.010086,0.016708,0.011963,0.0044556
0.013062,0.013077,0.016998,0.021652,0.0090637,0.012985
0.020691,0.022888,0.023499,0.025513,0.019028,0.020187
0.024551,0.03186,0.03923,0.031387,0.029755,0.018478
0.026382,0.038742,0.051331,0.035767,0.029297,0.018921
0.030304,0.039673,0.043182,0.03746,0.026276,0.027145
0.032272,0.030991,0.029221,0.034714,0.029266,0.030991
0.024063,0.015686,0.02356,0.024963,0.031082,0.026627
0.0098114,0.0028381,0.016586,0.01355,0.022369,0.021545
-0.00067139,-0.0047913,0.0010681,0.00022888,0.0077362,0.012161
-0.011261,-0.014206,-0.017639,-0.014496,-0.0034332,-0.0035248
-0.025558,-0.023331,-0.02594,-0.024689,-0.014343,-0.018936
-0.033981,-0.026031,-0.023865,-0.027283,-0.029663,-0.028931
-0.029953,-0.024277,-0.02359,-0.0271,-0.042603,-0.03331
-0.024231,-0.02095,-0.0215,-0.030533,-0.043213,-0.036789
-0.025696,-0.015671,-0.013153,-0.027969,-0.034866,-0.038162
-0.023987,-0.0073547,-0.0057068,-0.01561,-0.027527,-0.032547
-0.011581,0.0021057,-0.0016632,-0.006073,-0.021469,-0.020096
0.0032654,0.0043182,-0.0010071,-0.0031738,-0.014603,-0.0061798
0.0091858,-0.0011292,-0.0040436,-0.00079346,-0.0068054,0.0022736
0.0040588,-0.0025177,-0.0057373,0.0025635,0.0015259,0.0032501
-0.0036774,-0.0026703,-0.0066376,0.00073242,0.0063782,0.0010071
-0.005249,-0.0097504,-0.014359,-0.0054016,0.0041351,0.0016785
-0.0024719,-0.017899,-0.026352,-0.0084534,-0.0017395,0.0035706
-0.0035706,-0.01828,-0.029495,-0.01033,-0.0049133,-0.0021973
-0.0095978,-0.009964,-0.020721,-0.014343,-0.0077515,-0.01413
-0.011307,-0.0039063,-0.010345,-0.011856,-0.015762,-0.019211
-0.003952,-0.0058746,-0.0038757,-0.00027466,-0.01915,-0.013489
0.0013428,-0.0062866,0.002243,0.0068817,-0.0066376,-0.0048676
-0.00054932,0.0025635,0.010971,0.0089264,0.0076904,0.004425
0.0037537,0.01326,0.019745,0.017151,0.0094147,0.012314
0.014618,0.016586,0.025879,0.027252,0.011032,0.012024
0.014236,0.013855,0.027817,0.030487,0.020416,0.010468
0.002655,0.0082397,0.026062,0.030334,0.027084,0.014069
-0.0030212,0.0054474,0.02066,0.02713,0.027725,0.015182
-0.00064087,0.0057068,0.011368,0.016266,0.024277,0.010559
0.0002594,-0.00038147,0.0020142,0.0058136,0.015366,0.0063782
-0.0050201,-0.010391,-0.0052032,0.0024567,0.0052032,0.0031586
-0.013733,-0.012634,-0.0068359,0.0015259,0.00071716,-0.0054932
-0.016388,-0.0075073,-0.0038757,0.00041199,-0.00059509,-0.012375
-0.0092163,-0.0060272,-0.0027313,-0.004364,-0.0051727,-0.0090027
-0.00067139,-0.0093231,-0.0056763,-0.011108,-0.0091858,-0.0030823
-0.00056458,-0.0065002,-0.006958,-0.012955,-0.0089417,-0.00099182
-0.0036011,0.0045624,0.0011292,-0.010941,-0.0098877,-0.0018005
0.0014496,0.012634,0.0038452,-0.0098724,-0.013901,-0.0030823
0.0095673,0.0083466,-0.007843,-0.01445,-0.016495,-0.0030212
0.012299,-0.0005188,-0.01767,-0.018829,-0.013702,0.00039673
0.0097351,-0.0019379,-0.019241,-0.016129,-0.0075226,0.0038605
0.0062561,-0.0011139,-0.016541,-0.013138,-0.0054626,0.00010681
0.0049591,-0.0038147,-0.01413,-0.0093689,-0.0077209,-0.0036163
0.0024567,-0.0080261,-0.013,-0.002121,-0.004715,-0.00016785
-0.0024719,-0.01149,-0.011475,0.002655,0.004837,0.0014801
-0.0067444,-0.012039,-0.0093994,0.00030518,0.0074615,-0.0017395
-0.0089569,-0.012451,-0.0091553,-0.0080109,-0.005249,-0.0056152
-0.012039,-0.013031,-0.014374,-0.013458,-0.020142,-0.011642
-0.01889,-0.015289,-0.020386,-0.01416,-0.024048,-0.020355
-0.024384,-0.021225,-0.021896,-0.015671,-0.022644,-0.027908
-0.025635,-0.022232,-0.019119,-0.016785,-0.023422,-0.030869
-0.027267,-0.01944,-0.016052,-0.014145,-0.026276,-0.028763
-0.028412,-0.021088,-0.012878,-0.0079803,-0.024887,-0.02417
-0.024429,-0.017105,-0.00088501,-0.00080872,-0.017609,-0.020111
-0.016586,0.00035095,0.015762,0.0049591,-0.013153,-0.019775
-0.0095673,0.015198,0.021072,0.0081329,-0.014145,-0.020599
-0.0066071,0.014236,0.015961,0.0076904,-0.013367,-0.015244
-0.0081329,0.0066986,0.011703,0.0033875,-0.0072784,-0.0077972
-0.0082397,0.0030365,0.0061493,-0.00039673,-0.0063019,-0.0077515
-0.0017242,0.00015259,-0.0044861,-0.0018005,-0.013962,-0.012009
0.00354,-0.0050201,-0.016357,-0.0065002,-0.01532,-0.0099335
-0.00082397,-0.010223,-0.025131,-0.01416,-0.0075531,-0.0011749
-0.0060883,-0.016953,-0.029984,-0.020508,-0.0030365,0.0028076
-0.0046387,-0.023651,-0.034805,-0.024139,-0.007431,-0.0007782
-0.0035095,-0.026352,-0.038544,-0.022781,-0.015182,-0.00079346
-0.0069427,-0.028168,-0.039871,-0.018707,-0.017487,0.0029907
-0.011703,-0.02916,-0.037796,-0.012115,-0.011276,-0.0010834
-0.016464,-0.026199,-0.026306,0.0020294,-0.0016022,-0.009964
-0.021759,-0.023163,-0.0088959,0.013428,0.0045624,-0.015091
-0.024582,-0.021469,0.0025787,0.011093,0.0030823,-0.016144
-0.020996,-0.012955,0.0021362,0.0061493,-0.0031128,-0.011673
-0.0099487,0.002655,-0.0028229,0.0054626,-0.0040894,-0.0056305
0.0026245,0.010681,-0.0018005,0.0020294,-0.0012817,-0.0026398
0.0072479,0.0046082,-0.0021515,-0.00354,-0.0048523,4.5776e-05
0.0051575,-0.0039368,-0.01091,-0.0057373,-0.011688,0.0015717
-7.6294e-05,-0.0072479,-0.015015,-0.0058441,-0.012115,-0.002533
-0.0054474,-0.010117,-0.0093689,-0.0062256,-0.0081024,-0.010086
-0.0082092,-0.011902,-0.0087128,-0.0065918,-0.010056,-0.010727
-0.012054,-0.0090179,-0.013885,-0.0062256,-0.015472,-0.0046844
-0.01622,-0.0077209,-0.0093384,-0.0055389,-0.013306,-0.0061951
-0.01973,-0.010483,0.0021973,-0.0019836,-0.0076141,-0.015091
-0.018463,-0.008316,0.0069733,0.0084534,-0.0057983,-0.016434
-0.0065308,0.00094604,0.0089722,0.016968,-0.0033417,-0.008194
0.0058899,0.011246,0.017059,0.016617,0.0032654,0.0023804
0.01265,0.022049,0.02713,0.017487,0.010437,0.011917
0.020432,0.032272,0.031784,0.025055,0.01619,0.017944
0.029984,0.032654,0.027863,0.032761,0.022018,0.021088
0.034424,0.021362,0.020828,0.032059,0.029007,0.023209
0.028107,0.015564,0.016296,0.022293,0.032944,0.026764
0.018768,0.019806,0.011292,0.011581,0.027985,0.03244
0.016571,0.016052,0.0020752,0.0032806,0.017349,0.028488
0.014236,0.0027924,-0.0097198,-0.0011139,0.0063019,0.011246
0.0038147,-0.008316,-0.014984,-0.0015717,-0.00079346,-0.0016022
-0.0072784,-0.013901,-0.015305,-0.0040894,-0.0025177,-0.0031128
-0.0092926,-0.016113,-0.01532,-0.0078888,-0.0037842,-0.0042419
-0.0058594,-0.016479,-0.012253,-0.0083771,-0.005249,-0.0057526
-0.0061188,-0.010544,-0.010208,-0.0059357,-0.0069733,-0.0032043
-0.0041504,-0.0014648,-0.0064697,-0.0023346,-0.0068817,-0.0014038
0.0053864,0.0020752,0.00079346,0.0022888,-0.0014496,0.0015717
0.013596,0.0021973,0.0058289,0.0081177,0.0070038,0.0087738
0.015244,0.0044556,0.0083618,0.011581,0.013306,0.01561
0.012207,0.011185,0.009903,0.011215,0.012756,0.01825
0.0076447,0.015961,0.012634,0.0094299,0.011002,0.012207
0.0052185,0.013504,0.013702,0.010574,0.011032,0.0031281
0.0053711,0.01091,0.013626,0.01622,0.0093536,-0.00059509
0.0027313,0.010834,0.016861,0.018417,0.0094299,-0.0013733
-0.004715,0.011093,0.019272,0.014816,0.011414,-0.0010681
-0.0074158,0.011383,0.019806,0.012985,0.011612,-0.0018311
-0.0009613,0.011856,0.020889,0.01355,0.009552,-0.0040131
0.0047607,0.012665,0.020386,0.012665,0.006012,3.0518e-05
0.0036774,0.011734,0.016922,0.011871,0.0058289,0.0095978
0.0042114,0.0086365,0.014542,0.012985,0.010132,0.012802
0.010208,0.0047913,0.015488,0.014206,0.01207,0.011688
0.013763,0.0033569,0.013733,0.012268,0.014648,0.013992
0.013245,0.0059204,0.0071411,0.0072174,0.019257,0.015442
0.010361,0.0080719,0.0014343,0.0016022,0.014999,0.017014
0.010315,0.006134,-0.0020599,-0.0056,0.0066071,0.019608
0.01564,0.00018311,-0.0085449,-0.010483,0.0046234,0.016479
0.013031,-0.0056763,-0.019073,-0.010025,0.0040436,0.0076294
0.0011292,-0.010864,-0.024948,-0.011185,-0.0015869,-0.00064087
-0.0071716,-0.017105,-0.02388,-0.016815,-0.0097351,-0.0052643
-0.010727,-0.020584,-0.022461,-0.022003,-0.015778,-0.011307
-0.015396,-0.021637,-0.02301,-0.02301,-0.022446,-0.019241
-0.023285,-0.020981,-0.025665,-0.023087,-0.029633,-0.024521
-0.028748,-0.022247,-0.025742,-0.025818,-0.03096,-0.028366
-0.028992,-0.026077,-0.022949,-0.028839,-0.029602,-0.031967
-0.028946,-0.022537,-0.024689,-0.030472,-0.033798,-0.033432
-0.026855,-0.016434,-0.027756,-0.031586,-0.038727,-0.032898
-0.023102,-0.015274,-0.02713,-0.027817,-0.038605,-0.032608
-0.020691,-0.014038,-0.019058,-0.015945,-0.033615,-0.031738
-0.014954,-0.0097961,-0.0036926,-0.0023499,-0.018539,-0.025177
-0.0090637,-0.00042725,0.0087585,0.0076294,-0.0019073,-0.010483
-0.0044403,0.011307,0.019882,0.015594,0.0055389,0.0030823
0.007019,0.022568,0.036011,0.025497,0.0099792,0.0081635
0.019897,0.034607,0.045685,0.031967,0.01532,0.010468
0.026047,0.04126,0.039688,0.029266,0.02182,0.016693
0.028717,0.037643,0.027222,0.024597,0.026794,0.024612
0.030609,0.026108,0.016998,0.021179,0.02713,0.029343
0.031189,0.01535,0.013489,0.017776,0.024841,0.03392
0.030426,0.013626,0.013351,0.015533,0.02359,0.035461
0.028015,0.015137,0.0080261,0.015121,0.024017,0.029205
0.020523,0.0093842,0.0049744,0.015488,0.023651,0.023361
0.0092163,-0.0015411,0.0061798,0.012802,0.021835,0.019119
9.1553e-05,-0.0079498,0.0039978,0.0062561,0.016205,0.013138
-0.0069427,-0.0098419,-0.00088501,-0.0015869,0.005188,0.0060883
-0.014267,-0.012589,-0.011612,-0.011002,-0.0083466,-0.0061493
-0.022415,-0.019455,-0.026581,-0.021378,-0.020401,-0.022202
-0.030701,-0.031052,-0.039246,-0.028732,-0.028351,-0.0336
-0.035202,-0.041351,-0.050262,-0.031219,-0.033539,-0.038025
-0.034622,-0.046906,-0.053787,-0.034073,-0.033386,-0.039078
-0.035049,-0.046234,-0.046555,-0.042419,-0.029007,-0.035248
-0.03447,-0.037186,-0.039383,-0.045593,-0.031479,-0.024719
-0.025116,-0.024811,-0.037613,-0.036804,-0.037689,-0.017349
-0.016678,-0.018661,-0.034225,-0.029144,-0.038696,-0.02092
-0.019104,-0.02182,-0.025024,-0.027115,-0.0392,-0.027863
-0.023529,-0.022278,-0.014542,-0.018188,-0.038208,-0.030853
-0.022568,-0.011963,-0.002243,0.0020142,-0.026886,-0.033295
-0.017471,0.00093079,0.014618,0.018814,-0.0083618,-0.02948
-0.010544,0.01181,0.030243,0.024017,0.0052032,-0.012192
0.0018158,0.023621,0.039413,0.027634,0.011047,0.0044098
0.021698,0.038147,0.043152,0.033188,0.020645,0.015198
0.038849,0.050339,0.044159,0.036514,0.034866,0.029678
0.046387,0.052933,0.04361,0.04216,0.043396,0.041061
0.044601,0.046539,0.046143,0.050293,0.048065,0.042557
0.037231,0.037903,0.050705,0.050018,0.051147,0.04184
0.030579,0.031052,0.046097,0.042236,0.046021,0.041077
0.025146,0.023483,0.032867,0.036133,0.034882,0.0354
0.019974,0.015884,0.023041,0.03331,0.031052,0.024887
0.015427,0.0097351,0.021011,0.028412,0.035889,0.016953
0.0099335,0.0026398,0.018982,0.016312,0.032562,0.016479
0.0034943,-0.0011139,0.0074463,0.0048523,0.016693,0.019516
0.0053253,-0.00018311,-0.0077667,-0.0030365,0.005127,0.01915
0.016144,-0.0030823,-0.015457,-0.013931,0.0011139,0.013397
0.019196,-0.0079651,-0.019867,-0.021347,-0.0025635,0.010498
0.010101,-0.0083313,-0.027512,-0.021301,-0.0016785,0.010925
-0.00090027,-0.010849,-0.028839,-0.02034,-0.00018311,0.0042114
-0.0073547,-0.015961,-0.01886,-0.022858,-0.0091705,-0.0070953
-0.0084839,-0.01091,-0.013245,-0.028564,-0.023163,-0.013123
-0.0041656,0.00039673,-0.018784,-0.030579,-0.02626,-0.014313
-0.00082397,0.0018005,-0.022736,-0.026093,-0.020813,-0.015701
-0.0063324,-0.0032806,-0.017578,-0.019653,-0.020706,-0.017899
-0.013123,-0.0046539,-0.0080261,-0.014389,-0.022217,-0.020859
-0.011932,-0.0021667,-0.00019836,-0.010223,-0.017487,-0.020462
-0.0043945,0.0030518,0.0066528,-0.0023956,-0.0095367,-0.013336
0.00019836,0.0081177,0.013565,0.010422,-0.00082397,-0.003891
-0.0007019,0.009491,0.016495,0.020203,0.010162,0.0051727
0.00073242,0.006897,0.019104,0.024017,0.02121,0.010696
0.0055237,0.0068207,0.026947,0.027618,0.026688,0.01152
0.0096893,0.014542,0.034592,0.031967,0.026459,0.013687
0.010437,0.020676,0.034943,0.034103,0.026535,0.020218
0.013153,0.018112,0.030167,0.035278,0.031448,0.025375
0.020691,0.014359,0.028046,0.033966,0.037247,0.027115
0.021255,0.014343,0.026382,0.028305,0.03598,0.028214
0.014771,0.013428,0.022964,0.024155,0.029617,0.025116
0.012527,0.010284,0.022263,0.021561,0.025116,0.018234
0.013962,0.0079651,0.016663,0.012497,0.020233,0.013504
0.012802,0.0056152,-0.00018311,-0.004425,0.011307,0.012314
0.0065002,0.00062561,-0.017075,-0.018234,0.0012207,0.010559
-0.003479,-0.010193,-0.022705,-0.022919,-0.0091553,0.0023499
-0.011963,-0.021698,-0.023575,-0.026672,-0.01973,-0.011078
-0.015823,-0.02478,-0.028732,-0.032867,-0.027313,-0.022583
-0.01973,-0.025497,-0.034256,-0.037918,-0.03035,-0.028229
-0.02832,-0.030182,-0.038086,-0.038681,-0.03038,-0.028259
-0.03331,-0.031998,-0.038971,-0.035492,-0.029739,-0.027786
-0.027618,-0.026474,-0.033081,-0.033783,-0.029785,-0.030548
-0.019913,-0.017303,-0.025513,-0.033401,-0.029938,-0.03038
-0.013382,-0.0070648,-0.021286,-0.02803,-0.028046,-0.02327
-0.0024872,0.0030975,-0.015594,-0.018326,-0.023743,-0.015076
0.0094604,0.011383,-0.0050049,-0.011642,-0.017792,-0.0092163
0.017029,0.017975,0.0057831,-0.0045929,-0.011047,-0.0011139
0.020844,0.02327,0.01619,0.0086975,-0.0004425,0.010239
0.026276,0.02861,0.029663,0.023682,0.017212,0.020325
0.033279,0.037445,0.044373,0.038483,0.03241,0.027985
0.038986,0.049591,0.05867,0.048599,0.039948,0.034821
0.045715,0.057892,0.069,0.050171,0.046783,0.043198
0.049606,0.059189,0.069016,0.051117,0.051758,0.051743
0.050659,0.054932,0.060852,0.054077,0.053879,0.054535
0.050217,0.04422,0.050446,0.052628,0.05661,0.049271
0.039246,0.032669,0.042816,0.044022,0.05278,0.040344
0.022369,0.023468,0.035995,0.031509,0.041214,0.032364
0.011887,0.0095978,0.021652,0.018921,0.031235,0.02417
0.0025482,-0.0073853,0.0033875,0.0054016,0.021317,0.013535
-0.011017,-0.018982,-0.012924,-0.01001,0.0073242,0.0022583
-0.018921,-0.026947,-0.027771,-0.023911,-0.0079498,-0.0072174
-0.022049,-0.035095,-0.042343,-0.03653,-0.02005,-0.015381
-0.029556,-0.042664,-0.05423,-0.048248,-0.028168,-0.023178
-0.033524,-0.047455,-0.056992,-0.055145,-0.036148,-0.02948
-0.030655,-0.045441,-0.057419,-0.059387,-0.046661,-0.033966
-0.028824,-0.040161,-0.06015,-0.057526,-0.054977,-0.035538
-0.029617,-0.038345,-0.054596,-0.040604,-0.04837,-0.035233
-0.031387,-0.035721,-0.035202,-0.019608,-0.029785,-0.036621
-0.031097,-0.023026,-0.0063782,-0.011887,-0.018875,-0.035873
-0.023972,-0.0030823,0.013718,-0.013351,-0.020142,-0.027878
-0.009613,0.012558,0.01239,-0.010529,-0.02417,-0.014679
0.0046692,0.018692,0.0046082,-0.0059357,-0.022125,-0.0048523
0.010544,0.018311,0.0050964,-0.0038605,-0.01358,-0.0041046
0.0063171,0.01651,0.011627,0.0041504,-0.0031891,-0.0072327
0.0020599,0.013687,0.018036,0.020035,0.010208,-0.0060272
0.0076447,0.013916,0.02359,0.032501,0.025742,0.0043488
0.018524,0.021423,0.033661,0.033127,0.035751,0.020889
0.025269,0.031097,0.043564,0.032364,0.037857,0.034958
0.026413,0.037064,0.047272,0.039673,0.036514,0.040192
0.027069,0.0354,0.051773,0.046646,0.036316,0.035355
0.024643,0.030182,0.052628,0.048889,0.039413,0.02655
0.01828,0.023422,0.045364,0.047333,0.040039,0.021271
0.015579,0.012283,0.037689,0.040726,0.036942,0.020325
0.013168,0.0076447,0.028381,0.028656,0.034698,0.023865
0.010818,0.0095978,0.016418,0.014206,0.031113,0.029633
0.014725,0.0062103,0.0036621,0.005249,0.027405,0.029129
0.017197,0.0007019,-0.0052643,-0.00024414,0.024292,0.022964
0.013657,-0.0036469,-0.010117,-0.011887,0.017014,0.019455
0.012115,-0.0059814,-0.022141,-0.026886,0.0029907,0.018616
0.012405,-0.006424,-0.034775,-0.038452,-0.012604,0.013855
0.0052795,-0.011673,-0.037277,-0.046539,-0.021637,0.0017853
-0.0093079,-0.019623,-0.038528,-0.047241,-0.027496,-0.01178
-0.017883,-0.022812,-0.040283,-0.040207,-0.034775,-0.0233
-0.017044,-0.019913,-0.034576,-0.036499,-0.03801,-0.035156
-0.017715,-0.013763,-0.024384,-0.039658,-0.038574,-0.040482
-0.019806,-0.010193,-0.019943,-0.040817,-0.04068,-0.034332
-0.018158,-0.0092316,-0.024658,-0.035172,-0.038132,-0.023987
-0.014191,-0.0098572,-0.029587,-0.026672,-0.03125,-0.017776
-0.013199,-0.016068,-0.025162,-0.017151,-0.02565,-0.021301
-0.019211,-0.023529,-0.01413,-0.0063629,-0.020386,-0.028854
-0.027267,-0.022873,-0.001236,0.00354,-0.01564,-0.028198
-0.027863,-0.013321,0.010391,0.011612,-0.0097961,-0.018631
-0.017487,-0.0023346,0.01651,0.015167,0.00010681,-0.0079498
-0.0062256,0.005188,0.018906,0.014786,0.0084229,-0.0015259
-0.00042725,0.0096588,0.020264,0.015717,0.0090637,0.0043182
0.0069122,0.012009,0.018829,0.019226,0.0079498,0.010803
0.01442,0.012009,0.017242,0.022263,0.01178,0.010483
0.014343,0.0077515,0.017471,0.019638,0.014938,0.0075226
0.0081177,0.0036316,0.014297,0.012833,0.012161,0.010498
0.0024109,0.0028839,0.0083771,0.0080414,0.0093994,0.01387
-0.0011597,-0.00068665,0.0017395,0.0063171,0.008728,0.01033
-0.0063019,-0.0096741,-0.0062714,0.0032043,0.0056915,-0.0014343
-0.014053,-0.020905,-0.012283,-0.0045319,0.0004425,-0.013428
-0.022675,-0.027145,-0.018967,-0.013626,-0.0061798,-0.014801
-0.028458,-0.026245,-0.02948,-0.021347,-0.011459,-0.012695
-0.026779,-0.027267,-0.039536,-0.0298,-0.017914,-0.015976
-0.021729,-0.032288,-0.044495,-0.038712,-0.027496,-0.019501
-0.020889,-0.033646,-0.041977,-0.039322,-0.031693,-0.022125
-0.02211,-0.028885,-0.037369,-0.029831,-0.030975,-0.024826
-0.019226,-0.021347,-0.0345,-0.024918,-0.028122,-0.024643
-0.011444,-0.011505,-0.029327,-0.030457,-0.024734,-0.020828
-0.0017242,-0.0020294,-0.024048,-0.032455,-0.026382,-0.014389
0.0055237,0.0037994,-0.018951,-0.022018,-0.026993,-0.0093231
0.0068054,0.0089569,-0.0061188,-0.0084076,-0.019623,-0.0058441
0.0061035,0.01445,0.011398,0.00056458,-0.0091248,-0.0016785
0.012741,0.020111,0.020065,0.0069275,-0.003479,0.0029144
0.025513,0.025436,0.019958,0.013489,-0.0011139,0.011368
0.031174,0.029388,0.024033,0.021088,0.0094604,0.021576
0.026642,0.030579,0.033936,0.031113,0.026688,0.026581
0.021851,0.028259,0.043549,0.044998,0.037445,0.026093
0.021729,0.027802,0.050903,0.055176,0.040771,0.026062
0.025726,0.030548,0.052094,0.052811,0.042679,0.029007
0.029236,0.032608,0.043167,0.042786,0.043121,0.031494
0.026306,0.028915,0.030533,0.03392,0.039352,0.032913
0.020462,0.017471,0.021774,0.026886,0.031891,0.030396
0.012253,0.0058136,0.013107,0.019394,0.024521,0.020172
-1.5259e-05,-0.0054169,0.0031891,0.011246,0.017014,0.0058746
-0.0098572,-0.01683,-0.0053253,0.0024719,0.007019,-0.0034943
-0.016418,-0.020874,-0.01236,-0.0066223,-0.0012512,-0.0052185
-0.018494,-0.020599,-0.015533,-0.012573,-0.0051422,-0.0059662
-0.016571,-0.020218,-0.015869,-0.01358,-0.0075226,-0.0082092
-0.017288,-0.018051,-0.017044,-0.01503,-0.0097656,-0.011627
-0.016342,-0.015808,-0.020279,-0.018387,-0.012756,-0.014816
-0.0089874,-0.012375,-0.022858,-0.021637,-0.015564,-0.014725
-0.0025177,-0.0077057,-0.022202,-0.026215,-0.01738,-0.0121
-0.0048676,-0.0059662,-0.021927,-0.031372,-0.021423,-0.010406
-0.010681,-0.0071564,-0.023483,-0.032684,-0.026367,-0.013641
-0.011414,-0.0088196,-0.022705,-0.026138,-0.028275,-0.01857
-0.0089417,-0.0070038,-0.017227,-0.016434,-0.02594,-0.019928
-0.0063629,-0.0026855,-0.011475,-0.009613,-0.016769,-0.021591
-0.0064545,-0.0020599,-0.0050354,-0.005188,-0.0045319,-0.020645
-0.0090179,-0.0023346,0.0036011,-0.0031281,0.00086975,-0.0079498
-0.0069733,0.0013123,0.0076904,-0.00042725,-0.0029144,0.0079803
0.0014038,0.0062561,0.0082245,0.0061951,-0.0062714,0.010651
0.0076904,0.0080261,0.0099487,0.013321,-0.0010681,0.00047302
0.0059509,0.0055237,0.014191,0.020676,0.0066223,-0.0074768
0.00090027,0.0032806,0.022064,0.031265,0.012283,-0.0032501
-0.0019379,0.006958,0.034592,0.039307,0.021149,0.0056
-0.00082397,0.013977,0.045868,0.038528,0.031342,0.0098724
0.0046234,0.018402,0.042862,0.031174,0.032028,0.014908
0.012863,0.02037,0.028381,0.022949,0.024551,0.023666
0.02005,0.020187,0.015106,0.015289,0.019913,0.025253
0.019974,0.014008,0.0048828,0.0076294,0.018036,0.018585
0.013077,0.0011597,-0.0039673,0.0031586,0.017319,0.015259
0.0066376,-0.0095673,-0.0103,-0.00067139,0.017532,0.014801
0.0039368,-0.012665,-0.011047,-0.0054932,0.014816,0.014313
0.0028076,-0.010666,-0.0096588,-0.008255,0.0092926,0.015045
0.0015717,-0.0035553,-0.012161,-0.011658,0.0011139,0.011276
0.0053101,0.002594,-0.013336,-0.017868,-0.0065613,0.0030212
0.0089417,0.0013885,-0.012283,-0.024307,-0.012466,-0.0028687
0.0014191,-0.0024261,-0.016739,-0.026703,-0.019012,-0.007431
-0.0075531,-0.0045624,-0.023636,-0.025375,-0.023041,-0.015686
-0.011703,-0.0088959,-0.025085,-0.025497,-0.027649,-0.024307
-0.016617,-0.017685,-0.021255,-0.027084,-0.031693,-0.025879
-0.018539,-0.02002,-0.016235,-0.020844,-0.025864,-0.023438
-0.014404,-0.012344,-0.011826,-0.0072784,-0.015076,-0.01973
-0.0075836,-0.005188,-0.0073242,-0.0028076,-0.0063324,-0.010818
-0.0039825,-0.00091553,-0.0037079,-0.0082703,-0.0019531,-0.0012207
-0.0038452,0.0026093,-0.00028992,-0.0068359,-0.0053253,0.0028534
-0.0011902,0.0054169,0.0055389,0.0030518,-0.0091095,0.00053406
0.0015411,0.0063934,0.0093231,0.0090027,-0.0062103,-0.0060577
0.0021973,0.0052948,0.0096741,0.010925,-0.00019836,-0.01001
0.0031128,0.0041962,0.012527,0.01355,0.0050049,-0.0060425
0.0016479,0.0044098,0.015305,0.014191,0.0062866,0.0024414
-0.0011597,0.0058594,0.016083,0.01387,0.0084686,0.0059814
-0.0011444,0.0057373,0.015244,0.016251,0.012283,0.0039063
0.0021057,0.0023651,0.010559,0.018967,0.011169,0.0052643
0.007019,-0.0016785,0.0078278,0.017471,0.011139,0.010574
0.0069427,-0.0029297,0.0096588,0.013962,0.012756,0.011871
-0.0018158,-0.0013123,0.011627,0.012589,0.010483,0.0060272
-0.011627,-0.0015411,0.010132,0.010269,0.0080566,-0.00099182
-0.013443,-0.0060272,0.0037994,0.0041199,0.0071411,-0.004425
-0.009201,-0.0083771,-0.0054016,-0.002594,0.0046387,-0.0064697
-0.0071716,-0.004837,-0.014359,-0.0083466,-0.0010376,-0.0072784
-0.0059357,-0.0054474,-0.021957,-0.01651,-0.0068665,-0.0063171
-0.0062408,-0.016205,-0.029861,-0.026886,-0.012527,-0.0055084
-0.010666,-0.02594,-0.034592,-0.032822,-0.019501,-0.0068817
-0.012909,-0.023743,-0.031967,-0.028702,-0.022491,-0.010941
-0.013794,-0.016922,-0.025955,-0.02005,-0.018997,-0.013962
-0.01413,-0.014526,-0.019119,-0.016098,-0.015625,-0.013611
-0.0083923,-0.0088348,-0.011642,-0.015808,-0.016251,-0.010635
0.0024567,0.0028992,-0.004837,-0.012772,-0.014435,-0.0058899
0.007782,0.0099487,-0.00019836,-0.0062714,-0.0069885,-0.0015259
0.0033112,0.0088654,0.00086975,-0.0014648,0.00076294,0.00094604
0.00177,0.0056305,0.001236,0.0017395,0.0034485,0.0030823
0.0072784,0.005188,0.0042419,0.0057068,0.00094604,0.007019
0.013275,0.0090637,0.010025,0.0095367,0.0023346,0.012878
0.017792,0.015289,0.016068,0.013184,0.010208,0.016342
0.018387,0.018555,0.02005,0.017044,0.014969,0.013687
0.014328,0.017212,0.022141,0.02066,0.012695,0.0097046
0.0089111,0.014145,0.019943,0.021088,0.0089874,0.0066986
0.0074768,0.0089111,0.013931,0.018448,0.0091705,0.0029755
0.0078583,0.0027466,0.0092468,0.014618,0.010178,0.0058136
0.005722,0.0010223,0.0084534,0.010391,0.0096283,0.013657
0.0017395,0.0011902,0.0097961,0.0077057,0.011475,0.011963
-0.003891,-0.00073242,0.0081635,0.0071259,0.012253,0.0045624
-0.0065308,-0.0019379,0.0040741,0.0063324,0.005722,0.00050354
-0.0052338,-0.0016327,0.00068665,0.0019531,-0.0032196,-0.004425
-0.0044403,-0.0014954,-0.0028687,-0.0047455,-0.0076752,-0.010849
-0.0071106,-0.0033112,-0.0054779,-0.0090027,-0.009613,-0.015244
-0.013336,-0.0064697,-0.0075531,-0.01152,-0.011719,-0.015427
-0.016922,-0.0095978,-0.01416,-0.018814,-0.01384,-0.014145
-0.015625,-0.014572,-0.02626,-0.028381,-0.018814,-0.015381
-0.013535,-0.020889,-0.036102,-0.033417,-0.027069,-0.017059
-0.013458,-0.025116,-0.040558,-0.036575,-0.032623,-0.019165
-0.017944,-0.027023,-0.041916,-0.039566,-0.033569,-0.024948
-0.026855,-0.030884,-0.040421,-0.038025,-0.036392,-0.031143
-0.034363,-0.036392,-0.040436,-0.032104,-0.041351,-0.032578
-0.036606,-0.039993,-0.042084,-0.030319,-0.041,-0.033813
-0.037079,-0.040512,-0.039795,-0.029022,-0.038254,-0.040466
-0.039886,-0.036682,-0.031403,-0.016708,-0.035751,-0.04306
-0.041428,-0.031387,-0.018707,0.00015259,-0.026108,-0.036819
-0.035263,-0.027115,-0.0050812,0.0083771,-0.012085,-0.03157
-0.026276,-0.020645,0.0040131,0.0037384,-0.0063629,-0.023422
-0.021149,-0.0089417,0.00047302,-0.0046997,-0.009491,-0.0083008
-0.013275,0.0021362,-0.0083771,-0.0056,-0.01033,-1.5259e-05
-0.0032501,0.00090027,-0.006424,0.0016174,-0.0089264,-0.0046387
-0.0035706,-0.008728,-0.0011139,0.010498,-0.0083313,-0.011292
-0.009552,-0.013763,-0.0042419,0.014771,0.00013733,-0.0084076
-0.0072327,-0.013672,-0.0055542,0.014648,0.014618,0.0030823
0.0010681,-0.010834,-0.0010376,0.01152,0.02121,0.013138
0.0084076,-0.0021667,0.00047302,0.005127,0.013931,0.019073
0.015121,0.010406,-0.001358,-0.00177,0.0019073,0.022888
0.020721,0.017593,-0.004364,-0.0045776,-0.0033722,0.019882
0.021011,0.014038,-0.0039978,0.0016632,-0.0054321,0.009964
0.014679,0.0053558,0.0046387,0.015945,-0.0037384,-0.0015106
0.0047607,0.0019379,0.01442,0.023514,0.0050354,-0.0089111
-0.0014038,0.0083466,0.019363,0.013184,0.0097961,-0.0037842
0.0020294,0.017426,0.018555,-0.0012817,0.0057068,0.0098572
0.010788,0.021347,0.0099945,0.00010681,0.0016937,0.016083
0.015991,0.017426,0.00050354,0.0090179,0.0037689,0.010941
0.011566,0.0048523,-0.0057068,0.0049133,0.0069275,0.0049286
0.00016785,-0.01001,-0.012558,-0.0053558,0.0036316,0.0011292
-0.011139,-0.018295,-0.018921,-0.0065002,-0.004776,-0.0046234
-0.018158,-0.019821,-0.020493,-0.0062561,-0.012207,-0.0099182
-0.01796,-0.019379,-0.01741,-0.012665,-0.016785,-0.014511
-0.014755,-0.015778,-0.015152,-0.015686,-0.018265,-0.017242
-0.012833,-0.010818,-0.01387,-0.010208,-0.017136,-0.015594
-0.011032,-0.010086,-0.011551,-0.0057983,-0.016388,-0.013611
-0.012207,-0.010422,-0.010361,-0.007019,-0.014603,-0.013367
-0.014786,-0.0081787,-0.010818,-0.0091553,-0.012085,-0.012833
-0.012405,-0.0079041,-0.012283,-0.0050201,-0.012589,-0.012054
-0.0080719,-0.012405,-0.0093231,0.0071564,-0.010803,-0.012024
-0.0069885,-0.012604,0.0018311,0.018463,-0.00091553,-0.0081329
-0.0057068,-0.0045776,0.014465,0.021484,0.011902,0.0014496
-0.0015106,0.0031128,0.021118,0.019989,0.017746,0.0093689
0.0056,0.0094757,0.020233,0.019531,0.015427,0.012711
0.016006,0.01915,0.017197,0.019211,0.010986,0.014908
0.021667,0.027817,0.0177,0.015442,0.008316,0.015289
0.017654,0.028091,0.019867,0.01123,0.010208,0.011398
0.013412,0.021362,0.020355,0.014221,0.012344,0.0071259
0.014328,0.01445,0.017654,0.01825,0.0093536,0.0056915
0.014114,0.011444,0.011917,0.013199,0.0075531,0.0080109
0.011887,0.010681,0.008728,0.0045929,0.011139,0.013504
0.012955,0.010757,0.0086365,0.0021362,0.012833,0.016418
0.015182,0.011917,0.0061951,0.0066681,0.0091705,0.014938
0.011948,0.007019,0.0027771,0.011246,0.0087128,0.01149
0.0021667,-0.0028534,0.0031281,0.012207,0.014084,0.0072479
-0.0052032,-0.005722,0.0051117,0.0090637,0.015564,0.0032654
-0.0042267,0.00085449,0.0026703,0.0015106,0.009079,0.0020752
0.0014343,0.0093689,0.00073242,-0.004715,0.00050354,0.0035858
0.0054626,0.011124,0.0048676,-0.0046844,-0.0034485,0.0020752
0.0027618,0.0075378,0.0037842,-0.0026245,-0.0025024,-0.0018768
0.001236,0.00027466,-0.006958,-0.0064087,-0.00083923,-0.0014648
0.0076141,-0.0090332,-0.016602,-0.011765,-0.0011139,0.0038452
0.010437,-0.0093689,-0.01767,-0.0099792,-0.0034943,0.010635
0.0043182,-0.0024719,-0.0074921,-0.0048218,-0.0024109,0.013489
0.0025482,0.0031128,0.0063934,0.0019684,0.0048523,0.0097809
0.009491,0.0083313,0.014114,0.012085,0.0092468,0.0062256
0.014984,0.013611,0.017288,0.018585,0.0085144,0.0075226
0.014725,0.018433,0.021484,0.016647,0.0093536,0.009201
0.01033,0.023071,0.025681,0.01236,0.011444,0.0075073
0.0092926,0.02536,0.025269,0.013779,0.012177,0.0055084
0.014297,0.021912,0.024933,0.021072,0.012512,0.0074005
0.01622,0.015778,0.028839,0.027679,0.017761,0.012924
0.014618,0.018341,0.033478,0.028519,0.026291,0.018326
0.018723,0.030396,0.03653,0.025696,0.028976,0.022781
0.031784,0.036621,0.032623,0.021286,0.025391,0.027573
0.041245,0.032471,0.020432,0.014038,0.02037,0.028122
0.03215,0.024338,0.010132,0.0081482,0.018097,0.022339
0.012177,0.01059,0.0056,0.006958,0.01738,0.012726
-0.00054932,-0.0040436,0.0013275,0.0050201,0.01329,0.0045624
-0.0050964,-0.009491,-0.0039978,-0.0030823,0.0051422,0.0017853
-0.010056,-0.0094604,-0.0068512,-0.014877,-0.0043945,-0.0018005
-0.01503,-0.010422,-0.0094299,-0.02243,-0.010681,-0.008606
-0.015884,-0.01236,-0.017822,-0.022842,-0.016388,-0.016403
-0.014221,-0.01741,-0.025574,-0.021759,-0.024048,-0.020828
-0.018326,-0.026459,-0.027267,-0.023819,-0.024811,-0.021988
-0.03125,-0.032669,-0.028,-0.025879,-0.018936,-0.027084
-0.040665,-0.032837,-0.027618,-0.024094,-0.016373,-0.030823
-0.036987,-0.031433,-0.030075,-0.022736,-0.019226,-0.027725
-0.027039,-0.033524,-0.036346,-0.025452,-0.022995,-0.020523
-0.02034,-0.036743,-0.038818,-0.02742,-0.023361,-0.013397
-0.018021,-0.031586,-0.037918,-0.023117,-0.017838,-0.011871
-0.015945,-0.022095,-0.030853,-0.015182,-0.0078888,-0.01384
-0.012466,-0.018463,-0.01474,-0.00914,-0.0029144,-0.012985
-0.0071564,-0.013763,-0.0013885,-0.0065155,-0.0053558,-0.0050049
0.0012207,0.0022583,0.0010834,-0.0042572,-0.0061493,0.0085297
0.013733,0.020813,0.0051117,0.0020905,-0.0039063,0.014252
0.027679,0.027328,0.02002,0.012451,0.00038147,0.0090027
0.032883,0.029755,0.033752,0.026733,0.010956,0.0092621
0.030975,0.036957,0.041763,0.037598,0.025833,0.019562
0.031143,0.040573,0.048172,0.035614,0.034668,0.027939
0.03093,0.042099,0.049438,0.028183,0.030838,0.029449
0.030121,0.045334,0.046387,0.024902,0.020996,0.027863
0.029358,0.041641,0.03772,0.024155,0.01535,0.02301
0.023422,0.02681,0.022293,0.021866,0.016479,0.01355
0.010406,0.0072327,0.0097046,0.017654,0.02037,0.0050964
-0.0028076,-0.0063324,0.0043182,0.011826,0.019592,0.0020142
-0.0077057,-0.011368,0.0011139,0.0037994,0.013794,0.0028076
-0.0083008,-0.011963,-0.004715,-0.0074463,0.0084381,0.005188
-0.0103,-0.010208,-0.013596,-0.017532,0.0020447,0.0049286
-0.011612,-0.012497,-0.024231,-0.020493,-0.0079956,-0.0019989
-0.014603,-0.024292,-0.033829,-0.021683,-0.019592,-0.014694
-0.024033,-0.036316,-0.037735,-0.027466,-0.028961,-0.028488
-0.033295,-0.036209,-0.037231,-0.032227,-0.032913,-0.035995
-0.033859,-0.030197,-0.032776,-0.02829,-0.029602,-0.03302
-0.027908,-0.02771,-0.021393,-0.021088,-0.019104,-0.022934
-0.021469,-0.022705,-0.012543,-0.014832,-0.0074615,-0.0121
-0.014435,-0.011276,-0.011978,-0.0062408,-0.0021667,-0.0045929
-0.0033417,-0.0019379,-0.011154,-0.00015259,-0.0013123,0.0011444
0.0049896,0.00012207,-0.0089874,-0.0011292,-0.0014954,0.0031128
0.0075836,0.0019989,-0.0036163,-0.0052338,-0.0056305,-0.00074768
0.011307,0.0087128,0.0065765,-0.0041199,-0.0073547,0.00038147
0.013092,0.015442,0.013351,0.0027618,-0.0027466,0.0082703
0.012787,0.017639,0.015579,0.0069122,-0.00036621,0.0096283
0.014664,0.01564,0.014206,0.0069275,-0.00015259,0.0050354
0.016373,0.014954,0.012756,0.0057068,0.0002594,0.0054169
0.016891,0.017441,0.016052,0.0040741,0.00016785,0.0096588
0.010849,0.018341,0.016739,0.0053711,0.0019073,0.0080872
0.00048828,0.013458,0.014069,0.012054,0.0050964,0.0021362
-0.0028687,0.0020599,0.012665,0.018677,0.0079956,-0.0010376
-0.0031738,-0.0067596,0.0095367,0.019287,0.0079651,-0.0045166
-0.0060883,-0.0078278,0.006958,0.014328,0.0054779,-0.0075836
-0.0094757,-0.0070953,0.0030518,0.0067902,0.0033722,-0.0061188
-0.013123,-0.0088806,-0.0042877,-0.0012665,0,-0.0044403
-0.017242,-0.012314,-0.0084229,-0.010941,-0.0047302,-0.0072327
-0.021255,-0.011749,-0.01561,-0.018509,-0.0085449,-0.012848
-0.022125,-0.013351,-0.027206,-0.019302,-0.013596,-0.019897
-0.019165,-0.022568,-0.031143,-0.020309,-0.020218,-0.02626
-0.016907,-0.027374,-0.027252,-0.024109,-0.0233,-0.022675
-0.015518,-0.024826,-0.023117,-0.023102,-0.019852,-0.0097809
-0.012375,-0.0215,-0.023651,-0.016327,-0.010101,-0.0007019
-0.0087738,-0.019135,-0.023254,-0.0084839,-0.0024261,-0.00059509
-0.0044403,-0.015244,-0.015869,-0.0014343,-0.0013885,-0.0024109
0.0021515,-0.0079193,-0.008728,0.00074768,0.0005188,0.0016937
0.0081329,0.0015259,-0.0061646,-0.0042725,0.0034027,0.0077057
0.010284,0.0092621,-0.0027924,-0.0049286,0.0035095,0.010666
0.0091858,0.012527,0.0076904,0.0049591,0.0046082,0.012253
0.010941,0.017853,0.02327,0.016556,0.0094757,0.011368
0.021667,0.027908,0.033722,0.02446,0.0159,0.012314
0.035889,0.036163,0.033676,0.028152,0.023697,0.023499
0.043777,0.038681,0.027924,0.027344,0.030548,0.039169
0.044266,0.035538,0.023514,0.021881,0.030731,0.044098
0.038818,0.031235,0.021637,0.016754,0.027832,0.035065
0.028351,0.025711,0.020416,0.017105,0.023621,0.023438
0.015701,0.015625,0.020691,0.020676,0.016693,0.013809
0.0040131,0.0080109,0.024155,0.02179,0.011505,0.0055389
-0.0035095,0.0078278,0.025574,0.01474,0.0071259,-0.00018311
-0.0092468,0.0083923,0.01796,0.0037689,-0.00080872,-0.0088196
-0.015228,0.0035553,0.0054169,-0.0038147,-0.012497,-0.019958
-0.019806,-0.0078125,-0.0027618,-0.0073853,-0.020218,-0.026077
-0.023605,-0.019562,-0.0054016,-0.0067444,-0.016144,-0.024353
-0.025558,-0.024384,-0.0095825,-0.0063019,-0.0059814,-0.018448
-0.025284,-0.023148,-0.016434,-0.0077362,-0.00033569,-0.014343
-0.023575,-0.021347,-0.019211,-0.0084686,-0.0013428,-0.01123
-0.021225,-0.023407,-0.020889,-0.012909,-0.0050964,-0.0089569
-0.019424,-0.025818,-0.027618,-0.02034,-0.0091095,-0.011261
-0.015488,-0.026855,-0.035339,-0.023254,-0.012756,-0.013702
-0.013367,-0.02951,-0.039139,-0.021591,-0.014496,-0.011887
-0.01622,-0.030975,-0.035492,-0.021179,-0.014313,-0.0095062
-0.015488,-0.025238,-0.027588,-0.02475,-0.013672,-0.0081635
-0.0069275,-0.010529,-0.019974,-0.025436,-0.014679,-0.006485
0.0067291,0.0042572,-0.0076904,-0.015594,-0.014755,0.00038147
0.018326,0.014771,0.0072327,-0.00013733,-0.0071869,0.01088
0.025604,0.026245,0.021103,0.013611,0.0040741,0.016968
0.03511,0.040817,0.034424,0.025589,0.013397,0.018417
0.044647,0.051926,0.041061,0.03653,0.024048,0.018845
0.045013,0.049606,0.04715,0.03923,0.034286,0.024384
0.036819,0.041336,0.052032,0.029495,0.034805,0.035522
0.031311,0.040146,0.041138,0.019897,0.025284,0.040955
0.032333,0.038177,0.026749,0.017258,0.016022,0.03334
0.027466,0.024139,0.019196,0.015854,0.01123,0.017914
0.010483,0.0064697,0.011627,0.014374,0.0094452,0.0022583
-0.0058136,-0.002655,0.0072784,0.012726,0.0088501,-0.008194
-0.013031,-0.0066681,0.0073853,0.007782,0.0079498,-0.010925
-0.016815,-0.012299,0.0063171,-0.0012817,0.0065002,-0.0058136
-0.018738,-0.015305,-0.0013428,-0.0093842,0.00068665,0.0032806
-0.015091,-0.012756,-0.015198,-0.013092,-0.0090942,0.0012512
-0.010391,-0.012894,-0.024033,-0.013336,-0.015244,-0.013626
-0.014252,-0.020035,-0.021515,-0.0094452,-0.012115,-0.023987
-0.026688,-0.028976,-0.014618,-0.0014038,-0.0009613,-0.024155
-0.036255,-0.03035,-0.0069427,0.0035095,0.0080719,-0.019867
-0.034531,-0.019165,-0.00061035,-0.003006,0.0067444,-0.013657
-0.021271,-0.0051422,-0.0018768,-0.011414,-0.0018616,-0.0057678
-0.00090027,0.0023651,-0.0088196,-0.008667,-0.0082245,0.0012665
0.016464,0.0035553,-0.014328,-0.0037537,-0.0056,0.0065613
0.02272,0.0045929,-0.011002,-0.0043793,0.0052338,0.0121
0.023514,0.011642,0.0039825,0.00019836,0.01622,0.019608
0.027039,0.021072,0.021011,0.011612,0.024261,0.027435
0.029602,0.028458,0.031021,0.0186,0.028336,0.032745
0.032043,0.032623,0.032715,0.019241,0.023209,0.034821
0.039932,0.035126,0.028152,0.0177,0.015472,0.032043
0.043213,0.038513,0.023254,0.013657,0.011993,0.026718
0.032578,0.035782,0.023132,0.0072479,0.009079,0.019287
0.020782,0.025894,0.027512,0.0051117,0.0070953,0.011459
0.020111,0.022461,0.031097,0.011688,0.0083923,0.012238
0.022552,0.025726,0.031631,0.019089,0.013992,0.017258
0.02005,0.024567,0.027832,0.020081,0.019653,0.01767
0.016037,0.019012,0.020996,0.018555,0.0177,0.013947
0.009903,0.014877,0.018906,0.014023,0.012131,0.0053711
-0.0024719,0.01149,0.015991,0.0038452,0.0050354,-0.0057831
-0.015121,0.0019989,0.0071259,-0.004837,-0.0060577,-0.013382
-0.020645,-0.012955,-0.0042114,-0.010712,-0.015762,-0.017853
-0.023346,-0.024139,-0.018234,-0.019455,-0.021027,-0.023163
-0.02887,-0.028961,-0.028564,-0.02858,-0.022308,-0.027206
-0.034561,-0.034225,-0.034729,-0.033127,-0.023422,-0.027237
-0.038361,-0.040985,-0.038361,-0.03157,-0.025009,-0.02742
-0.040054,-0.039001,-0.031143,-0.026062,-0.019974,-0.028244
-0.034027,-0.028748,-0.020218,-0.018951,-0.013367,-0.023697
-0.01976,-0.021347,-0.022308,-0.010635,-0.012314,-0.015671
-0.0079956,-0.020203,-0.031662,-0.0074615,-0.0079803,-0.00914
-0.0036011,-0.021942,-0.029922,-0.010529,0.0011292,-0.0016632
-0.0016632,-0.017853,-0.015411,-0.011322,0.0058136,0.0055237
0.00071716,-0.0052032,-0.0045776,-0.0074005,0.0052185,0.0093536
0.0044098,0.0056458,-0.002121,-0.001297,0.0060425,0.013596
0.011642,0.0068512,0.0013733,0.0036926,0.012497,0.017822
0.020706,0.0080109,0.0039063,0.0058136,0.015381,0.020187
0.025848,0.017181,0.0050659,0.0056458,0.012955,0.021225
0.025848,0.022598,0.010162,0.0064087,0.012924,0.020264
0.023224,0.019699,0.017136,0.011322,0.012466,0.019608
0.020432,0.017303,0.022491,0.015503,0.012726,0.018478
0.020508,0.020798,0.024277,0.014313,0.010681,0.015671
0.021027,0.024902,0.02388,0.010818,0.0029449,0.011337
0.014832,0.023315,0.023468,0.0096893,-0.0029602,0.0017242
0.0021362,0.021149,0.024673,0.010422,-0.0032349,-0.01001
-0.0095367,0.018936,0.029068,0.010971,-0.00048828,-0.015839
-0.01442,0.010529,0.027618,0.011673,-0.0021362,-0.016891
-0.015961,-0.0031281,0.01265,0.009491,-0.0061035,-0.016815
-0.017792,-0.011139,4.5776e-05,0.006546,-0.0028381,-0.014175
-0.016754,-0.0085907,0.0029297,0.0042114,0.0043793,-0.0088959
-0.012177,-0.0050354,0.0055695,-0.00097656,0.0041504,-0.0050964
-0.0069427,-0.0060577,-0.0045166,-0.0068207,-0.0012512,-0.0046234
-0.0077667,-0.013733,-0.019089,-0.011673,-0.0018463,-0.0037842
-0.012589,-0.023788,-0.028976,-0.015015,-0.0009613,-0.0030823
-0.013138,-0.026779,-0.029907,-0.018051,-0.0037079,-0.0039673
-0.012238,-0.02211,-0.02475,-0.021255,-0.0089569,-0.0040131
-0.010193,-0.0121,-0.018661,-0.021622,-0.012909,-0.0061035
-0.0047607,-0.0022125,-0.011856,-0.018295,-0.010666,-0.0081635
0.0023956,0.003067,-0.0067444,-0.012451,-0.0073242,-0.0043945
0.011368,0.0037994,-0.0052643,-0.006958,-0.0085144,0.0044556
0.019653,0.0053711,-0.0041962,-0.0030365,-0.0053406,0.013931
0.024384,0.013138,0.0012054,0.0022888,0.006958,0.0168
0.023178,0.019806,0.010345,0.0087433,0.01799,0.0168
0.018082,0.019669,0.013977,0.011398,0.01973,0.02121
0.017029,0.014206,0.0083466,0.0095673,0.014252,0.021423
0.017303,0.0060883,0.0018616,0.0049133,0.0060425,0.014023
0.011749,0.0007019,-0.00076294,-0.0039063,-0.0027008,0.0062714
0.0044098,-0.0014496,-0.0057678,-0.013184,-0.012299,-0.0028992
-0.0046082,-0.0046387,-0.014053,-0.014313,-0.021698,-0.014435
-0.020081,-0.014374,-0.016678,-0.010483,-0.023026,-0.025879
-0.037186,-0.029358,-0.012009,-0.012238,-0.018173,-0.03508
-0.046219,-0.035126,-0.0092926,-0.020187,-0.023087,-0.035675
-0.040192,-0.027374,-0.015991,-0.027435,-0.036148,-0.028671
-0.026688,-0.019073,-0.027237,-0.026108,-0.040482,-0.026627
-0.023956,-0.020721,-0.032425,-0.018677,-0.032532,-0.036057
-0.032593,-0.029968,-0.028198,-0.012039,-0.021942,-0.043839
-0.038452,-0.035675,-0.021042,-0.0062408,-0.014023,-0.035019
-0.036942,-0.033447,-0.015076,-0.0041962,-0.0055237,-0.01976
-0.030167,-0.026215,-0.0097656,-0.0066223,-0.0019226,-0.011566
-0.019531,-0.014801,-0.010284,-0.012085,-0.011047,-0.0065765
-0.0075684,-0.0037537,-0.017639,-0.016312,-0.020905,-0.0045929
-0.00013733,-0.0021515,-0.0233,-0.011337,-0.018677,-0.0094147
-0.0045166,-0.010101,-0.020233,-0.00027466,-0.0059662,-0.014618
-0.013321,-0.017914,-0.0070496,0.0094147,0.010406,-0.011093
-0.0089874,-0.014862,0.0075531,0.013016,0.020477,0.0025482
0.008255,0.0027313,0.012772,0.0094452,0.018753,0.020432
0.027054,0.023834,0.012039,0.007019,0.0096893,0.03598
0.038086,0.033325,0.010071,0.010254,0.0054779,0.0383
0.036575,0.028412,0.0083771,0.015427,0.013458,0.02597
0.031662,0.017395,0.013901,0.020721,0.025635,0.01886
0.027832,0.012314,0.023575,0.026505,0.032791,0.024338
0.022202,0.018738,0.028671,0.028671,0.033386,0.031357
0.021179,0.029251,0.028839,0.021469,0.027039,0.032715
0.029495,0.034225,0.024658,0.011841,0.015839,0.029297
0.0383,0.032791,0.018143,0.0092468,0.0080872,0.024078
0.032578,0.027481,0.013153,0.010635,0.0069427,0.014282
0.013565,0.015549,0.013992,0.011719,0.0066223,0.002655
-0.0028534,0.0011597,0.019287,0.012604,0.0037537,-0.0042877
-0.010422,-0.00050354,0.019791,0.010956,0.00039673,-0.0080719
-0.012894,0.0059662,0.01358,0.004715,-0.0032959,-0.011841
-0.015167,0.0016022,0.0036774,-0.0029755,-0.010239,-0.015945
-0.01886,-0.011734,-0.0062103,-0.0089874,-0.017136,-0.020432
-0.023804,-0.019196,-0.0121,-0.012482,-0.017792,-0.023804
-0.026688,-0.019363,-0.015427,-0.015335,-0.016205,-0.023865
-0.022629,-0.021591,-0.018219,-0.018005,-0.018005,-0.019974
-0.016357,-0.022522,-0.021011,-0.016327,-0.017563,-0.012527
-0.012787,-0.017365,-0.022263,-0.012375,-0.0098419,-0.0090637
-0.011063,-0.014587,-0.021408,-0.0097656,-0.0038147,-0.010941
-0.010574,-0.014954,-0.018784,-0.0077667,-0.0045471,-0.0088501
-0.0095978,-0.011826,-0.011826,-0.0052185,-0.0044403,-0.0036621
-0.0051575,-0.0054626,-0.0041504,-0.0017395,-0.00053406,-9.1553e-05
0.0048676,0.00032043,-0.0046997,-0.0036469,0.0030975,0.0038147
0.014496,0.00177,-0.012405,-0.0080261,0.0033875,0.010651
0.015274,-0.0016479,-0.015167,-0.0049744,0.0025177,0.016769
0.0085754,-0.0050354,-0.0086823,7.6294e-05,0.0036316,0.015152
0.0014954,-0.0053406,-0.0014648,0.0015869,0.005722,0.007431
-0.00073242,-0.0027618,0.0021362,0.0019226,0.0045013,0.00057983
0.0012817,0.0023499,0.0055695,0.0030975,-0.0034943,-0.0030518
0.003006,0.0067139,0.0077667,0.0052795,-0.010422,-0.0055542
0.00062561,0.010391,0.0080414,0.0046539,-0.0073242,-0.0079041
-0.0041656,0.011383,0.0093079,0.00097656,-0.0024414,-0.0082092
-0.0063782,0.00354,0.0094299,0.0009613,-0.0050201,-0.0075378
-0.0066986,-0.0055084,0.0076447,0.0074463,-0.0085754,-0.0089722
-0.0095062,-0.0054932,0.0065308,0.011963,-0.0050812,-0.0099945
-0.013229,-0.0015259,0.0064545,0.0069733,0.00083923,-0.0086975
-0.011475,-0.0010834,0.0039673,-0.00022888,-0.00050354,-0.0093689
-0.0083313,-0.0036469,-0.0023651,-0.0021973,-0.0068817,-0.01062
-0.010422,-0.006424,-0.0064697,-0.0039978,-0.0076294,-0.0092773
-0.011841,-0.0067596,-0.0057983,-0.0088196,-0.0074005,-0.0094452
-0.0084534,-0.0071411,-0.0056458,-0.0092316,-0.013443,-0.0092773
-0.0067139,-0.010071,-0.0069427,-0.0027008,-0.013779,-0.0068054
-0.0090942,-0.0089722,-0.0026093,0.0035095,-0.0021667,-0.006073
-0.0066223,0.00045776,0.0073242,0.0063782,0.009903,-0.0036163
0.0049133,0.013245,0.01149,0.0066376,0.012115,0.0045471
0.016296,0.019241,0.0080566,0.0065765,0.0082245,0.014862
0.021133,0.014587,0.006546,0.0082397,0.0083923,0.020004
0.02124,0.0075226,0.0081177,0.010925,0.014023,0.019684
0.019043,0.0085144,0.0081635,0.013214,0.021484,0.022537
0.019165,0.014755,0.006546,0.012665,0.026779,0.026749
0.023117,0.014648,0.0051575,0.010941,0.026459,0.026855
0.024567,0.010315,0.004425,0.009552,0.022781,0.027054
0.020767,0.0065613,7.6294e-05,0.0049744,0.017227,0.027206
0.015915,0.00053406,-0.0072632,-0.0028839,0.010239,0.023041
0.010178,-0.0062866,-0.011246,-0.008255,0.0035095,0.013779
0.00041199,-0.0090942,-0.011627,-0.0084381,-0.0044861,-0.00094604
-0.010178,-0.0065765,-0.0095215,-0.01088,-0.013916,-0.015549
-0.014954,-0.0058746,-0.0082245,-0.019028,-0.021866,-0.021133
-0.01532,-0.011795,-0.012466,-0.022995,-0.026199,-0.019135
-0.016678,-0.019485,-0.016388,-0.016022,-0.027176,-0.018112
-0.018738,-0.019943,-0.013229,-0.009201,-0.023697,-0.020676
-0.019455,-0.010712,-0.0080719,-0.010681,-0.017883,-0.022827
-0.017258,-0.0039673,-0.0081329,-0.0082703,-0.014343,-0.02124
-0.015762,-0.0059509,-0.0085297,0.0023193,-0.0090179,-0.01976
-0.01857,-0.011047,0.0015564,0.0089722,0.00027466,-0.019379
-0.019287,-0.012589,0.012375,0.0036621,0.0032654,-0.011307
-0.012985,-0.0038605,0.0063324,-0.0055695,-0.0080109,-0.0019531
-0.00022888,0.0075836,-0.0054932,-0.0059357,-0.018494,-0.0039215
0.0070648,0.0077209,-0.0066986,-0.00047302,-0.013062,-0.012299
-0.003067,4.5776e-05,-0.00177,0.0026855,-0.0018768,-0.017563
-0.015106,-0.0059814,0.002121,0.0032806,0.0037689,-0.013351
-0.014343,-0.0083008,0.0063934,0.0046539,0.0027924,-0.0036621
-0.0076904,-0.0065613,0.011032,0.0047607,-0.0013123,0.002533
-0.0014343,0.00038147,0.0091553,3.0518e-05,-0.0050964,0.0065002
0.0054169,0.0087891,-0.0007782,-0.0023499,-0.0058136,0.0092163
0.011963,0.0077362,-0.010468,0.0032043,0.0041656,0.0042572
0.0075836,-0.0070648,-0.012573,0.013153,0.02005,-0.0021057
-0.0052032,-0.018997,-0.0055695,0.018875,0.028946,0.0048218
-0.0053253,-0.011871,0.006012,0.013748,0.026733,0.018768
0.0086212,0.0047607,0.011566,0.0018921,0.015228,0.025497
0.020462,0.016373,0.0061035,-0.0075531,0.0031586,0.023651
0.024902,0.021378,-0.0021667,-0.0046387,-0.0013275,0.018784
0.02478,0.019943,-0.0033875,0.0072632,0.0033264,0.01207
0.018265,0.0097809,0.0046997,0.013519,0.01268,0.0041351
0.0059204,-0.0023956,0.017197,0.014526,0.017578,0.0036926
-0.0027466,-0.0010681,0.025116,0.015991,0.014145,0.0098572
-0.00033569,0.013641,0.023773,0.012619,0.0075073,0.011444
0.008728,0.024384,0.016876,0.0037842,7.6294e-05,0.007431
0.012848,0.023041,0.010223,-0.0010529,-0.0054321,0.0010071
0.009613,0.015656,0.0082703,0.0027466,-0.0045624,-0.006424
0.0032654,0.0074921,0.012665,0.0088348,-0.002182,-0.0088654
-0.0025482,0.0010071,0.018082,0.0091705,0.0039673,-0.0037231
-0.0037537,0.0042267,0.014862,0.0049896,0.0121,0.0035858
0.0002594,0.012985,0.0035553,-0.0010986,0.0070801,0.0065918
0.0080872,0.011276,-0.0066986,-0.010117,-0.006485,0.0041809
0.013443,0.0035553,-0.012772,-0.015961,-0.014801,0.00094604
0.0090942,-0.0020447,-0.013321,-0.014832,-0.012146,-0.00048828
-0.0018158,-0.0081787,-0.0092926,-0.0088348,-0.0039215,-0.0010529
-0.0089264,-0.011795,-0.0045929,-0.0013123,0.0010071,-0.0020752
-0.0068817,-0.0075378,-0.0024261,-0.00085449,0.0039825,-0.0012512
-0.00065613,-0.00027466,-0.0057678,-0.0064392,0.0019684,0.0024567
0.0032654,-0.0027771,-0.011261,-0.010269,-0.0050659,0.0044098
0.003479,-0.011902,-0.015366,-0.010941,-0.0079041,0.0038452
0.0014496,-0.015259,-0.016159,-0.0071106,-0.0039673,0.0028687
-7.6294e-05,-0.012787,-0.013306,-0.00080872,0.0039978,0.0031738
1.5259e-05,-0.006073,-0.0073547,0.0024414,0.011169,0.0048981
0.00065613,0.00039673,0.0011444,0.0042725,0.012344,0.0051117
0.0020142,0.0025787,0.0047607,0.011337,0.009201,0.0052948
0.0040283,0.0054779,0.0071869,0.018814,0.010254,0.0080414
0.0065918,0.0079193,0.015991,0.014816,0.016983,0.0097504
0.0079803,0.0080109,0.01947,0.0080414,0.017899,0.010498
0.0080566,0.0097961,0.013275,0.01033,0.010132,0.012161
0.010986,0.012848,0.0074158,0.010239,0.0062866,0.010147
0.012741,0.013031,0.0062561,0.0034027,0.0087128,0.0064697
0.0066071,0.0089417,0.010101,0.0030518,0.0086823,0.0046844
-0.0022736,0.0042572,0.01506,0.0097961,0.0062866,0.0031738
-0.0052032,0.0035095,0.016296,0.011337,0.0045013,0.00097656
0.00019836,0.0076599,0.01387,0.0048065,3.0518e-05,-0.0036316
0.0076141,0.013596,0.0098877,-0.0025787,-0.0076904,-0.0074005
0.0082092,0.015991,0.0079498,-0.0028687,-0.0091553,-0.0069122
0.0024109,0.011627,0.0098572,0.0044556,-0.00013733,-0.0035858
-0.0027161,0.0059052,0.013397,0.009903,0.0079498,0.00041199
-0.0012817,0.0046082,0.01236,0.0060272,0.0074005,0.0023499
0.0034485,0.0026093,0.0021057,-0.0045776,0.0017853,0.0027466
0.0035553,-0.0033264,-0.011795,-0.012512,-0.0041351,0.0033112
0.00076294,-0.0092773,-0.018433,-0.011887,-0.0046387,0.0020905
-0.0024872,-0.0097198,-0.014038,-0.0081787,-0.00067139,-0.00076294
-0.0039063,-0.0055084,-0.0070343,-0.0089111,-0.001297,-0.0016174
-0.0016937,-0.0066986,-0.0063019,-0.015091,-0.0067596,-0.0010529
-0.0015106,-0.0112,-0.011948,-0.019516,-0.013168,-0.0029602
-0.0037994,-0.01181,-0.018906,-0.018112,-0.018265,-0.0061951
-0.0074463,-0.012863,-0.022522,-0.017029,-0.016724,-0.0079346
-0.012665,-0.016449,-0.022247,-0.013641,-0.011215,-0.011261
-0.016602,-0.019867,-0.016922,-0.0058899,-0.0060272,-0.015839
-0.016983,-0.01799,-0.009552,-0.0036774,-0.003891,-0.014908
-0.012665,-0.011581,-0.0079346,-0.0090332,-0.0083771,-0.0092163
-0.0082245,-0.007782,-0.011017,-0.015335,-0.012299,-0.0046387
-0.0050964,-0.0052185,-0.012833,-0.014008,-0.012344,-0.0031738
-0.0023499,-0.0036011,-0.011398,-0.0055847,-0.0098114,-0.0059662
-0.0050812,-0.0052795,-0.0065918,0.00047302,-0.0043945,-0.0091095
-0.0090332,-0.0080414,-0.0032501,0.00022888,-0.0028839,-0.007843
-0.0063171,-0.010406,-0.0061646,-0.0056763,-0.0056,-0.0052948
-0.0025177,-0.0095673,-0.0097961,-0.011871,-0.010651,-0.0046539
-0.0041046,-0.005127,-0.011719,-0.016556,-0.020752,-0.0079498
-0.0093231,-0.003067,-0.013809,-0.020508,-0.030045,-0.016647
-0.01442,-0.005249,-0.014557,-0.019073,-0.032059,-0.02652
-0.017441,-0.0098267,-0.012711,-0.012772,-0.027451,-0.031769
-0.021408,-0.016434,-0.0079041,-0.0071869,-0.021454,-0.031647
-0.027893,-0.020538,-0.0038757,-0.0083923,-0.019455,-0.026382
-0.028748,-0.019104,-0.0073395,-0.013931,-0.02121,-0.017212
-0.020645,-0.014069,-0.019028,-0.014557,-0.02153,-0.012894
-0.015244,-0.013031,-0.025726,-0.0068359,-0.015381,-0.018845
-0.020721,-0.021225,-0.019409,0.0034332,-0.0048676,-0.02536
-0.025681,-0.028702,-0.01239,0.0061798,0.0020447,-0.019394
-0.017883,-0.027298,-0.012161,0.0021973,0.0046082,-0.0035858
-0.0063019,-0.017868,-0.010696,-0.0010681,0.0071106,0.008255
0.00064087,-0.0032501,-0.0054779,-0.0019379,0.0044861,0.012451
0.0089264,0.0091553,-0.0036163,-0.00022888,-0.0029144,0.013031
0.016052,0.010376,-0.0052185,0.0059509,-0.0011597,0.0079193
0.01178,0.0020599,-0.0012665,0.014877,0.01265,0.00041199
0.002121,-0.00090027,0.012299,0.023727,0.026291,0.0026093
0.0022736,0.0095367,0.028366,0.030121,0.028275,0.014847
0.012711,0.024796,0.03891,0.028366,0.021408,0.02446
0.022934,0.034866,0.041107,0.022354,0.017273,0.026215
0.027039,0.03656,0.032578,0.021896,0.018066,0.02475
0.02536,0.029343,0.01825,0.025528,0.021927,0.018982
0.019363,0.016708,0.011948,0.027847,0.028091,0.01004
0.012741,0.0066681,0.018997,0.026169,0.032181,0.009613
0.010315,0.0074615,0.026611,0.020157,0.028061,0.018677
0.012253,0.019363,0.023056,0.0098877,0.015915,0.02507
0.017288,0.027161,0.01265,-0.0044708,0.0012665,0.022629
0.02063,0.019455,0.00085449,-0.014923,-0.0087891,0.013626
0.016739,0.0057373,-0.0087891,-0.012558,-0.0083008,0.0024719
0.0048065,-0.0059967,-0.010193,-0.0036316,-0.0042572,-0.0079803
-0.012604,-0.014603,-0.0050964,-0.0020599,-0.0049896,-0.015427
-0.024002,-0.0168,-0.0019836,-0.009964,-0.0096893,-0.015533
-0.021194,-0.015137,-0.0054321,-0.016586,-0.015732,-0.011063
-0.011215,-0.012817,-0.014694,-0.015366,-0.019669,-0.009903
-0.004303,-0.010147,-0.02063,-0.011414,-0.016876,-0.0095825
-0.0012512,-0.0079651,-0.01535,-0.006012,-0.0063324,-0.0069427
0.00093079,-0.0061951,-0.0035706,0.0049896,0.0048218,-0.0035553
0.00068665,-0.003891,0.0057831,0.012375,0.012405,0.002182
-0.00016785,0.0012207,0.0079956,0.0088806,0.014313,0.0078888
0.0047913,0.007019,0.0058899,0.0047302,0.010147,0.011597
0.01355,0.0097351,0.0023346,0.0027313,0.0084839,0.016006
0.017593,0.010773,0.00024414,0.0023193,0.010803,0.019409
0.017822,0.011063,0.0059814,0.0075836,0.013107,0.017609
0.016922,0.011414,0.014572,0.013565,0.013779,0.0095062
0.011505,0.014221,0.019043,0.01593,0.013794,0.004715
0.0064087,0.016632,0.021805,0.013382,0.014709,0.0096283
0.007843,0.014236,0.02037,0.011353,0.013504,0.015305
0.012787,0.012054,0.016739,0.015076,0.014572,0.015854
0.016586,0.014511,0.016647,0.015656,0.016632,0.011749
0.014313,0.016464,0.016983,0.01091,0.010788,0.0055847
0.0064545,0.015228,0.016129,0.0079346,0.0033417,-0.00062561
-0.00073242,0.012253,0.015701,0.0082855,0.0023804,-0.0046844
-0.0064392,0.0079651,0.016312,0.0086212,0.0058136,-0.005188
-0.0077515,0.0040131,0.013306,0.0053406,0.0066833,-0.004364
-0.00067139,0.0012817,0.0041962,-0.00065613,0.0025787,-0.00039673
0.0068359,-0.00032043,-0.0031891,-0.0069733,-0.0054016,0.0029907
0.0062408,-0.0015717,-0.0060883,-0.013245,-0.01532,-0.00094604
-0.0004425,-0.0039063,-0.010498,-0.018509,-0.018738,-0.0085907
-0.0073242,-0.0068359,-0.014603,-0.017883,-0.013229,-0.012054
-0.014313,-0.011597,-0.011246,-0.012238,-0.0048828,-0.010559
-0.020218,-0.015472,-0.0079193,-0.0084229,-0.0026245,-0.011398
-0.016403,-0.013626,-0.011032,-0.0090332,-0.0092926,-0.012634
-0.0053253,-0.010757,-0.015076,-0.015015,-0.017853,-0.0097656
-0.0014343,-0.010834,-0.019165,-0.019073,-0.022064,-0.0075836
-0.0057831,-0.0095062,-0.014969,-0.012756,-0.013596,-0.0069122
-0.0046692,-0.0012665,0.00033569,0.00097656,0.0053253,-0.0033112
0.0054016,0.010406,0.012482,0.012756,0.019089,0.0068054
0.015976,0.016479,0.01535,0.015381,0.021301,0.020874
0.02475,0.017593,0.013824,0.01265,0.01828,0.030212
0.029724,0.019775,0.013138,0.012268,0.019882,0.030624
0.029434,0.023117,0.013901,0.017776,0.026459,0.026642
0.029907,0.022461,0.018036,0.024033,0.032288,0.027557
0.031494,0.020325,0.025925,0.024033,0.034744,0.036179
0.03212,0.023819,0.031082,0.019241,0.031601,0.040405
0.029816,0.026993,0.02713,0.011963,0.022003,0.030121
0.022324,0.023315,0.015671,0.0046234,0.0079803,0.015823
0.012543,0.015411,0.0077667,-0.001709,-0.0031891,0.006073
0.00097656,0.0069733,0.0067902,-0.0049896,-0.0063019,-0.0059967
-0.0092468,0.00086975,0.0063324,-0.0036469,-0.0070801,-0.016754
-0.011871,-0.0028687,0.00064087,-0.0051575,-0.010605,-0.018448
-0.0080566,-0.0067291,-0.0081787,-0.012726,-0.015396,-0.014481
-0.0057526,-0.010239,-0.011154,-0.022751,-0.020981,-0.01236
-0.011475,-0.010742,-0.015594,-0.028976,-0.028442,-0.016556
-0.017792,-0.011627,-0.024887,-0.027359,-0.029572,-0.021515
-0.017151,-0.017838,-0.028625,-0.024139,-0.019989,-0.022217
-0.017441,-0.028412,-0.032654,-0.022324,-0.015915,-0.019516
-0.023514,-0.037369,-0.03566,-0.020386,-0.020294,-0.018478
-0.030823,-0.037842,-0.030624,-0.019547,-0.019318,-0.022095
-0.03186,-0.031723,-0.024887,-0.021393,-0.017181,-0.022186
-0.022949,-0.022705,-0.022339,-0.02327,-0.021851,-0.014359
-0.010437,-0.010681,-0.020477,-0.017227,-0.023361,-0.0075836
-0.0030518,-0.0034943,-0.013336,-0.004776,-0.010834,-0.010056
-0.0036316,-0.0047607,-0.0041351,0.0077209,0.0047607,-0.012558
-0.0065918,-0.0063629,0.0032501,0.018295,0.011292,-0.004425
-0.007019,-0.0021362,0.016266,0.022003,0.016846,0.0050507
-0.0039368,0.0085602,0.02861,0.018982,0.019943,0.0090027
0.0045929,0.021027,0.027405,0.015381,0.012772,0.013123
0.0177,0.027573,0.016327,0.016632,0.009552,0.016556
0.026749,0.022461,0.010498,0.023682,0.020416,0.015137
0.023102,0.011871,0.016907,0.029739,0.033218,0.014282
0.014038,0.011948,0.029846,0.031067,0.036057,0.020386
0.012955,0.023331,0.039352,0.027618,0.030655,0.029007
0.019485,0.029938,0.036697,0.018204,0.022919,0.032318
0.025986,0.027313,0.022842,0.0077362,0.015533,0.028061
0.027939,0.023727,0.0058746,0.0045624,0.012466,0.019577
0.023041,0.017349,-0.0022888,0.0092621,0.015518,0.011047
0.010925,0.0026093,0.005661,0.015259,0.019058,0.0050812
-0.0031738,-0.0069122,0.021957,0.015106,0.015762,0.0044098
-0.0070648,0.0014496,0.027512,0.0065918,0.0066681,0.0094757
0.0050812,0.014954,0.014297,-0.0026093,-0.00093079,0.015091
0.021744,0.017746,-0.0013275,-0.0051727,0.00042725,0.013336
0.02446,0.010391,-0.0062561,-0.001236,0.0086823,0.0071259
0.010406,0.0018921,-0.0025482,0.0060272,0.014236,0.0045776
-0.0015411,-0.0016174,0.0044556,0.010376,0.016617,0.0037537
0.0019531,0.0012665,0.01059,0.0073853,0.015152,0.006012
0.015259,0.01062,0.012695,-0.0011139,0.010056,0.017715
0.028656,0.021408,0.0098419,-0.0080872,0.0089417,0.032059
0.036346,0.02739,0.0071564,-0.0050354,0.012802,0.035492
0.035934,0.026245,0.0089417,0.0079346,0.017212,0.026001
0.026779,0.018097,0.01564,0.018295,0.020508,0.015366
0.014069,0.011703,0.024109,0.017654,0.023209,0.013184
0.0090027,0.015854,0.02948,0.013626,0.022644,0.015091
0.015961,0.026718,0.030975,0.011795,0.016479,0.017288
0.024689,0.031769,0.027283,0.011322,0.01152,0.019852
0.02272,0.025864,0.020538,0.011154,0.012482,0.017639
0.013428,0.0168,0.019028,0.011963,0.013306,0.0079346
0.0063019,0.010513,0.020309,0.014648,0.010651,-0.0032959
-0.00024414,0.0083771,0.01683,0.0097961,0.0070496,-0.0065613
-0.0095215,0.0043793,0.0090027,-0.0056458,0.00354,-0.0048828
-0.01799,-0.0090332,-0.0052032,-0.018372,-0.0032806,-0.0078735
-0.02243,-0.021606,-0.022461,-0.02179,-0.015915,-0.015854
-0.025681,-0.026947,-0.032806,-0.023926,-0.027527,-0.028381
-0.032501,-0.034409,-0.035202,-0.031143,-0.033905,-0.041855
-0.043121,-0.044052,-0.035385,-0.037796,-0.038193,-0.047272
-0.05217,-0.047623,-0.036743,-0.038559,-0.040726,-0.046524
-0.053986,-0.04277,-0.034698,-0.035843,-0.040909,-0.047729
-0.048737,-0.036865,-0.032333,-0.034424,-0.040421,-0.046707
-0.038284,-0.034744,-0.03891,-0.037262,-0.041214,-0.040039
-0.028427,-0.034225,-0.046173,-0.040268,-0.04332,-0.035248
-0.028229,-0.037338,-0.04303,-0.037262,-0.042175,-0.035217
-0.035095,-0.041153,-0.035583,-0.027725,-0.031799,-0.033981
-0.038254,-0.036285,-0.029572,-0.0159,-0.017075,-0.025681
-0.030121,-0.023209,-0.019577,-0.0077362,-0.0055389,-0.014267
-0.0087128,-0.00737,-0.0095215,-0.0049133,-0.00015259,-0.0038452
0.017426,0.0066528,-0.0064392,-0.0037384,-0.0020142,0.0078278
0.031998,0.013107,-0.0057373,-0.0016937,-0.003479,0.017136
0.029434,0.012695,-0.0031586,0.00059509,0.00038147,0.020966
0.019974,0.011292,0.0043793,0.0050964,0.011307,0.021606
0.014023,0.014267,0.016937,0.015717,0.026016,0.020889
0.014908,0.022156,0.028931,0.028946,0.031784,0.020508
0.020264,0.027786,0.034882,0.032181,0.02565,0.020538
0.024536,0.02655,0.029938,0.021973,0.01416,0.020737
0.022141,0.018997,0.017075,0.011734,0.0058289,0.018524
0.012482,0.0103,0.0080872,0.0090179,0.0051117,0.011276
0.0037994,0.0068817,0.0074463,0.0079651,0.0080872,0.0037994
0.0019684,0.008255,0.0090179,0.0050507,0.0089874,-9.1553e-05
0.0011292,0.0080109,0.007843,0.0026703,0.0049744,-0.00093079
-0.0037231,0.00091553,0.0012512,0.00033569,-0.00071716,-0.0013885
-0.0078125,-0.008194,-0.0098724,-0.0053864,-0.0065918,-0.0052643
-0.0079193,-0.014618,-0.019897,-0.01326,-0.012634,-0.0093231
-0.0084076,-0.01712,-0.025101,-0.018921,-0.016144,-0.011993
-0.010376,-0.016037,-0.02504,-0.020721,-0.017975,-0.01442
-0.0103,-0.016907,-0.023117,-0.021713,-0.020599,-0.014801
-0.012039,-0.019302,-0.022736,-0.023117,-0.025238,-0.015594
-0.018265,-0.021194,-0.023392,-0.024017,-0.029449,-0.017426
-0.022888,-0.020889,-0.023224,-0.024734,-0.028534,-0.019775
-0.022552,-0.016037,-0.022079,-0.020554,-0.023666,-0.022217
-0.017487,-0.010849,-0.019211,-0.010834,-0.016876,-0.021698
-0.0099335,-0.0089417,-0.016174,-0.0056458,-0.011002,-0.017883
-0.0046997,-0.011047,-0.013992,-0.0063934,-0.011032,-0.01123
-0.0033569,-0.01062,-0.0073853,-0.00065613,-0.011414,-0.004715
-0.0046234,-0.0027771,0.0031433,0.011932,-0.0031738,-0.0015259
-0.0055237,0.0032196,0.01178,0.014557,0.010696,0.002182
-0.0012207,0.0044708,0.011505,0.0074768,0.018112,0.0086975
0.0061646,0.0062256,0.00071716,0.0063477,0.012482,0.011902
0.0088196,0.006897,-0.006897,0.010391,0.0039825,0.0076294
0.0050659,-6.1035e-05,-0.0030365,0.01088,0.0037537,0.00019836
-0.0059052,-0.01149,0.0054474,0.010406,0.0064697,-0.0031891
-0.016739,-0.012283,0.011215,0.01326,0.0064087,0.00012207
-0.012405,-0.0014954,0.013641,0.014084,0.0070038,0.0038147
0.00050354,0.00737,0.012741,0.0093384,0.0080414,0.00177
0.0051117,0.0084229,0.0036621,0.0062866,0.0052185,-0.0019073
-0.00045776,0.0016937,-0.0077515,0.0084534,0.0013885,-0.0041656
-0.0094604,-0.0097504,-0.0057831,0.011902,0.0015869,-0.0071106
-0.016678,-0.015778,0.0083771,0.014023,0.0026855,-0.0088959
-0.016998,-0.010544,0.017136,0.012878,0.0029449,-0.0072174
-0.0062561,0.00065613,0.013153,0.010757,0.0058136,-0.0014954
0.0086365,0.01088,0.0055389,0.0087128,0.011902,0.0070496
0.01825,0.017776,0.0010681,0.0039368,0.015213,0.01445
0.023224,0.020126,0.00033569,0.0041199,0.012756,0.018661
0.024139,0.014648,0.0069427,0.01387,0.013245,0.020782
0.020706,0.0069885,0.01886,0.018555,0.019028,0.022644
0.019257,0.011749,0.024155,0.012436,0.021103,0.025146
0.025146,0.028076,0.020126,0.0075073,0.018402,0.027557
0.035019,0.037689,0.015213,0.0074005,0.01796,0.026855
0.037628,0.03273,0.015793,0.0099792,0.017715,0.025726
0.030624,0.026703,0.022186,0.016159,0.014526,0.027618
0.027725,0.028931,0.030533,0.023193,0.018738,0.026718
0.034241,0.033691,0.040833,0.025879,0.029602,0.026505
0.03981,0.040222,0.047882,0.023529,0.033066,0.033585
0.039841,0.04953,0.043594,0.021774,0.029205,0.038391
0.040527,0.05336,0.033722,0.020767,0.024216,0.031845
0.040619,0.041321,0.025345,0.016876,0.020218,0.021637
0.031601,0.019089,0.019485,0.012604,0.018524,0.019669
0.01506,0.0054779,0.015884,0.0088196,0.016968,0.019989
0.00062561,0.0039368,0.013657,0.0023651,0.011749,0.013519
-0.0050964,0.0043335,0.009201,-0.0079498,0.002594,0.0032501
-0.0058746,0.00038147,-0.0024414,-0.01564,-0.0080261,-0.0075531
-0.010895,-0.0095367,-0.016678,-0.015427,-0.017212,-0.017166
-0.020798,-0.023285,-0.022934,-0.012314,-0.020554,-0.026215
-0.032028,-0.033737,-0.017761,-0.010696,-0.016739,-0.033035
-0.040955,-0.034775,-0.011536,-0.012589,-0.012146,-0.034851
-0.040787,-0.029648,-0.015717,-0.016891,-0.014099,-0.031448
-0.031525,-0.02417,-0.025284,-0.019989,-0.020462,-0.023727
-0.020767,-0.021408,-0.031631,-0.022736,-0.023315,-0.018967
-0.015366,-0.025009,-0.032715,-0.024261,-0.021561,-0.020172
-0.018951,-0.032379,-0.030579,-0.022461,-0.019699,-0.019455
-0.02684,-0.033707,-0.026123,-0.019302,-0.015518,-0.01387
-0.0271,-0.024841,-0.020264,-0.015869,-0.0071716,-0.012161
-0.01535,-0.012772,-0.01799,-0.012222,-0.004837,-0.013931
-0.00074768,-0.0059509,-0.017319,-0.012177,-0.011703,-0.0072784
0.0083313,-0.00354,-0.014847,-0.015732,-0.016388,0.0040436
0.010086,-0.001297,-0.010101,-0.015137,-0.012253,0.0081482
0.0037994,0.0014801,-0.0020294,-0.0076141,-0.0040894,0.0036469
-0.0033875,0.0065613,0.0070648,0.0026093,0.0020294,-0.0021057
-1.5259e-05,0.011642,0.015472,0.010147,0.0047913,-0.0018921
0.0099335,0.012756,0.017136,0.011169,0.0027618,0.0019379
0.014526,0.01239,0.009903,0.0052032,-0.0015106,0.0070343
0.011169,0.0097504,0.001709,-0.0033112,-0.0027008,0.011078
0.0034943,0.0036774,-0.0020752,-0.0061798,-0.00076294,0.0082703
-0.0032043,-0.00016785,0.0011902,0.00012207,0.0032654,0.0010834
-0.0040588,0.0033112,0.0094757,0.010483,0.007309,-0.0030365
0.0025482,0.012329,0.018265,0.017578,0.010406,-0.0010376
0.013046,0.01915,0.022675,0.018936,0.011093,0.0046082
0.019638,0.019562,0.018188,0.013412,0.0087738,0.012451
0.018372,0.014679,0.0082397,0.0035553,0.0091858,0.01947
0.011703,0.0066223,0.00094604,0.00024414,0.010635,0.017029
0.0036926,0.0013428,0.0025024,0.0057983,0.0089874,0.0065308
0.00021362,0.0025635,0.0094452,0.0098419,0.0072174,-0.0022125
0.0016479,0.0034943,0.012283,0.0093384,0.0051575,-0.0029755
-0.00090027,-0.00068665,0.0067444,0.0056915,0.0032806,0.0017242
-0.0073853,-0.0049133,-0.0044556,-0.0010986,0.0018616,0.0016022
-0.0098572,-0.007782,-0.013916,-0.0078125,-0.0025787,-0.0034332
-0.0076599,-0.012711,-0.018509,-0.012741,-0.008194,-0.0077515
-0.0068054,-0.017273,-0.019257,-0.014816,-0.012695,-0.012573
-0.011993,-0.017212,-0.018082,-0.017685,-0.018494,-0.017059
-0.017227,-0.015884,-0.020432,-0.025101,-0.023193,-0.018463
-0.018051,-0.020294,-0.028091,-0.029068,-0.022934,-0.016602
-0.020279,-0.026825,-0.034149,-0.02655,-0.020538,-0.015518
-0.022568,-0.027328,-0.034653,-0.024826,-0.021912,-0.019119
-0.020477,-0.025131,-0.033569,-0.027359,-0.029617,-0.0242
-0.019623,-0.025757,-0.033707,-0.031631,-0.036224,-0.028198
-0.025284,-0.027664,-0.033554,-0.034363,-0.038727,-0.031662
-0.036179,-0.031281,-0.032562,-0.034576,-0.042603,-0.033859
-0.046402,-0.037231,-0.032959,-0.028168,-0.041321,-0.036728
-0.048157,-0.039841,-0.030273,-0.015259,-0.030289,-0.040985
-0.042175,-0.03566,-0.019455,-0.0049896,-0.01973,-0.042023
-0.034912,-0.025894,-0.011978,-0.0049744,-0.021179,-0.036346
-0.026016,-0.015823,-0.018204,-0.014008,-0.032837,-0.028137
-0.019043,-0.01265,-0.024353,-0.018814,-0.037659,-0.026215
-0.02298,-0.017334,-0.0168,-0.010361,-0.029312,-0.030014
-0.033005,-0.023865,-0.0065155,0.0048523,-0.015594,-0.029755
-0.032608,-0.023895,-0.0042572,0.01532,-0.0021667,-0.02211
-0.017227,-0.015106,-0.0046387,0.01413,0.0045471,-0.012146
-0.0033569,-0.0046997,-0.0050354,0.0014954,0.001236,-0.0036316
-0.0011292,-0.0014038,-0.010834,-0.011871,-0.0082855,0.0035858
-0.0022125,-0.0061646,-0.019363,-0.0094147,-0.012451,0.0059052
-0.0028534,-0.013321,-0.016663,0.0081329,-0.0020294,0.0016327
-0.0053558,-0.016357,-0.00062561,0.022247,0.013382,-0.00021362
-0.0040741,-0.0077057,0.012466,0.023956,0.022934,0.0067749
0.006897,0.0098114,0.013199,0.020645,0.026169,0.016846
0.021576,0.021912,0.0095367,0.015762,0.022614,0.023758
0.028229,0.022354,0.0087891,0.0097351,0.015274,0.028412
0.025986,0.018021,0.008316,0.013229,0.011475,0.027954
0.024231,0.016418,0.014297,0.026917,0.014816,0.021484
0.023529,0.017929,0.031311,0.03421,0.021286,0.015152
0.019653,0.025269,0.040527,0.026398,0.023773,0.013077
0.019592,0.036789,0.031204,0.012161,0.020554,0.018951
0.027832,0.036804,0.013641,0.003067,0.014328,0.025772
0.03125,0.021301,0.0017395,0.0015717,0.0073242,0.024033
0.021133,0.007431,0.0031891,0.0055695,0.0038452,0.017349
0.010513,0.0040131,0.009964,0.010574,0.0053253,0.0093842
0.0073395,0.0054474,0.016037,0.010483,0.0059814,0.0022888
0.0027008,0.0089264,0.020111,0.005722,0.0026855,-0.0014191
-0.0036163,0.012955,0.013153,0.0015106,-0.0018463,-0.0016479
-0.0029907,0.011673,-0.0011292,-0.00041199,-0.0036469,-0.001297
0.0022736,0.0014801,-0.0069275,-0.00010681,-0.0019836,-0.0032959
0.0014801,-0.0075836,0.00019836,0.0029449,0.00032043,-0.0041504
-0.0053711,-0.0050354,0.0096283,0.0076599,0.003418,-0.0038452
-0.0078888,-6.1035e-05,0.010254,0.0095215,0.0067139,-0.0041962
-0.0038605,-0.00097656,7.6294e-05,0.0027771,0.0062714,-0.00086975
7.6294e-05,-0.0051117,-0.01474,-0.007431,0.00085449,0.0040436
0.00018311,-0.012833,-0.024353,-0.011185,-0.0071411,0.0023651
-0.0036621,-0.018768,-0.024399,-0.010818,-0.0092468,-0.0054932
-0.0093231,-0.016739,-0.016129,-0.010437,-0.0050354,-0.010788
-0.012375,-0.012039,-0.0075226,-0.0075378,-0.0036774,-0.010117
-0.012497,-0.0103,-0.0077515,-0.0048676,-0.0053406,-0.0070496
-0.012009,-0.011307,-0.015457,-0.0083313,-0.0084229,-0.0050812
-0.010742,-0.013626,-0.021957,-0.013107,-0.012924,-0.0063171
-0.012497,-0.017746,-0.01944,-0.014435,-0.016403,-0.01384
-0.020706,-0.019623,-0.011169,-0.014709,-0.016907,-0.024307
-0.025452,-0.014877,-0.0052338,-0.009903,-0.018936,-0.026199
-0.020203,-0.0095215,-0.0045624,-0.0022125,-0.023239,-0.021683
-0.013779,-0.0094299,-0.008667,-0.002182,-0.019608,-0.018723
-0.012451,-0.012314,-0.012985,-0.0079041,-0.011826,-0.014343
-0.012527,-0.012939,-0.014923,-0.012817,-0.01062,-0.010025
-0.010635,-0.011093,-0.012924,-0.014206,-0.012466,-0.0090637
-0.0090179,-0.0062866,-0.0079498,-0.0097656,-0.012405,-0.0089874
-0.0046234,0.0025024,-0.0028534,-0.00067139,-0.0095825,-0.0076447
0.003952,0.0070953,0.0046539,0.0087128,-0.0029449,-0.0039368
0.0088348,0.0067749,0.012756,0.013779,0.0049133,0.0032196
0.010712,0.010574,0.016281,0.012589,0.0103,0.011749
0.014252,0.019623,0.016602,0.010269,0.011688,0.015991
0.018677,0.027786,0.020767,0.012329,0.0098572,0.015549
0.02272,0.030319,0.026794,0.018143,0.0093994,0.014633
0.025635,0.028427,0.027954,0.025436,0.013855,0.016388
0.026779,0.025772,0.02887,0.031372,0.023651,0.020798
0.025085,0.024689,0.031311,0.034698,0.035385,0.027374
0.02713,0.0233,0.030746,0.033981,0.042435,0.035599
0.034515,0.023178,0.025894,0.027252,0.040039,0.042099
0.037643,0.028671,0.020279,0.020309,0.031647,0.043549
0.035782,0.03186,0.019913,0.018799,0.028549,0.036453
0.029984,0.025345,0.021912,0.02034,0.029144,0.026062
0.020172,0.013016,0.019257,0.020233,0.02533,0.021286
0.010803,0.0022125,0.0096588,0.013992,0.021561,0.018585
0.0058899,-0.0018921,-0.0019531,0.0016174,0.016586,0.016907
0.0079803,-0.0014191,-0.008316,-0.010559,0.0062408,0.015717
0.0097504,-0.00048828,-0.010345,-0.015076,-0.0056,0.0069122
0.001236,-0.0034637,-0.0098267,-0.012741,-0.014496,-0.0063324
-0.012848,-0.010147,-0.0089722,-0.012558,-0.016098,-0.015503
-0.022293,-0.014511,-0.01178,-0.01651,-0.015289,-0.021515
-0.025116,-0.016312,-0.016312,-0.020905,-0.018143,-0.026764
-0.023865,-0.016312,-0.019806,-0.023712,-0.023758,-0.028091
-0.019989,-0.014572,-0.021698,-0.024002,-0.031433,-0.025101
-0.015472,-0.012695,-0.019394,-0.023712,-0.034485,-0.023346
-0.014526,-0.013184,-0.014786,-0.02179,-0.03035,-0.024353
-0.01889,-0.018295,-0.014191,-0.018341,-0.026764,-0.024872
-0.023224,-0.021713,-0.018066,-0.0168,-0.024307,-0.024307
-0.0242,-0.019501,-0.021362,-0.013321,-0.017258,-0.022751
-0.021286,-0.017288,-0.017761,-0.0046082,-0.0082397,-0.018951
-0.014908,-0.016296,-0.0093079,0.00035095,-0.0028534,-0.012924
-0.0096893,-0.011337,-0.0053101,-0.0055084,-0.0047455,-0.0043488
-0.0052948,-0.0029297,-0.0059509,-0.011032,-0.012833,0.0027008
-0.00093079,0.00071716,-0.0035095,-0.0037689,-0.011749,0.0009613
0.00030518,-0.00177,0.0027924,0.010849,0.0048828,-0.0048065
0.0013733,-0.0022125,0.0067139,0.021713,0.021133,0.00071716
0.0072327,0.0036774,0.0085449,0.025467,0.026718,0.01622
0.016418,0.012466,0.014023,0.022339,0.024902,0.024643
0.020859,0.018661,0.019699,0.013519,0.018311,0.021912
0.017593,0.020874,0.01712,0.0081329,0.0080261,0.015884
0.014282,0.02002,0.010529,0.013306,0.0051727,0.011078
0.011215,0.01152,0.011276,0.020996,0.016663,0.0071869
0.0035095,-0.00016785,0.016754,0.020676,0.027023,0.0059509
1.5259e-05,4.5776e-05,0.015869,0.012146,0.023148,0.010468
0.0073395,0.0085907,0.0061188,0.0014191,0.0097046,0.014801
0.01265,0.011108,-0.0037079,-0.0085297,-0.0044556,0.010437
0.0055542,0.0060577,-0.0055084,-0.012817,-0.012177,-0.0010223
-0.0054321,-0.00054932,-0.0019073,-0.0059357,-0.010895,-0.010925
-0.0091248,-0.0054321,0.0045929,0.0052338,-0.0054321,-0.012177
-0.0075684,-0.006897,0.012573,0.00914,0.0010376,-0.0053406
-0.0054321,-0.0014038,0.014297,0.0040283,0.0061951,0.0022736
0.0015564,0.0093231,0.0069275,-0.0015717,0.0056152,0.0066986
0.011002,0.013657,-0.002655,-0.0039368,0.0015106,0.007843
0.011337,0.0059662,-0.0065308,-0.0037079,-0.0027313,0.0052643
0.0045624,-0.001358,0.00053406,0.00086975,-0.0027771,0.0012512
0.0022278,0.00032043,0.013397,0.0054016,0.0017853,-0.00050354
0.0044708,0.0066071,0.017715,0.0055389,0.0057983,0.001236
0.0064087,0.014084,0.010223,0.00085449,0.0091553,0.0069733
0.0097656,0.016922,-0.0013428,-0.0036926,0.0089722,0.013428
0.013702,0.010971,-0.0089417,-0.0028992,0.0057983,0.012283
0.01329,0.0016632,-0.004776,-0.0010986,0.0042725,0.0065308
0.0094299,-0.0037537,0.0078735,0.003479,0.0033875,0.0045624
0.0042725,-0.0005188,0.016418,0.011154,0.0037689,0.003952
-0.0027008,0.006073,0.016251,0.010986,0.0054626,0.0031128
-0.0065613,0.0074921,0.0085907,0.0027924,0.0054932,0.0016022
-0.00097656,0.0058289,-0.0039368,-0.0027161,0.0020142,-0.00090027
0.0062561,0.00064087,-0.011887,-0.0026093,-0.00042725,-0.0019836
0.002182,-0.0079193,-0.0082397,-0.0032501,0.00062561,-0.0042877
-0.0097046,-0.012344,-0.00074768,-0.0053253,-0.0028534,-0.0082397
-0.016846,-0.014786,-0.0047455,-0.0075531,-0.010315,-0.01004
-0.016022,-0.019226,-0.022095,-0.014923,-0.014267,-0.01152
-0.013672,-0.021942,-0.034729,-0.024261,-0.017914,-0.013779
-0.014648,-0.021667,-0.032303,-0.027863,-0.022293,-0.015015
-0.016464,-0.020493,-0.022995,-0.02417,-0.021667,-0.017441
-0.01828,-0.018204,-0.014084,-0.016144,-0.018646,-0.02005
-0.021332,-0.013565,-0.0085602,-0.0097046,-0.016373,-0.019684
-0.019302,-0.0082397,-0.007019,-0.0080261,-0.012466,-0.016174
-0.010315,-0.0042877,-0.0081177,-0.0080566,-0.0085144,-0.0088806
-0.0012512,-0.0031891,-0.0077515,-0.0063934,-0.0074463,-0.0024414
0.0055237,-0.0021362,-0.002655,-0.0037231,-0.0072784,0.00080872
0.0086212,0.0053711,0.0054932,0.0007782,-0.0047302,0.0028992
0.0093689,0.015915,0.014709,0.006958,-0.00097656,0.002533
0.013016,0.021454,0.019958,0.013184,0.005188,0.0053558
0.019241,0.022964,0.021088,0.020172,0.016159,0.015869
0.024628,0.024231,0.023636,0.025833,0.027451,0.026138
0.02655,0.026627,0.027145,0.028091,0.034698,0.029266
0.027481,0.028992,0.03186,0.030167,0.036301,0.029221
0.029678,0.028992,0.03746,0.034286,0.035004,0.031815
0.028931,0.028305,0.038712,0.036316,0.035309,0.032745
0.026108,0.027237,0.034515,0.034119,0.036606,0.029724
0.024841,0.0233,0.029587,0.02977,0.036392,0.027863
0.022095,0.018494,0.02803,0.024704,0.032257,0.026993
0.016174,0.015778,0.025864,0.018875,0.024796,0.024033
0.010391,0.012711,0.015747,0.0088196,0.016388,0.016678
0.0071411,0.0074768,0.0026703,-0.0021362,0.0073853,0.0058289
0.0045319,0.0028839,-0.0035858,-0.006012,0.00085449,-0.0026398
-0.00015259,-0.002594,-0.0033264,-0.0053406,-0.0012512,-0.006073
-0.0064545,-0.0092926,-0.0048523,-0.0056915,-0.0020599,-0.0080566
-0.013092,-0.013748,-0.011963,-0.01123,-0.0060577,-0.0093689
-0.016052,-0.016113,-0.018417,-0.022659,-0.014282,-0.010529
-0.01326,-0.015869,-0.023071,-0.031036,-0.023422,-0.014709
-0.010529,-0.017303,-0.027969,-0.033249,-0.029465,-0.019531
-0.014786,-0.020981,-0.029449,-0.032867,-0.029037,-0.024033
-0.024506,-0.020004,-0.02475,-0.029053,-0.025848,-0.0271
-0.026566,-0.017654,-0.017929,-0.023544,-0.025192,-0.026825
-0.018082,-0.017792,-0.017029,-0.018845,-0.024582,-0.02359
-0.010757,-0.015381,-0.019684,-0.017105,-0.02182,-0.015503
-0.0060883,-0.0093079,-0.018341,-0.019394,-0.017273,-0.0060425
0.00048828,-0.0059052,-0.013336,-0.019501,-0.013306,-0.00074768
0.0015717,-0.004425,-0.0084229,-0.011871,-0.012604,-0.0021057
-0.0066071,-0.001709,-0.0046387,-0.0028839,-0.010666,-0.0088654
-0.011536,-0.00091553,-0.0023041,-0.0017395,-0.0067749,-0.014603
-0.0083771,-0.0030212,-0.0035553,-0.0018311,-0.0066986,-0.013214
-0.0025024,-0.0068665,-0.0039215,0.0061035,-0.0045013,-0.0031281
0.0014801,-0.007019,0.0011902,0.014008,0.0063019,0.0066986
0.0022736,-0.00016785,0.0090485,0.011673,0.014236,0.0083923
0.0019836,0.0065613,0.014267,0.0062714,0.0096283,0.0073395
0.00032043,0.0069275,0.0087433,0.0093994,0.0039673,0.0050049
-0.0015869,0.00094604,-0.0024719,0.015976,0.0089264,-0.0010376
-0.0023193,-0.0076447,-0.0056915,0.016174,0.016693,-0.0013275
-0.0010071,-0.012024,-0.0007782,0.013031,0.018127,0.0069427
0.00039673,-0.0063629,0.008316,0.010773,0.014587,0.011749
-0.0010223,0.0056152,0.015366,0.0073853,0.0080109,0.0069885
-0.0020752,0.012405,0.012146,0.0036163,0.0018616,-0.0018616
-0.0011444,0.0084991,0.0045471,0.0055847,0.0007782,-0.004776
0.0021362,-0.0013123,0.0017395,0.012405,0.005188,0.00067139
0.0079041,-0.0067444,0.0027924,0.013245,0.012848,0.0083008
0.012497,-0.00068665,0.004303,0.0072021,0.015808,0.014908
0.01268,0.012405,0.0066528,0.0030518,0.011108,0.015442
0.011353,0.022156,0.013672,0.0014954,0.0059967,0.0073395
0.012924,0.025009,0.020172,-0.00050354,0.0007782,0.0024719
0.016174,0.02272,0.016296,0.00038147,-0.0033875,0.0094147
0.020798,0.015411,0.0081482,0.0057526,0.0016785,0.019623
0.024292,0.0072937,0.0069122,0.0084534,0.014832,0.02121
0.020676,0.0081482,0.0093384,0.0040436,0.022247,0.017197
0.013916,0.017609,0.0070953,-0.0016327,0.014816,0.016098
0.013199,0.023438,0.0045166,-0.0037994,0.0025635,0.013214
0.014816,0.019165,0.010834,-0.0020447,-0.0024109,0.0070801
0.011322,0.010315,0.019394,0.0058136,-0.0007019,0.0069122
0.0094757,0.0072632,0.02121,0.01651,0.0070801,0.01152
0.012024,0.012222,0.019943,0.022018,0.020096,0.012482
0.010284,0.01738,0.019196,0.01886,0.026672,0.0096436
0.0036469,0.016464,0.017197,0.010773,0.018295,0.0064545
0.0024109,0.010849,0.011276,0.0041962,0.0048523,0.004776
0.0093384,0.0056458,0.006012,0.0016479,-0.0019379,0.0032196
0.0082092,0.00080872,0.0059967,0.0043335,-0.00012207,-0.00027466
-0.0069733,-0.0053558,0.006485,0.0077515,0.0053101,-0.0041656
-0.019135,-0.0095825,0.0031891,0.0026398,0.0066376,-0.0081787
-0.019745,-0.010651,-0.0073242,-0.0084686,0.0016937,-0.012451
-0.015869,-0.011536,-0.019653,-0.015686,-0.0085754,-0.015457
-0.013458,-0.015244,-0.021057,-0.017136,-0.019455,-0.015915
-0.014389,-0.021271,-0.015518,-0.018127,-0.025497,-0.016418
-0.018753,-0.025528,-0.015305,-0.020233,-0.027145,-0.020645
-0.023651,-0.02504,-0.022263,-0.023117,-0.025406,-0.025421
-0.026535,-0.022583,-0.03183,-0.030365,-0.022644,-0.025787
-0.025772,-0.022797,-0.038422,-0.03804,-0.023926,-0.02182
-0.019608,-0.022568,-0.03862,-0.038467,-0.029968,-0.018784
-0.012039,-0.020737,-0.035446,-0.034592,-0.034119,-0.020233
-0.0099487,-0.021484,-0.031082,-0.03096,-0.034149,-0.020462
-0.012726,-0.022446,-0.025833,-0.027023,-0.031738,-0.016373
-0.013779,-0.018234,-0.021988,-0.021362,-0.023422,-0.014313
-0.010498,-0.0098267,-0.017502,-0.013596,-0.012009,-0.011276
-0.0054626,-0.0054474,-0.012924,-0.0077057,-0.0049591,-0.0024109
-0.0023956,-0.0058136,-0.010483,-0.0036316,-0.0024414,0.0038757
-0.0033417,-0.0045929,-0.0040436,0.003067,-0.0019989,0.0023346
-0.0056152,-0.0032654,0.0055389,0.0088501,-0.0010529,-0.0024567
-0.0046997,-0.0018768,0.0087128,0.011581,0.0036469,-0.0033722
-7.6294e-05,0.0022278,0.0074768,0.013809,0.0103,0.00012207
0.0014038,0.0069275,0.010757,0.015213,0.012573,0.0030365
-0.0010986,0.0092773,0.017914,0.017151,0.0092316,0.0056
0.0015259,0.010223,0.021423,0.021408,0.0068359,0.0061035
0.0076752,0.013,0.020981,0.024399,0.0090179,0.0026245
0.010132,0.014801,0.020248,0.022766,0.014099,0.0020294
0.0082703,0.012772,0.017029,0.020416,0.020218,0.0058899
0.0057373,0.010025,0.01355,0.020065,0.023087,0.009613
0.0061035,0.007309,0.013168,0.01712,0.020126,0.013748
0.0081177,0.0048523,0.0096588,0.010468,0.014023,0.017899
0.0121,0.0039215,0.0019073,0.0036011,0.0089264,0.018356
0.01622,0.0041199,-0.0021667,-0.00080872,0.0067291,0.013992
0.014465,0.0059357,0.00091553,-0.00048828,0.0064087,0.0093689
0.0091858,0.0084991,0.0049896,0.0014801,0.0061798,0.0060425
0.0050049,0.0081787,0.0037842,-0.00045776,0.0038605,0.0028229
0.0031738,0.0034637,-0.00030518,-0.0046692,-0.00073242,0.0048676
0.0045471,-0.0009613,-0.0048676,-0.0067749,-0.0050659,0.0071564
0.0074921,0.00053406,-0.0083466,-0.0077667,-0.0068359,0.0019379
0.0099182,0.0053406,-0.0069122,-0.0090485,-0.0050049,-0.0023346
0.007431,0.0054474,-0.0009613,-0.0068665,-0.001709,-0.0010529
0.00064087,0.0018158,0.0045624,-0.0010071,-0.00048828,0.0015717
0.00065613,0.003006,0.0041351,-0.00050354,-0.0030518,0.002655
0.0071564,0.0067291,-0.0035095,-0.0079346,-0.00737,0.0012817
0.0093079,0.0046234,-0.010391,-0.013306,-0.009613,-0.00086975
0.0044098,-0.0014343,-0.0056,-0.010513,-0.0093842,-0.0016937
-0.0041962,-0.0034485,0.0049896,-0.0029144,-0.005188,-0.0023499
-0.011459,-0.00019836,0.0070801,0.0047607,0.00093079,-0.0085297
-0.014252,0.00056458,0.0021667,0.0087738,0.0018616,-0.014709
-0.012405,-0.0064697,-0.0028839,0.0051727,-0.00064087,-0.010376
-0.0098419,-0.014877,-0.008194,-0.00022888,-0.0014343,-0.0033722
-0.010666,-0.017792,-0.010345,0.002594,0.00010681,-0.0041962
-0.013901,-0.016434,-0.002243,0.0083313,0.0018311,-0.010117
-0.018219,-0.011215,0.0086517,0.005249,0.0013733,-0.013657
-0.01915,-0.0036163,0.0062408,-0.0023956,-0.0052643,-0.014679
-0.013382,-0.00019836,-0.0068207,-0.0030975,-0.014679,-0.016251
-0.0073547,-0.0069885,-0.015427,-0.0020905,-0.013046,-0.016083
-0.0081787,-0.018158,-0.013336,-0.0045929,-0.0036774,-0.01181
-0.011993,-0.01976,-0.0055084,-0.0026093,0.0016022,-0.0039215
-0.0096283,-0.01004,-0.00036621,0.00035095,0.0015411,0.00091553
-0.0049744,0.002182,-0.0014191,-0.0055695,-0.0041504,-0.0022736
-0.0039825,0.0066833,-0.0070038,-0.016357,-0.013016,-0.0061493
-0.00050354,-0.0020752,-0.016403,-0.019699,-0.017441,-0.0037689
0.0037384,-0.015823,-0.024231,-0.011871,-0.010284,0.0012207
-0.00019836,-0.021652,-0.019455,-0.0040436,0.0024414,0.0028076
-0.0086212,-0.01503,-0.0061188,-0.0029907,0.0055695,0.0012817
-0.008606,-0.0011597,0.0016785,-0.0040588,-0.0018463,-0.00074768
0.00088501,0.0094757,0.0030212,-0.0042419,-0.0083771,-0.0025635
0.0068359,0.012329,0.0037537,-0.0033722,-0.0084381,-0.001709
0.0075073,0.010452,0.0044098,0.003006,-0.0042114,0.0044556
0.012695,0.005661,0.0054474,0.014389,0.0064697,0.012329
0.018723,0.0028076,0.010315,0.020569,0.022064,0.015411
0.014755,0.010513,0.019012,0.019409,0.027756,0.014099
0.0084839,0.025955,0.02504,0.017105,0.018585,0.013123
0.012802,0.034012,0.026031,0.016754,0.010025,0.013184
0.020004,0.027542,0.028091,0.017792,0.012955,0.013184
0.018265,0.015747,0.02858,0.0215,0.020676,0.015991
0.013077,0.01059,0.023087,0.027802,0.02626,0.018799
0.011642,0.012527,0.019974,0.028778,0.027679,0.01503
0.0096436,0.013184,0.021866,0.020554,0.023132,0.009613
0.0072784,0.013611,0.019791,0.0095215,0.014359,0.0084686
0.008728,0.017593,0.01358,0.006134,0.006424,0.0085754
0.011765,0.016617,0.013,0.010193,0.0051727,0.0054321
0.010269,0.0076599,0.015579,0.010773,0.0087738,0.0041809
0.0056,0.0010071,0.011002,0.0071259,0.010345,0.0085602
0.0067444,0.0018005,0.0016174,0.0018311,0.0075684,0.0096893
0.0094452,0.0052795,-0.005188,-0.0071106,0.0023804,0.0067902
0.0070038,0.0070496,-0.0068817,-0.015762,-0.0024109,0.0038757
0.0039368,0.0049744,-0.0066986,-0.017578,-0.0079193,-0.0016632
0.0010834,-0.001236,-0.010254,-0.014313,-0.012985,-0.0080566
-0.0040283,-0.010605,-0.014587,-0.013672,-0.014114,-0.011261
-0.011322,-0.018982,-0.015579,-0.015732,-0.012894,-0.010513
-0.015747,-0.019302,-0.016907,-0.017929,-0.012238,-0.009079
-0.013718,-0.01416,-0.020966,-0.021515,-0.013306,-0.0089569
-0.011398,-0.0112,-0.025101,-0.022049,-0.015839,-0.010117
-0.012451,-0.013977,-0.023727,-0.017593,-0.018585,-0.01384
-0.014465,-0.020187,-0.01767,-0.014771,-0.018707,-0.017532
-0.016968,-0.019913,-0.013077,-0.014526,-0.015594,-0.016937
-0.018829,-0.013199,-0.010147,-0.010529,-0.0112,-0.014206
-0.018967,-0.010269,-0.0099792,-0.0049133,-0.0073853,-0.014526
-0.01886,-0.011658,-0.010223,-0.0037994,-0.0062714,-0.015945
-0.016846,-0.010941,-0.0058289,-0.0037079,-0.0072479,-0.013412
-0.0075989,-0.0040436,-0.00018311,-0.00013733,-0.008255,-0.0090485
0.0047455,0.0048676,0.0052032,0.0062256,-0.0054169,-0.005249
0.006485,0.0077972,0.011917,0.011871,0.0039368,0.0011444
0.0013275,0.0068054,0.016357,0.014771,0.015305,0.01004
0.0031891,0.0080872,0.015274,0.016632,0.021744,0.014877
0.0090027,0.011627,0.011475,0.017593,0.01973,0.013626
0.014648,0.013611,0.0093689,0.015076,0.013885,0.011734
0.019409,0.012283,0.010208,0.0093842,0.010376,0.013077
0.019424,0.012192,0.012634,0.0054932,0.0088654,0.016296
0.016327,0.015961,0.014038,0.0045624,0.0080261,0.016602
0.013062,0.016556,0.010559,0.0036926,0.0058289,0.013092
0.01207,0.0090485,0.0028229,-7.6294e-05,0.0019989,0.0092926
0.010895,0.0029755,-0.003952,-0.0075378,0.00028992,0.005661
0.0067291,0.0029449,-0.0072784,-0.011139,-0.00091553,0.0035095
0.0039368,-0.00038147,-0.0076447,-0.0071259,-0.0046387,0.0029449
0.0018463,-0.0058441,-0.0066833,-0.0061493,-0.0082397,7.6294e-05
-0.0017242,-0.0062561,-0.0070038,-0.011749,-0.0093079,-0.0042267
-0.0054474,-0.0056458,-0.011871,-0.015549,-0.0095825,-0.0054321
-0.0079346,-0.010742,-0.019958,-0.017365,-0.010651,-0.0043182
-0.0077667,-0.01767,-0.024704,-0.02005,-0.013702,-0.0049744
-0.0098267,-0.01857,-0.024918,-0.022125,-0.017502,-0.0083771
-0.018295,-0.017319,-0.022568,-0.020157,-0.017014,-0.014496
-0.025986,-0.020584,-0.017548,-0.012375,-0.01564,-0.020828
-0.026886,-0.023804,-0.013382,-0.0075073,-0.016571,-0.023438
-0.023636,-0.020706,-0.01622,-0.0095978,-0.01622,-0.022705
-0.020004,-0.016708,-0.021973,-0.010773,-0.015488,-0.02037
-0.017761,-0.018494,-0.019897,-0.0089111,-0.015533,-0.01561
-0.017395,-0.019775,-0.013504,-0.0081177,-0.01622,-0.012894
-0.018204,-0.015106,-0.010315,-0.0062561,-0.016602,-0.0177
-0.018127,-0.012512,-0.010361,-0.0029297,-0.013824,-0.021408
-0.018723,-0.016144,-0.014633,-0.0071716,-0.010956,-0.018326
-0.018311,-0.018082,-0.021866,-0.015182,-0.014481,-0.013809
-0.011566,-0.016602,-0.024994,-0.014069,-0.020401,-0.013596
-0.0098267,-0.016388,-0.016159,-0.0061798,-0.017838,-0.01651
-0.018158,-0.014313,-0.0018311,7.6294e-05,-0.0086212,-0.013
-0.01973,-0.0072174,0.00093079,0.0010071,-0.0027771,-0.0073853
-0.010696,-0.0023956,-0.0086212,-0.00036621,-0.0050812,-0.0079956
-0.0026398,-0.0063171,-0.016251,-0.0014801,-0.0095825,-0.0090027
-0.0029144,-0.013794,-0.015182,-0.0059814,-0.0083313,-0.0069733
-0.0061951,-0.016327,-0.010284,-0.009079,-0.0083923,-0.0018311
-0.0050812,-0.011063,-0.0054474,-0.0047302,-0.011124,0.0017395
-0.0030212,-0.00067139,-0.0013885,0.00086975,-0.0088806,-0.0015411
-0.0019073,0.0065002,-0.00088501,0.00071716,-0.005661,-0.0068359
-7.6294e-05,0.0059967,-0.0063019,-0.0028839,-0.0056152,-0.0085754
0.0032806,0.0017548,-0.011719,-0.0020905,-0.0059662,-0.0054169
0.0052643,-0.0041046,-0.0083771,0.0021515,-0.0022583,0.0010223
0.00021362,-0.0081024,-0.00018311,0.0055389,0.0048523,0.0071106
-0.0057373,-0.0053101,0.0057678,0.0093536,0.010345,0.0095673
-0.0040131,0.0021973,0.0087738,0.013977,0.011215,0.0054932
0.0015106,0.0089264,0.0092468,0.017883,0.0071716,-0.0031433
0.0031281,0.011429,0.0092773,0.017258,0.0039063,-0.0076141
0.0014038,0.0089417,0.011322,0.014496,0.0054016,-0.003067
0.0026855,0.0024414,0.015366,0.013702,0.0080109,0.0055389
0.0047913,-0.00010681,0.017517,0.01355,0.0092163,0.011826
0.0039825,0.0073242,0.015015,0.01532,0.010727,0.012619
0.006485,0.016785,0.012192,0.015671,0.01355,0.010162
0.012878,0.020935,0.013885,0.014099,0.015137,0.0091095
0.016861,0.021683,0.017319,0.015289,0.014206,0.010193
0.018433,0.02179,0.01915,0.017456,0.014694,0.014709
0.020584,0.019043,0.022156,0.018356,0.017654,0.020752
0.021057,0.014908,0.025497,0.01622,0.017807,0.022507
0.017014,0.018188,0.023453,0.012863,0.015945,0.020752
0.015121,0.02623,0.015579,0.012421,0.016464,0.017792
0.019531,0.02562,0.007782,0.012329,0.017548,0.01384
0.020935,0.013138,0.0062714,0.0092163,0.015335,0.011444
0.013062,-0.00086975,0.0083466,0.0047302,0.0097656,0.013306
0.0041809,-0.0046844,0.004776,-0.00027466,0.0046387,0.014893
0.0019073,-0.00062561,-0.0033264,-0.0053864,0.00019836,0.0093689
0.0016785,0.001358,-0.009903,-0.008316,-0.0044556,-0.0007782
-0.0021515,-0.00083923,-0.014801,-0.010559,-0.0072479,-0.011032
-0.0092621,-0.0066528,-0.016998,-0.013626,-0.01088,-0.017578
-0.014603,-0.016235,-0.016632,-0.016373,-0.017212,-0.018295
-0.018768,-0.025223,-0.015488,-0.01825,-0.02211,-0.017624
-0.025223,-0.027328,-0.015793,-0.018784,-0.023636,-0.016632
-0.026794,-0.022186,-0.021271,-0.019196,-0.020935,-0.016678
-0.021347,-0.014893,-0.026581,-0.017075,-0.015717,-0.022278
-0.017487,-0.01329,-0.022537,-0.0096436,-0.012787,-0.027023
-0.018875,-0.018372,-0.011185,-0.0044403,-0.011337,-0.023849
-0.021713,-0.020233,-0.0038605,-0.0052032,-0.010086,-0.01651
-0.020477,-0.01413,-0.0042877,-0.0051422,-0.0093842,-0.0096436
-0.012756,-0.0045776,-0.0029297,0.00068665,-0.0062866,-0.004425
-0.0021515,0.0026703,0.0002594,0.0084839,0.0012817,-0.00061035
0.0045166,0.0067444,0.0025024,0.01152,0.0089264,0.0012512
0.0097961,0.010361,0.011017,0.011963,0.011475,0.0045776
0.016022,0.015503,0.020691,0.014038,0.010666,0.011322
0.019119,0.022476,0.025238,0.016754,0.010605,0.016495
0.022278,0.027267,0.028763,0.01915,0.013458,0.019196
0.025269,0.028564,0.029007,0.020004,0.017136,0.02092
0.026398,0.028488,0.026031,0.020126,0.01915,0.02182
0.028168,0.028015,0.023773,0.020966,0.01944,0.021576
0.030014,0.026138,0.021255,0.018967,0.018921,0.020767
0.031204,0.023102,0.021851,0.014633,0.02121,0.024948
0.029282,0.023041,0.023529,0.014175,0.025848,0.03244
0.024292,0.022202,0.020493,0.017212,0.029251,0.032913
0.019104,0.015884,0.015671,0.019012,0.028549,0.02594
0.014252,0.0092926,0.0095978,0.014679,0.023865,0.018921
0.010269,0.0057526,0.0026855,0.0039825,0.018494,0.012878
0.0067596,0.003006,-0.0018005,-0.0050354,0.0091095,0.007843
0.0033264,-0.0019684,-0.0020447,-0.0082703,-0.0023804,0.0056915
-0.0007782,-0.0059662,-0.0010986,-0.0077362,-0.0060425,0.0015564
-0.006897,-0.0058746,-0.0031128,-0.0059814,-0.0032959,-0.0061188
-0.011826,-0.0072021,-0.0061951,-0.0048523,-0.0030365,-0.011917
-0.012863,-0.010864,-0.01033,-0.0054321,-0.0078278,-0.013596
-0.012238,-0.013733,-0.014206,-0.010223,-0.011856,-0.012741
-0.010971,-0.014847,-0.015488,-0.017349,-0.011337,-0.011978
-0.011902,-0.011826,-0.013565,-0.019653,-0.011108,-0.011765
-0.014542,-0.0075378,-0.0080414,-0.014923,-0.013885,-0.011948
-0.013153,-0.0066528,-0.0071869,-0.011093,-0.01561,-0.014938
-0.010986,-0.0084229,-0.012299,-0.013214,-0.015244,-0.018875
-0.011215,-0.01149,-0.015244,-0.015137,-0.01474,-0.016129
-0.011429,-0.012573,-0.014999,-0.012497,-0.014725,-0.0080872
-0.008728,-0.0097351,-0.0099335,-0.0090332,-0.013229,-0.0034943
-0.0026855,-0.0053253,-0.0033569,-0.0078278,-0.0083313,-0.0047302
0.00035095,-0.0009613,-0.0038452,-0.0070953,-0.0050049,-0.0066986
0.0013885,0.0016174,-0.0082703,-0.0068817,-0.0054779,-0.0027161
0.00383,0.00022888,-0.010284,-0.0081177,-0.0076752,0.00354
0.0033569,-0.0044556,-0.0081329,-0.0080872,-0.0091705,0.0034943
0.0016327,-0.0077209,-0.004425,-0.0058136,-0.0053558,0.0015564
0.0019531,-0.0043793,-0.0044861,-0.0030365,0.00012207,0.0049133
0.0040283,0.0028381,-0.0065155,-0.00038147,0.0040436,0.0077667
0.006012,0.0042877,-0.0054474,0.0033417,0.0077515,0.0037842
0.0021362,-0.00032043,0.00018311,0.0073853,0.0080414,1.5259e-05
-0.0034027,-0.0042114,0.0062866,0.0090942,0.0062561,0.0033875
-0.0023193,-0.0048065,0.0066071,0.0094147,0.0056305,0.0080566
-0.00013733,-0.0020447,0.0040436,0.0096436,0.0066528,0.0059509
-0.002655,0.00028992,0.0028687,0.0098724,0.0084839,-0.00054932
-0.0067749,-0.0021973,0.0012054,0.0098877,0.007782,-0.0052643
-0.0094299,-0.0060425,-0.0022278,0.0055847,0.0036926,-0.010101
-0.010544,-0.0066681,-0.0022888,-0.00057983,-0.0040283,-0.013519
-0.0093536,-0.0055389,0.0041809,-0.0017853,-0.011353,-0.0092163
-0.0048828,-0.0016479,0.0081024,-0.00062561,-0.0091858,-0.0025024
-0.00083923,0.0051575,0.0076141,0.00019836,-0.00071716,-0.0011139
0.0015106,0.011368,0.0079803,0.0036774,0.0029907,-0.0015717
0.0065155,0.016022,0.0098572,0.0098877,0.0044403,0.00054932
0.011551,0.018265,0.013992,0.012192,0.0090942,0.0040283
0.014679,0.017044,0.01889,0.0080719,0.012772,0.01123
0.020081,0.015762,0.022049,0.0074158,0.015274,0.024155
0.025543,0.018677,0.020386,0.015961,0.019974,0.032578
0.024673,0.021805,0.016098,0.020615,0.02626,0.027496
0.019806,0.020325,0.013901,0.014465,0.026505,0.017059
0.017731,0.017471,0.013062,0.010437,0.016647,0.012131
0.017471,0.017075,0.013367,0.0086975,0.0073853,0.011978
0.0168,0.016068,0.016785,0.002655,0.0049438,0.014328
0.01651,0.011536,0.018463,0.00035095,0.0059814,0.018509
0.015457,0.0076447,0.0088348,0.0046844,0.0096893,0.017014
0.0088501,0.0067139,-0.0029907,0.0061646,0.011703,0.0067902
-0.0012512,0.0030212,-0.0056,-0.00030518,0.0052032,-0.0019836
-0.0059509,-0.0062714,-0.0073395,-0.0083313,-0.0060425,-0.0058746
-0.0068359,-0.013702,-0.01062,-0.012924,-0.012756,-0.0096893
-0.0093842,-0.015686,-0.010574,-0.014984,-0.012863,-0.010452
-0.013992,-0.016434,-0.010727,-0.014679,-0.011047,-0.0073395
-0.01799,-0.016052,-0.01358,-0.013336,-0.011154,-0.0099335
-0.02034,-0.01506,-0.017593,-0.012634,-0.01207,-0.019775
-0.022842,-0.0177,-0.022446,-0.012192,-0.013855,-0.025528
-0.023392,-0.023026,-0.024139,-0.013229,-0.01593,-0.024231
-0.024124,-0.026871,-0.018845,-0.016556,-0.01828,-0.022614
-0.027878,-0.027054,-0.01297,-0.018143,-0.021912,-0.023376
-0.029816,-0.02298,-0.014938,-0.017181,-0.024307,-0.024185
-0.026962,-0.016739,-0.020081,-0.016602,-0.024414,-0.023438
-0.01944,-0.011368,-0.01973,-0.015427,-0.020691,-0.022614
-0.012314,-0.010162,-0.015732,-0.013031,-0.016937,-0.021057
-0.0085297,-0.010956,-0.011063,-0.011597,-0.017197,-0.015533
-0.0032959,-0.0073395,-0.006546,-0.01152,-0.016891,-0.0067749
0.0012665,-0.0013733,-0.0026245,-0.0097809,-0.014908,0
0.0023956,0.0033417,-0.0010071,-0.0056305,-0.011917,0.0014648
0.0049438,0.0062408,-0.0040131,-0.0031586,-0.0062256,-0.0010986
0.0067902,0.0056,-0.0073395,-0.0015106,0.00076294,-0.0024414
0.0044403,0.0020294,-0.0062714,0.0026703,0.0039368,0.00054932
0.0037079,-0.0010986,-0.00012207,0.0052795,0.0035248,0.0059967
0.0059357,7.6294e-05,0.0049591,0.0037231,0.0047913,0.010696
0.0068207,0.0039673,0.0042419,0.0029755,0.0063782,0.011963
0.0056,0.0067139,0.0036011,0.0067444,0.0059967,0.0099182
0.0043488,0.0079346,0.0044556,0.010437,0.0063324,0.0057983
0.0065613,0.0069122,0.0029755,0.0085449,0.0078278,0.0012054
0.009552,0.0040283,0.00010681,0.0044861,0.006424,0.0016479
0.0092926,0.0023499,0.00093079,0.0018005,0.0021515,0.0092926
0.0071869,0.0040131,0.0061493,0.0019073,0.0033264,0.015152
0.0037231,0.0066223,0.010803,0.0072021,0.010345,0.013321
0.0025024,0.0067902,0.01152,0.013657,0.013168,0.0082092
0.0044556,0.0049438,0.0072937,0.015335,0.010605,0.004776
0.0052032,0.0031281,0.0019989,0.011078,0.0085449,0.004425
0.0053406,0.0016479,-0.00022888,0.0051575,0.0078735,0.0048828
0.003067,-0.0007019,0.00038147,0.0019684,0.0053558,0.0026855
-0.0055084,-0.001236,0.0034485,-0.00030518,0.00080872,-0.0017395
-0.013596,-0.0018921,0.005722,-0.00083923,-0.0028229,-0.0055084
-0.014069,-0.0068359,-0.00053406,0.00097656,-0.0036774,-0.0076599
-0.0095825,-0.010452,-0.011475,-3.0518e-05,-0.0033722,-0.0090332
-0.0031891,-0.008728,-0.013367,-0.0044861,-0.0045776,-0.0076447
0.0014801,-0.0027008,-0.0049286,-0.0075836,-0.0039978,-0.00068665
0.0019836,0.0063477,0.0053253,-0.0066681,-0.0017853,0.0046692
0.0026093,0.01181,0.0084686,-0.0028229,-0.0021057,0.0025482
0.0046692,0.0078583,0.0018768,0.0018768,-0.0028381,-0.0014954
0.0037231,-0.00083923,-0.0067291,0.003006,-0.0024109,-0.0016479
0.0007782,-0.0073242,-0.010635,-0.0014038,-0.00068665,0.0022583
0.0010376,-0.0075531,-0.0080566,-0.0067749,0.0024261,0.0052032
0.0017395,-0.0022736,-0.0032043,-0.0063934,0.0035095,0.0067749
0.0007019,0.0018158,0.00056458,0.0007782,0.0035706,0.0086823
0.0031891,0.0019836,0.0042725,0.0075531,0.0072479,0.0071869
0.005188,0.00048828,0.0033875,0.010559,0.010162,0.0049591
0.0014038,-0.0019379,0.0021362,0.010239,0.0073242,0.0050049
-0.0016327,-0.002182,0.0056305,0.0080109,0.00354,0.0031433
0.00010681,0.0023193,0.0051422,0.0072479,0.003006,-0.00036621
0.0029297,0.0053101,0.0019226,0.0049438,0.003479,-0.00048828
0.0017242,0.003067,0.0012817,-0.0002594,0.0028534,0.0011902
-0.0032043,-0.0016022,0.00039673,-0.0018005,0.0012665,-0.0023651
-0.0074463,-0.004425,-0.0004425,-0.00086975,-0.0035248,-0.0083771
-0.0090942,-0.0031738,-4.5776e-05,-0.0027618,-0.010239,-0.010193
-0.0078735,-0.0018921,0.0005188,-0.002243,-0.013184,-0.01004
-0.006546,-0.0016479,-0.0002594,0.00067139,-0.0090637,-0.010223
-0.0053253,-0.0016632,-0.0017548,-0.0011902,-0.0015564,-0.0081482
-0.0039063,-0.00090027,3.0518e-05,-0.004425,0.00091553,-0.0048981
-0.0049896,0.0037079,0.0058899,-0.0016022,-0.00015259,-0.0034943
-0.0036469,0.0079956,0.012878,0.0073853,0.0016022,-0.0012207
0.0036926,0.0084991,0.016724,0.012787,0.0062866,0.0041199
0.012939,0.0078735,0.012619,0.01152,0.010391,0.01059
0.017899,0.0093994,0.0045624,0.010956,0.014008,0.015518
0.015137,0.012604,0.0038452,0.010193,0.01767,0.014908
0.011078,0.012894,0.010834,0.0066681,0.015335,0.010422
0.010696,0.012558,0.016739,0.0055084,0.0084534,0.0084534
0.013474,0.015686,0.018967,0.0089874,0.0061493,0.011429
0.018387,0.017502,0.018677,0.011627,0.009079,0.018356
0.020416,0.015549,0.014954,0.010849,0.014603,0.022263
0.018616,0.013428,0.0090027,0.010208,0.020828,0.017548
0.015884,0.01358,0.0069122,0.0112,0.022583,0.012268
0.013474,0.015747,0.012177,0.010269,0.018478,0.013535
0.01358,0.01767,0.019257,0.0054779,0.012726,0.016586
0.016083,0.018585,0.021713,0.0046234,0.011047,0.018829
0.019394,0.01683,0.018051,0.011383,0.015793,0.019882
0.020081,0.01181,0.011246,0.016724,0.021027,0.019058
0.01503,0.0083923,0.0066223,0.013977,0.022766,0.017502
0.0096741,0.0089874,0.0059967,0.006134,0.020096,0.013824
0.010284,0.011139,0.0093842,0.00088501,0.011292,0.009964
0.013718,0.012726,0.01506,0.0015411,0.0036011,0.011078
0.014725,0.012955,0.016647,0.0023499,0.005188,0.015762
0.014008,0.012909,0.0121,0.0017395,0.011139,0.016602
0.012253,0.011612,0.0068512,0.005661,0.012878,0.01062
0.0091248,0.0081787,0.0039368,0.0081787,0.0092621,0.0028992
0.0037994,0.0049438,0.0032654,-0.00010681,0.0025787,-0.0030212
-0.0033722,0.0019379,0.0035248,-0.0084991,-0.0036621,-0.0064545
-0.0044403,-0.00091553,0.0034637,-0.0079803,-0.0061646,-0.005127
-0.00054932,-0.0025024,0.00080872,-0.0081024,-0.0068054,-0.003006
-0.0014038,-0.0041504,-0.0066681,-0.0112,-0.008606,-0.0045319
-0.0055237,-0.0078278,-0.013199,-0.012085,-0.0094604,-0.005249
-0.010101,-0.011215,-0.015472,-0.012405,-0.0058441,-0.0071716
-0.015045,-0.012924,-0.01532,-0.013794,-0.004303,-0.013351
-0.01561,-0.014526,-0.012787,-0.015305,-0.010117,-0.016098
-0.011887,-0.014496,-0.011429,-0.016342,-0.014954,-0.012329
-0.0097961,-0.01088,-0.011505,-0.016769,-0.016327,-0.0072174
-0.0077362,-0.0054016,-0.010239,-0.015823,-0.017258,-0.0066223
-0.0045013,-0.0023804,-0.010544,-0.012573,-0.012985,-0.012009
-0.0043793,-0.0022888,-0.010452,-0.0075226,-0.0063782,-0.015503
-0.0048981,-0.0027161,-0.0041504,-0.0041046,-0.004364,-0.0091248
0.00059509,0.00032043,0.0027008,-0.0058899,-0.0048676,0.0013885
0.0095978,0.0078583,0.0053864,-0.0071259,-0.005127,0.007782
0.01265,0.012024,0.0072021,-0.00076294,-0.0027008,0.010803
0.010635,0.010284,0.008194,0.006897,0.0037994,0.010742
0.0088348,0.0083466,0.0075531,0.0092468,0.011978,0.0071869
0.0078583,0.0081635,0.0046997,0.0087738,0.015152,0.0039063
0.0096588,0.0073547,0.0047302,0.0071106,0.012421,0.0068817
0.012177,0.0059509,0.010864,0.0050049,0.0088806,0.01503
0.012314,0.0089264,0.013794,0.0055542,0.0042725,0.016098
0.010223,0.013702,0.011887,0.0079041,0.0029907,0.0075836
0.0053711,0.010269,0.0089111,0.0075378,0.0048065,-0.00016785
0.00019836,0.0012207,0.0026855,0.0027618,0.0041504,-0.0034485
-0.0010834,-0.0031281,-0.0027008,-0.0030518,0.0026093,-0.0029449
0.00099182,-0.00015259,-0.0031128,-0.0062714,-0.00056458,0.001358
0.0032806,0.0025635,-0.0014648,-0.0054321,-0.00177,0.0058746
0.001358,-0.0022736,-0.001297,-0.0016632,0.0022583,0.0057526
-0.0071259,-0.010529,-0.0040131,-0.00036621,0.003891,0.00033569
-0.013245,-0.01561,-0.0097351,-0.0034637,-0.00032043,-0.0068665
-0.011642,-0.015884,-0.01506,-0.0079346,-0.0054169,-0.011017
-0.0089111,-0.013428,-0.014374,-0.011093,-0.0077209,-0.0086517
-0.0072479,-0.0096436,-0.010483,-0.010681,-0.0062714,-0.0030365
-0.0052643,-0.0061646,-0.0088196,-0.0090637,-0.0025787,-0.001297
-0.0065613,-0.0074005,-0.010452,-0.0093536,-0.0024719,-0.003891
-0.010544,-0.011505,-0.010712,-0.0087738,-0.0080261,-0.0065918
-0.0091858,-0.011917,-0.0070343,-0.0057678,-0.01236,-0.0083923
-0.0029907,-0.0052185,-0.0049744,-0.0027924,-0.0099335,-0.0089722
0.0024261,0.0036163,-0.0036621,-0.0018768,-0.003418,-0.0057068
0.0050201,0.0058899,-0.00088501,-0.0040436,0.0015869,0.00099182
0.0023651,0.0032043,0.0010681,-0.0049591,0.0011444,0.0044098
-0.003479,0.00083923,0.001297,-0.0018311,-0.0038757,0.0010223
-0.0072479,-0.0032043,-0.00062561,-0.00065613,-0.0075531,-0.0061798
-0.0081635,-0.0077515,-0.0018768,-0.0011902,-0.0087128,-0.012299
-0.0074921,-0.0075378,-0.0009613,-9.1553e-05,-0.0080261,-0.012268
-0.0058746,-0.00383,-0.00036621,-0.0013428,-0.0032043,-0.0058441
-0.0036011,0.0014191,0.0004425,-0.005127,0.0005188,0.0026093
-0.0014191,0.006012,0.0019531,-0.0053558,-7.6294e-05,0.0048523
-0.00042725,0.0053864,0.0034943,0.0033417,-0.00088501,-0.0032959
-0.0016785,0.0010681,0.0073853,0.01445,-0.0014801,-0.012451
-0.0049591,-0.0029297,0.0095673,0.014221,-0.0015411,-0.012482
-0.0070648,-0.0037842,0.0041046,0.0064087,0.0010681,-0.0037994
-0.0053864,-0.0034332,-0.0031738,0.00045776,0.0054321,0.0044403
-0.002655,-0.0058441,-0.0056763,-0.0028381,0.005722,0.0048523
-0.0032654,-0.0056305,-0.0032806,-0.0017242,0.0011292,0.00076294
-0.0050201,-0.0011749,0.0010986,0.0016327,-0.0014496,-0.004303
-0.0032959,0.0019226,0.0047913,0.0060577,-0.00041199,-0.0088654
0.00039673,0.0020447,0.0079803,0.010269,0.0018005,-0.0056305
0.0039673,0.0029297,0.0088806,0.009201,0.0068359,0.0052948
0.0072021,0.0088196,0.0070953,0.0069733,0.01326,0.013687
0.009964,0.014526,0.0093384,0.0082092,0.017609,0.015762
0.014206,0.018051,0.017349,0.012039,0.020401,0.012558
0.019943,0.023071,0.023682,0.018555,0.018677,0.011566
0.024628,0.024216,0.026184,0.022629,0.016983,0.019684
0.02562,0.020065,0.024231,0.01973,0.022598,0.028992
0.023346,0.017807,0.017395,0.015228,0.027863,0.031067
0.021591,0.019058,0.014664,0.013031,0.025909,0.025269
0.02269,0.020889,0.018707,0.010635,0.018555,0.019302
0.025269,0.023102,0.023331,0.0081787,0.013168,0.01886
0.024384,0.026657,0.026443,0.0098572,0.012924,0.019791
0.020111,0.02626,0.027023,0.014908,0.014801,0.020325
0.018021,0.018066,0.02298,0.015854,0.017731,0.018692
0.015457,0.010071,0.013428,0.010895,0.018158,0.014145
0.0065613,0.0058746,0.0035553,0.002594,0.01297,0.006958
-0.0037079,0.0010986,-0.00073242,-0.0060272,0.0027618,-0.003006
-0.0068665,-0.0051575,-0.0023956,-0.010574,-0.0080109,-0.0088959
-0.0065918,-0.0097809,-0.006546,-0.013504,-0.013657,-0.0092773
-0.012421,-0.011673,-0.012634,-0.016922,-0.013809,-0.010742
-0.02034,-0.01651,-0.017838,-0.017746,-0.012451,-0.014069
-0.021729,-0.024704,-0.022186,-0.018143,-0.015472,-0.018631
-0.021606,-0.029694,-0.026825,-0.022369,-0.022659,-0.024612
-0.025909,-0.027924,-0.030594,-0.028992,-0.028702,-0.028198
-0.028503,-0.023666,-0.030396,-0.033264,-0.031479,-0.027573
-0.024475,-0.022812,-0.028534,-0.032486,-0.030045,-0.024429
-0.018799,-0.023239,-0.029175,-0.027222,-0.026779,-0.021072
-0.017319,-0.023804,-0.028275,-0.021851,-0.023682,-0.019669
-0.01947,-0.022263,-0.023865,-0.019302,-0.018707,-0.018097
-0.018539,-0.015961,-0.019928,-0.017654,-0.015076,-0.015717
-0.01181,-0.0098724,-0.016525,-0.014694,-0.015732,-0.01329
-0.0045776,-0.0061035,-0.0097809,-0.01062,-0.014999,-0.0073395
0.00039673,-0.0021973,-0.0019226,-0.0060883,-0.0090179,-0.00038147
0.0044098,0.0038452,0.0028687,0.00082397,-0.0020599,0.0041962
0.0083008,0.0089569,0.0069275,0.0074158,0.0033569,0.0067596
0.011353,0.010391,0.008316,0.0097351,0.0087128,0.0075073
0.012939,0.01239,0.0065918,0.010223,0.011292,0.010406
0.013916,0.014755,0.0076141,0.010361,0.01088,0.013245
0.014938,0.014252,0.012512,0.010834,0.010895,0.012741
0.016327,0.012085,0.016235,0.012009,0.0083923,0.012512
0.01442,0.0103,0.013275,0.012024,0.0026703,0.010101
0.0065002,0.0096893,0.0077057,0.0086823,0.0013123,0.0032959
0.00015259,0.0076599,0.0048981,0.0029144,0.0052032,-0.0011749
0.00099182,0.0029755,0.0027008,0.0012512,0.0071716,0.00067139
0.0034943,-0.0017395,0.0005188,0.0053558,0.0045776,0.0047302
0.0025024,-0.0048981,0.001297,0.0072784,0.0029602,0.0064392
-0.00018311,-0.0016327,0.0031433,0.0050964,0.0048676,0.0046234
-0.0025635,0.0026245,0.0014038,0.003418,0.0052032,0.0005188
-0.0047302,-0.0052338,-0.0027161,0.0010986,0.0031586,-0.0029449
-0.0057983,-0.014221,-0.0084839,-0.0023956,0.0012207,-0.0023193
-0.0058289,-0.013153,-0.014175,-0.0059814,0.00086975,0.00097656
-0.0063019,-0.010513,-0.01413,-0.0077972,0.00027466,-6.1035e-05
-0.0081482,-0.0098114,-0.0081329,-0.0042267,-0.0045319,-0.0068512
-0.010162,-0.0094147,-0.0025177,-0.00091553,-0.010147,-0.01149
-0.0103,-0.0074615,-0.0027313,-0.0032501,-0.010071,-0.010498
-0.0079041,-0.0031891,-0.0048828,-0.0072937,-0.0067444,-0.0085449
-0.0033112,-0.00062561,-0.0052948,-0.0081635,-0.0058136,-0.0058441
-0.0002594,0.00045776,-0.0061798,-0.006073,-0.0053711,-0.0022278
-0.0014038,0.0013428,-0.0055237,-0.005249,-0.005249,-0.0016174
-0.0049744,-0.0019989,-0.0025635,-0.0040894,-0.0068665,-0.0041809
-0.0082245,-0.0082855,-0.0019226,-0.0018463,-0.0062714,-0.0065918
-0.0077515,-0.0112,-0.0027466,-0.0034332,-0.0041351,-0.0064545
-0.0043488,-0.0068359,-0.0051575,-0.0076447,-0.0061646,-0.0055542
-0.0015259,0.0031891,-0.010025,-0.011658,-0.011978,-0.0057831
-0.0005188,0.0055389,-0.012207,-0.013687,-0.015442,-0.0067139
-0.0043488,-0.0059204,-0.011948,-0.010117,-0.013855,-0.0086975
-0.012283,-0.018631,-0.010681,-0.0052185,-0.010895,-0.012054
-0.019073,-0.023315,-0.010696,-0.0057831,-0.010651,-0.015366
-0.022079,-0.019882,-0.013748,-0.0087738,-0.013504,-0.016846
-0.019775,-0.015732,-0.016006,-0.010376,-0.017563,-0.01741
-0.015945,-0.016586,-0.019531,-0.012344,-0.021378,-0.018677
-0.018143,-0.018875,-0.023178,-0.013123,-0.021652,-0.02121
-0.025177,-0.022812,-0.021072,-0.010986,-0.016998,-0.024475
-0.029922,-0.02626,-0.01561,-0.0084229,-0.01387,-0.025116
-0.028885,-0.024597,-0.013123,-0.0059814,-0.015213,-0.023163
-0.023758,-0.020081,-0.014282,-0.005127,-0.017838,-0.021851
-0.019043,-0.014359,-0.012192,-0.0062714,-0.016937,-0.018036
-0.013794,-0.0089264,-0.0083771,-0.0049744,-0.010834,-0.010864
-0.0061798,-0.0042267,-0.0069122,0.00076294,-0.005249,-0.0064697
-0.0012512,-0.00076294,0.00015259,0.0075836,0.00010681,-0.0062256
0.00013733,0.0026245,0.0091553,0.010529,0.0062408,-0.0063019
0.0012665,0.0094757,0.01091,0.010696,0.0059052,-0.0002594
0.0056458,0.011887,0.010574,0.010513,0.0026093,0.010986
0.014099,0.008194,0.0080872,0.0088348,0.0062714,0.017853
0.020218,0.0093384,0.004364,0.010269,0.013535,0.020554
0.021591,0.013901,0.0079193,0.012863,0.017395,0.0215
0.020889,0.018921,0.015503,0.011612,0.018768,0.019394
0.020905,0.024155,0.021042,0.014496,0.019165,0.017288
0.022171,0.023834,0.022995,0.020325,0.016617,0.016876
0.019989,0.018967,0.018997,0.020416,0.013733,0.018524
0.014893,0.013367,0.011887,0.01593,0.014389,0.019867
0.011475,0.0080261,0.0065918,0.010712,0.015091,0.01532
0.0083313,0.0048523,0.0050659,0.0076141,0.012024,0.0058594
0.0025787,0.0023193,0.0065002,0.0050507,0.006012,-0.00094604
-0.0044403,-0.00010681,0.0053253,0.00062561,0.00082397,-0.0020905
-0.0086823,-0.0018005,-0.0015411,-0.0028534,-0.0044098,-0.0032043
-0.009613,-0.0068207,-0.0098877,-0.0048523,-0.010941,-0.0081482
-0.012726,-0.015457,-0.014572,-0.0087585,-0.014709,-0.015869
-0.020889,-0.021225,-0.015579,-0.013016,-0.017944,-0.022827
-0.026199,-0.022018,-0.015442,-0.014465,-0.022369,-0.024811
-0.021881,-0.020813,-0.016403,-0.016663,-0.022552,-0.021881
-0.015762,-0.016815,-0.020111,-0.018814,-0.017319,-0.015594
-0.013443,-0.011566,-0.020294,-0.014435,-0.011612,-0.0088501
-0.011536,-0.012039,-0.014709,-0.0070038,-0.0086975,-0.0069427
-0.011078,-0.015671,-0.012161,-0.0041962,-0.0077209,-0.0089264
-0.011597,-0.015625,-0.011749,-0.004303,-0.0069427,-0.0098724
-0.010315,-0.011612,-0.0090942,-0.0049744,-0.0060883,-0.0090332
-0.00737,-0.0039215,-0.0071564,-0.006485,-0.0068665,-0.0068512
-0.0030365,0.0031128,-0.0052338,-0.0055084,-0.0070496,-0.0018311
0.0012512,0.0048065,-0.00062561,-0.0013123,-0.0027008,0.0034332
0.0044098,0.0026398,0.0053253,0.0045929,0.0014343,0.0030212
0.0058136,0.00085449,0.0082855,0.0096893,0.0012665,0.00074768
0.0049744,0.0044403,0.0065918,0.0084686,0.00050354,0.0020142
0.0053711,0.0098114,0.004364,0.0025177,0.0019073,0.0040741
0.0089569,0.010925,0.004776,1.5259e-05,0.0040131,0.0057373
0.010391,0.01091,0.0064545,0.002121,0.001709,0.0054016
0.0072327,0.010773,0.0074005,0.0049744,-0.0027771,0.001297
0.0029907,0.0066223,0.0056915,0.0057373,-0.0028839,-0.0030823
-0.00091553,-0.00086975,0.0017242,0.0029144,-0.0023041,-0.0042725
-0.0044098,-0.0062714,-0.0024261,-0.0012512,-0.0021515,-0.0026703
-0.0055389,-0.0061035,-0.006485,-0.0022736,0.00067139,3.0518e-05
-0.002594,-0.0029755,-0.0053711,0.0013123,0.003952,0.0018616
-0.00012207,-0.0024414,-6.1035e-05,0.0058746,0.0039063,0.0015259
-0.002182,-0.0037994,0.0004425,0.0078125,0.0004425,-0.0010529
-0.0028534,-0.00383,-0.0016479,0.0042114,-0.00068665,-0.003891
-0.00076294,-0.004715,-0.0059052,-0.0041962,0.00012207,-0.0016174
-0.0021362,-0.0049133,-0.011414,-0.0080566,0.00016785,0.0027466
-0.0044098,-0.0026855,-0.0085297,-0.0025177,0.0021057,0.0013123
0.00013733,-0.0019684,0.00016785,0.0053253,0.0025482,-0.00086975
0.0072174,0.00059509,0.0049133,0.0081024,0.0011597,0.0020142
0.0082397,0.0078888,0.007782,0.0063324,0.0015869,0.0069275
0.0076294,0.012634,0.013,0.0042572,0.0037231,0.009903
0.010712,0.013046,0.014053,0.0052795,0.0080872,0.010101
0.014725,0.013321,0.0077972,0.0086365,0.013077,0.012695
0.017166,0.013489,0.0031433,0.010941,0.018524,0.017807
0.017303,0.012405,0.006958,0.013229,0.021576,0.020309
0.0159,0.011398,0.015015,0.01445,0.01828,0.020493
0.01561,0.012314,0.019516,0.012573,0.012787,0.019012
0.01709,0.013718,0.01619,0.0091705,0.01033,0.018753
0.0177,0.013107,0.0073242,0.0058746,0.014236,0.018677
0.014694,0.010162,0.002121,0.0063629,0.018341,0.014084
0.0076141,0.0067139,0.0039673,0.0078125,0.01387,0.010132
0.00177,0.0032349,0.0059509,0.0050812,0.0062714,0.0074615
-0.0019226,-0.0018463,0.0038452,0.0014191,0.00099182,0.0012665
-0.0082245,-0.0072784,0.0010529,-0.00015259,-0.0030823,-0.0059052
-0.012833,-0.010117,-0.0032196,-0.00086975,-0.005127,-0.011932
-0.012894,-0.0094452,-0.010254,-0.0045013,-0.0066681,-0.014908
-0.012375,-0.0089722,-0.014221,-0.010956,-0.0086365,-0.01326
-0.01442,-0.012497,-0.013184,-0.01384,-0.009903,-0.010757
-0.017639,-0.017197,-0.0083923,-0.010941,-0.012604,-0.011276
-0.020508,-0.019028,-0.0054474,-0.0071106,-0.015213,-0.015808
-0.022919,-0.017105,-0.0084076,-0.0054474,-0.014664,-0.020752
-0.018967,-0.012283,-0.010986,-0.0060577,-0.012512,-0.020828
-0.010391,-0.0077209,-0.010193,-0.0093536,-0.0098114,-0.014816
-0.0039368,-0.0040588,-0.0065308,-0.010712,-0.0072479,-0.0054626
0.00047302,0.00019836,-0.0010834,-0.0048981,-0.0045929,0.0016174
0.0022278,0.0010834,0.0033875,0.0048065,-7.6294e-05,0.0041199
0.0022583,0.0010529,0.0076752,0.010117,0.0045319,0.0040131
0.0047913,0.0074005,0.011185,0.0082855,0.0058441,0.0030823
0.011658,0.015076,0.011887,0.0057068,0.0053101,0.0045166
0.018143,0.019119,0.011185,0.0067139,0.0063782,0.0091858
0.019943,0.019882,0.013168,0.0089569,0.0093994,0.014496
0.017075,0.0177,0.017715,0.010376,0.012619,0.015915
0.012772,0.015808,0.017975,0.012161,0.014542,0.01326
0.012863,0.013702,0.014557,0.013702,0.014008,0.013031
0.015228,0.010513,0.012238,0.011169,0.011597,0.014206
0.01535,0.010544,0.010361,0.0066681,0.010727,0.014038
0.015182,0.014069,0.0099182,0.005127,0.011261,0.014328
0.014236,0.015091,0.0098419,0.0062103,0.011139,0.012756
0.010101,0.011139,0.0078278,0.0069427,0.010284,0.0087891
0.0049286,0.0067291,0.0059052,0.0048218,0.0089264,0.0036926
0.0018311,0.0028076,0.0024261,0.0014343,0.0043793,-0.0023804
0.00065613,-0.0026398,-0.0037689,-0.0027466,-0.0032806,-0.0048065
-0.0023193,-0.006134,-0.0097198,-0.0093079,-0.0074615,-0.0022278
-0.0087891,-0.0072784,-0.012238,-0.013824,-0.0082245,-0.0016785
-0.012909,-0.0098572,-0.0092773,-0.012634,-0.0071716,-0.0058899
-0.010437,-0.012543,-0.0066833,-0.008728,-0.0063934,-0.01149
-0.0075531,-0.01236,-0.0077209,-0.007431,-0.010956,-0.014297
-0.01033,-0.0103,-0.008316,-0.0083618,-0.014572,-0.012848
-0.012878,-0.0078278,-0.0074768,-0.0081177,-0.011566,-0.011383
-0.010391,-0.0056152,-0.0070496,-0.0078125,-0.0070801,-0.0094604
-0.0079346,-0.0064697,-0.007843,-0.0070801,-0.0053101,-0.0042267
-0.0058899,-0.0093994,-0.0070648,-0.0055695,-0.0042877,-0.00099182
-0.0029449,-0.0083466,-0.0053864,-0.0040283,-0.0025024,-0.0032349
-0.00177,-0.0023956,-0.0050354,-0.0031281,-0.0024414,-0.0046844
-0.0016479,0.0030975,-0.0033417,-0.0041504,-0.0027313,-0.0020142
-0.0013733,0.0046997,-0.0011139,-0.0041809,-0.0029602,-0.0010681
0.00021362,0.0016632,-0.0012054,-0.0037079,-0.0071564,-0.002533
0.0023804,-0.0039368,-0.0038757,-0.0046234,-0.0090637,-0.0015717
0.00073242,-0.0075226,-0.0078583,-0.0050659,-0.0036163,0.00022888
-0.0044556,-0.0077667,-0.0087585,-0.00354,-4.5776e-05,0.00056458
-0.0070801,-0.0050964,-0.0050049,-0.0007782,-0.0011902,-0.00018311
-0.0060883,-0.001709,-0.0019836,-0.0010834,-0.0015106,-0.0041809
-0.0057068,-0.0021515,-0.0035248,-0.0036163,-0.0018463,-0.0096893
-0.0056305,-0.0065155,-0.008316,-0.0057983,-0.0071564,-0.010864
-0.0076141,-0.012283,-0.013336,-0.009201,-0.014679,-0.010757
-0.01506,-0.016464,-0.015549,-0.011597,-0.016327,-0.014099
-0.022186,-0.015289,-0.013992,-0.010635,-0.013458,-0.016281
-0.022156,-0.012939,-0.011765,-0.0099945,-0.012146,-0.016937
-0.017487,-0.015015,-0.013123,-0.011169,-0.01445,-0.019577
-0.014465,-0.016907,-0.015213,-0.010513,-0.017929,-0.021606
-0.014053,-0.016449,-0.015656,-0.010193,-0.019485,-0.020813
-0.015411,-0.016144,-0.016953,-0.012405,-0.020111,-0.016174
-0.017151,-0.01506,-0.017517,-0.013596,-0.017044,-0.011444
-0.013947,-0.0112,-0.014999,-0.010529,-0.0094757,-0.011292
-0.0059204,-0.0041351,-0.0069885,-0.0015411,-0.0044403,-0.0093536
0.0035553,0.0019684,0.0036316,0.006073,-0.0023956,-0.0023499
0.012207,0.0062561,0.0088348,0.007431,0.00045776,0.0049896
0.014938,0.010666,0.008728,0.0097809,0.0054321,0.013077
0.013245,0.013077,0.011993,0.014648,0.014389,0.020935
0.014008,0.016006,0.018433,0.018539,0.023666,0.021576
0.019516,0.021042,0.021927,0.022842,0.025269,0.017822
0.026596,0.026474,0.026047,0.026001,0.02121,0.019272
0.030014,0.030045,0.028961,0.024078,0.019318,0.024139
0.028107,0.026657,0.026688,0.019745,0.020401,0.025909
0.022064,0.021133,0.021149,0.01619,0.02037,0.024216
0.015244,0.016937,0.013229,0.012589,0.018951,0.019867
0.0093536,0.0093842,0.007843,0.010239,0.017334,0.012619
0.004715,0.0033264,0.0070496,0.0092773,0.01149,0.0059509
0.0031281,0.0025787,0.0067291,0.005127,0.0020599,0.0013428
0.0013123,0.0018158,0.0029144,-0.0026093,-0.005127,-0.0026093
-0.0033417,-0.0025177,-0.0035858,-0.0085449,-0.0071564,-0.004715
-0.0091553,-0.0070953,-0.010132,-0.011398,-0.0055847,-0.0076599
-0.014801,-0.0089722,-0.015701,-0.012192,-0.0061493,-0.012054
-0.016449,-0.012833,-0.016251,-0.011093,-0.0094757,-0.013809
-0.013657,-0.017227,-0.012756,-0.010101,-0.013077,-0.013535
-0.011765,-0.014435,-0.0098267,-0.010147,-0.016525,-0.013367
-0.012573,-0.0082245,-0.0065002,-0.011688,-0.01651,-0.014847
-0.013489,-0.0053864,-0.0045013,-0.012024,-0.012466,-0.015182
-0.01123,-0.0062714,-0.0066681,-0.0077515,-0.0084381,-0.010483
-0.0061188,-0.0080109,-0.0098267,-0.0023346,-0.0047913,-0.0045776
-0.0019684,-0.0071564,-0.0084076,0.0010071,-0.00050354,-0.00010681
0.0007019,-0.0031891,-0.00068665,0.0037537,0.003067,0.0039673
0.0035706,0.0030212,0.0080109,0.0073853,0.0070343,0.0071869
0.0076447,0.0091705,0.013947,0.012222,0.012802,0.010147
0.012726,0.014725,0.016647,0.016129,0.016678,0.013016
0.018204,0.019836,0.01712,0.015854,0.017227,0.017105
0.024048,0.022766,0.020035,0.016846,0.018661,0.022263
0.028168,0.025528,0.026642,0.023499,0.022064,0.02449
0.027359,0.028412,0.033798,0.028839,0.026505,0.023697
0.023056,0.02977,0.035828,0.027969,0.030045,0.022461
0.02092,0.029022,0.032593,0.023071,0.027481,0.022995
0.023331,0.024719,0.026886,0.018677,0.02211,0.022324
0.026459,0.021729,0.019791,0.015808,0.019257,0.018951
0.023956,0.023087,0.017807,0.013214,0.018082,0.018265
0.016769,0.022766,0.01976,0.012192,0.02034,0.018509
0.012009,0.016403,0.019531,0.012497,0.021103,0.016006
0.010376,0.0070801,0.015518,0.010223,0.01532,0.011688
0.0081329,0.004303,0.007309,0.0037842,0.0090942,0.0079498
0.0062866,0.0084381,0.0018311,-0.0028687,0.0049286,0.0071106
0.0081177,0.0090485,0.0012817,-0.0065002,0.0018616,0.0055847
0.0084229,0.0047607,-0.0014343,-0.0063782,0.0013123,0.0021057
0.0010986,-0.0019531,-0.0046997,-0.0055695,0.0027008,0.00033569
-0.0084229,-0.0097351,-0.0054626,-0.0080261,0.00090027,-0.0014954
-0.011734,-0.012115,-0.0063934,-0.010742,-0.0045013,-0.0057526
-0.0091705,-0.0079498,-0.006897,-0.012085,-0.0077209,-0.0095978
-0.0058746,-0.0025635,-0.0067139,-0.012039,-0.0098419,-0.0095367
-0.0030823,-0.0010529,-0.0067596,-0.0096741,-0.010315,-0.0065308
-0.0025177,-0.0053101,-0.0075531,-0.0092316,-0.0065308,-0.0032043
-0.0045624,-0.0103,-0.0090332,-0.012375,-0.0036316,-0.0014648
-0.0042725,-0.011398,-0.010254,-0.013947,-0.0052338,-0.0035553
-0.0031281,-0.0078583,-0.0098114,-0.011368,-0.0076294,-0.0049591
-0.0043335,-0.002533,-0.0058441,-0.0072021,-0.0043488,-0.001358
-0.0027771,-0.0017242,-0.0028839,-0.0030365,0.0026245,0.0030975
0.0026398,-0.0044403,-0.0042725,0.00027466,0.0050964,0.005722
0.0055847,-0.0050201,-0.0049286,-0.0005188,0.0036926,0.006958
0.003479,-0.0038452,-0.0027618,-0.0042419,0.0038147,0.0060883
-0.00071716,-0.0010681,-0.0010071,-0.0043945,0.0041199,0.002121
-0.0033264,0.0014801,-0.00024414,-0.0019226,0.0015411,-0.0018158
-0.0058746,-0.00099182,-0.0010834,-0.0016022,-0.0023651,-0.003479
-0.0081177,-0.0079956,-0.0064392,-0.0028229,-0.0050201,-0.0047302
-0.0072021,-0.013962,-0.013367,-0.0076141,-0.0060883,-0.0062408
-0.0080719,-0.01413,-0.015915,-0.014694,-0.0084381,-0.0093231
-0.013138,-0.012482,-0.013351,-0.01738,-0.012314,-0.013901
-0.020386,-0.012283,-0.010117,-0.014847,-0.01683,-0.019623
-0.025513,-0.012222,-0.0097504,-0.011215,-0.022934,-0.025024
-0.021881,-0.014633,-0.013443,-0.012955,-0.025635,-0.026108
-0.013855,-0.017822,-0.019241,-0.017578,-0.023087,-0.023331
-0.0112,-0.018372,-0.020599,-0.017761,-0.018982,-0.018661
-0.014862,-0.015442,-0.017227,-0.015457,-0.016342,-0.013779
-0.015701,-0.0090485,-0.011597,-0.012375,-0.015167,-0.0098572
-0.0088654,-0.0033112,-0.0054169,-0.0072632,-0.011215,-0.0072327
-0.00016785,-0.00030518,-0.0035858,-0.0013885,-0.0076294,-0.0056458
0.0057678,0.0013428,-0.0037537,0.00065613,-0.0056305,-0.0034485
0.0088196,0.0028839,-0.001236,-0.00032043,-0.001297,0.0012512
0.01004,0.0044403,0.0021515,0.0018921,0.0036011,0.0088959
0.008728,0.0072632,0.0049896,0.0068359,0.0088654,0.013199
0.0072327,0.011597,0.0092621,0.011932,0.011902,0.012497
0.011597,0.01355,0.015549,0.015762,0.010895,0.013489
0.018387,0.014481,0.019669,0.017654,0.010406,0.014709
0.020325,0.016205,0.017487,0.016388,0.013153,0.014771
0.017014,0.013992,0.011063,0.011108,0.017502,0.01593
0.0098267,0.0086365,0.0054016,0.0075378,0.01741,0.014862
0.0023041,0.0052338,0.004776,0.0081787,0.011627,0.0095673
-0.0012665,0.0035248,0.0071869,0.0090485,0.0065918,0.0018768
-0.0013428,0.0017242,0.0071411,0.007843,0.0047913,-0.0026398
-0.00071716,-0.0018005,0.0039673,0.0035706,0.0026398,-0.0022583
-0.0037994,-0.0071259,-0.002182,-0.0027771,-0.0020905,-0.0036469
-0.010986,-0.0099945,-0.0090027,-0.0083313,-0.007782,-0.0085754
-0.016144,-0.01178,-0.013718,-0.011993,-0.011627,-0.013702
-0.01828,-0.016861,-0.016144,-0.013733,-0.014084,-0.01767
-0.019745,-0.019974,-0.015244,-0.013107,-0.017136,-0.019897
-0.019943,-0.017853,-0.013245,-0.013687,-0.018143,-0.021561
-0.019165,-0.01442,-0.015259,-0.017853,-0.019257,-0.02359
-0.017914,-0.013489,-0.02037,-0.020157,-0.023819,-0.023254
-0.017883,-0.017319,-0.023392,-0.018616,-0.025177,-0.020721
-0.019073,-0.023819,-0.023956,-0.01651,-0.020203,-0.018234
-0.019363,-0.027115,-0.02301,-0.015808,-0.013504,-0.014862
-0.017746,-0.021896,-0.020142,-0.014435,-0.010941,-0.010605
-0.011368,-0.011612,-0.014954,-0.010178,-0.012314,-0.0084076
-0.0044861,-0.0040894,-0.0092926,-0.0071869,-0.013016,-0.010422
-0.0040131,-0.002594,-0.0068207,-0.0059357,-0.012192,-0.010696
-0.0041351,-0.0058289,-0.0054779,-0.0020447,-0.0067444,-0.0046082
-0.0010376,-0.006897,-0.0039215,0.0025482,0.00076294,0.0020142
0.0016479,-0.0025177,-0.0020752,0.0039673,0.0038147,0.0061493
0.0039825,0.0045013,0.0015717,0.0040131,0.00354,0.006134
0.0055542,0.010651,0.0061646,0.0063324,0.0012817,0.0022888
0.0070801,0.010864,0.010239,0.0085144,0.00071716,0.00094604
0.0080414,0.0068665,0.0093384,0.0088806,0.0037384,0.0032196
0.0052032,0.0029297,0.0061493,0.0096588,0.0070953,0.0072327
0.0023804,0.0009613,0.0055695,0.0084686,0.0096283,0.0093994
0.0041962,0.0050659,0.0045013,0.0081177,0.0089722,0.00737
0.0072327,0.0094604,0.0077362,0.011826,0.0050659,0.0040588
0.0058289,0.0093231,0.014816,0.012955,0.0028992,0.0015259
0.0046082,0.00914,0.014282,0.01004,0.004776,0.0035706
0.0081482,0.0079498,0.0077057,0.0063324,0.0075531,0.0085754
0.0091705,0.006012,0.00383,0.0050507,0.008255,0.0091553
0.007843,0.0059052,0.0056915,0.0070648,0.0082855,0.0074005
0.0088196,0.0086517,0.011032,0.0099182,0.0093536,0.0074005
0.010376,0.013931,0.015839,0.014145,0.012039,0.0089264
0.012115,0.016708,0.018005,0.017761,0.015686,0.011215
0.01384,0.014923,0.017075,0.018005,0.01825,0.012634
0.014297,0.012085,0.015152,0.015808,0.017624,0.012863
0.010422,0.012314,0.013824,0.012787,0.013779,0.011505
0.0067444,0.013016,0.012482,0.010056,0.011047,0.008667
0.0095825,0.009613,0.0089417,0.0074921,0.011017,0.00737
0.011093,0.0058136,0.0048218,0.0065155,0.010925,0.010239
0.008194,0.0039978,0.0037994,0.0058899,0.011414,0.013824
0.0078125,0.0037842,0.0036163,0.0042725,0.012115,0.014435
0.010651,0.0064545,0.0051422,0.0039215,0.011566,0.013046
0.014099,0.0097198,0.0067749,0.004303,0.01004,0.011475
0.015396,0.010239,0.0055542,0.004837,0.0086365,0.012924
0.011948,0.0068512,0.0049438,0.0047607,0.011398,0.01445
0.0066223,0.0023041,0.0056152,0.0048218,0.014206,0.011185
0.0021057,0.0014954,0.0082245,0.0054474,0.010452,0.0063629
-0.0027313,0.0037231,0.0088959,0.0035248,0.00354,0.0012054
-0.0048523,0.0030823,0.0036621,1.5259e-05,-0.0029297,-0.0043182
-0.0029907,-0.0023651,-0.0032959,-0.0065002,-0.0056915,-0.0072174
-0.0028229,-0.0066528,-0.0095062,-0.013275,-0.0051575,-0.0066071
-0.0064087,-0.0079041,-0.010361,-0.011749,-0.0052795,-0.0043182
-0.0099182,-0.010635,-0.006073,-0.0053864,-0.0044098,-0.0033875
-0.011673,-0.010315,-0.0033722,-0.0019073,-0.0030212,-0.0070648
-0.011642,-0.0037842,-0.0014343,-0.0031433,-0.005661,-0.013046
-0.0084534,-0.00067139,-0.0014801,-0.0074463,-0.010757,-0.013794
-0.0048828,-0.0041962,-0.0054626,-0.010925,-0.012878,-0.0093384
-0.0034637,-0.0063782,-0.0081024,-0.010742,-0.011292,-0.0052643
-0.0019226,-0.0030518,-0.0069275,-0.0094604,-0.0080719,-0.0044098
-0.0013428,0.0016327,-0.004425,-0.0068512,-0.0062714,-0.0065155
-0.002182,0.0026398,-0.0015106,-0.0022278,-0.005722,-0.0070801
-0.00047302,0.0019684,0.001358,-0.0019836,-0.0055084,-0.0042725
0.0040436,0.00177,0.00024414,-0.004425,-0.0058441,-0.0014954
0.0054321,0.0010223,-0.0039368,-0.003418,-0.0024567,-0.00038147
0.0025024,0.0011597,-0.0018158,0.00018311,0.0023193,0.0020447
0.0021515,0.0041199,0.006134,0.0039063,0.003952,0.0062103
0.0061493,0.010101,0.010223,0.00737,0.0054474,0.0079193
0.011459,0.013809,0.011887,0.011475,0.0083466,0.006546
0.013412,0.011841,0.013489,0.012039,0.010223,0.0050812
0.010651,0.0088654,0.011047,0.0083466,0.0085754,0.0074768
0.0088806,0.007782,0.0067291,0.0051575,0.0081177,0.011444
0.0079956,0.0075226,0.0049744,0.0050812,0.012299,0.010681
0.0059509,0.007309,0.0068665,0.0085144,0.014221,0.0070648
0.0037384,0.0064087,0.009964,0.010834,0.010132,0.0051727
0.0029297,0.0033417,0.0090942,0.0078735,0.0044861,0.0037384
0.0033722,-0.00012207,0.0046234,0.0014496,0.00177,0.00030518
0.00030518,-0.0013275,0.00021362,-0.0036926,9.1553e-05,-0.0023193
-0.0046844,-0.002243,-0.0037079,-0.0062561,-0.0010986,-0.0016785
-0.0066223,-0.0043488,-0.0045471,-0.0043945,0.0011292,0
-0.0056915,-0.0044708,-0.0016327,0.00019836,0.0014343,-0.0010986
-0.0042877,-0.0021362,0.0009613,-0.0009613,-0.0037231,-0.0050201
-0.0032959,-0.0016174,-0.0002594,-0.0052338,-0.0069427,-0.0060425
-0.00073242,-0.0031586,-0.0041962,-0.0073547,-0.0050201,-0.0032501
0.0005188,-0.0039215,-0.0058594,-0.0078583,-0.0027008,-0.00079346
-0.0013885,-0.0032959,-0.006134,-0.0048981,-0.00015259,0.00050354
-0.0015564,-0.0031738,-0.0064545,-0.00064087,0.0024567,0.0014648
-0.00054932,-0.0056763,-0.0046539,7.6294e-05,0.00090027,-4.5776e-05
-0.0028076,-0.0069427,-0.0029755,-0.0023804,-0.0029449,-0.0025482
-0.0049438,-0.0055847,-0.0043488,-0.0056763,-0.0053558,-0.0024261
-0.0034332,-0.0059814,-0.0085602,-0.0086823,-0.0046539,-0.0033112
-0.0035553,-0.0070648,-0.012497,-0.0092926,-0.0035095,-0.004837
-0.0066223,-0.0093231,-0.011841,-0.0067291,-0.0045929,-0.0036316
-0.0080261,-0.012589,-0.0085754,-0.0055389,-0.004715,-0.0022125
-0.0059204,-0.010483,-0.0086823,-0.0066376,-0.0047607,-0.0022125
-0.0030212,-0.0041809,-0.007843,-0.0063629,-0.0041351,-0.0024109
-0.002655,0.00042725,-0.0035095,-0.0059509,-0.0035858,-0.0033569
-0.0020599,0.0011597,-0.0016632,-0.0050812,-0.0052948,-0.006134
-0.0018616,-0.0016785,-0.0018921,-0.0031586,-0.0057373,-0.006073
-0.0043945,-0.0066833,-0.0036011,-0.0020294,-0.0059814,-0.0035248
-0.0068359,-0.010651,-0.0057678,-0.0019989,-0.0055237,-0.0028992
-0.0075226,-0.0072174,-0.0048828,-0.0032806,-0.0034027,-0.0034943
-0.0049744,0.00056458,-0.0018463,-0.0034332,-0.00080872,-0.0049591
-0.0023804,0.003479,0.0011749,-0.0009613,0.00085449,-0.0040436
-0.0024719,0.0018463,0.0040283,0.002533,-0.0007782,-0.0020142
-0.0023499,-0.0007782,0.0062256,0.0049438,-0.0018616,-0.0035553
-0.0016785,-0.00086975,0.0047455,0.0034637,-0.0020599,-0.0045166
-9.1553e-05,0.0019073,0.00097656,0.00019836,-0.0029449,-0.0012665
0.0013885,0.0042114,-0.00028992,-0.001236,-0.0016937,0.0019989
0.00088501,0.0030365,0.0017395,0.00053406,0.00027466,0.00061035
0.00027466,-0.00068665,0.0040588,0.004425,0.002182,-0.0012817
0.00177,-0.00019836,0.0024109,0.0048828,0.0028839,0.00050354
0.0041046,0.0018005,-0.0014038,0.0015564,0.0023041,0.0028076
0.0045929,0.001236,-0.0024261,-0.00076294,0.0020752,0.0037537
0.0042877,0.0027924,-0.00064087,-0.0007019,0.00047302,0.0032654
0.0031738,0.0043945,0.0007782,0.00059509,0.00047302,0.0011902
0.00088501,0.0021362,0.00010681,0.0015717,0.00047302,-0.0012512
-0.00042725,-0.0018616,-0.00090027,0.00097656,-0.0035706,-0.0027313
-0.0015564,-0.0046844,-0.0018768,-0.0016785,-0.0050354,-0.0037537
-0.0019989,-0.0032349,-0.0046539,-0.004715,-0.0023651,-0.0032806
-0.00015259,0.00054932,-0.0066376,-0.006485,-0.00067139,-0.002121
-0.0012665,-0.00079346,-0.005127,-0.006485,-0.0027771,-0.0026245
-0.0073242,-0.0071411,-0.0041656,-0.0042267,-0.006012,-0.0023499
-0.010635,-0.011871,-0.0056,-0.0019226,-0.0046844,-0.0029755
-0.0092468,-0.01062,-0.0081177,-0.0023193,-0.0033417,-0.0070648
-0.0072174,-0.005188,-0.0090332,-0.005661,-0.0067291,-0.0097656
-0.0063171,-0.0032959,-0.0068665,-0.011215,-0.011475,-0.0096741
-0.008194,-0.005722,-0.0072784,-0.014771,-0.015488,-0.010757
-0.011261,-0.0095978,-0.010132,-0.012482,-0.016266,-0.012436
-0.013962,-0.01474,-0.013931,-0.009552,-0.01442,-0.013077
-0.017197,-0.017227,-0.018158,-0.011597,-0.014542,-0.014465
-0.018799,-0.014679,-0.016434,-0.014557,-0.017334,-0.017303
-0.017288,-0.010941,-0.012329,-0.014832,-0.020508,-0.020309
-0.014679,-0.011795,-0.01268,-0.014771,-0.022064,-0.020859
-0.014008,-0.016098,-0.016495,-0.014862,-0.021454,-0.018417
-0.015762,-0.019226,-0.020508,-0.014236,-0.018372,-0.014114
-0.01593,-0.018631,-0.020386,-0.011841,-0.013626,-0.010742
-0.013672,-0.013687,-0.016022,-0.0085144,-0.01152,-0.011337
-0.010208,-0.0086212,-0.011063,-0.0081787,-0.014282,-0.012955
-0.0060425,-0.006073,-0.0088654,-0.0099182,-0.017227,-0.01297
-0.0061798,-0.0069885,-0.010696,-0.0088959,-0.015961,-0.010986
-0.0098724,-0.011581,-0.013275,-0.0044098,-0.0094452,-0.0050812
-0.010239,-0.014038,-0.014755,-0.0011749,-0.0011749,-0.0014038
-0.008606,-0.01062,-0.013992,-0.00079346,7.6294e-05,-0.004837
-0.0080566,-0.0065308,-0.0076752,0.0011139,-0.0050812,-0.0086365
-0.0085602,-0.0059052,-0.0023804,0.0034027,-0.0084686,-0.011536
-0.010971,-0.0079803,-0.0052948,0.0019684,-0.0085449,-0.012527
-0.013214,-0.0112,-0.0097046,-0.0021515,-0.0072021,-0.0085907
-0.013214,-0.012756,-0.0097809,-0.0046692,-0.0065308,-0.0055847
-0.011597,-0.010071,-0.0075989,-0.0018768,-0.0064697,-0.00737
-0.010406,-0.0033112,-0.0054321,0.0023956,-0.0065308,-0.012421
-0.0099792,-0.0007019,-0.0018616,0.0028076,-0.0095673,-0.016617
-0.010193,-0.0052948,0.0007019,0.00071716,-0.01297,-0.016602
-0.013397,-0.0083313,-0.0020599,-0.0021667,-0.011032,-0.012299
-0.014587,-0.0085144,-0.0058899,-0.0043335,-0.0073395,-0.0062408
-0.0096893,-0.0077515,-0.0075226,-0.0041351,-0.0064392,-0.0046539
-0.0041656,-0.0043335,-0.0068359,-0.001236,-0.006958,-0.0067596
-0.00067139,0.00013733,-0.0036011,0.0030823,-0.0068359,-0.0059814
0.0011139,0.0029755,-0.0010986,0.0039825,-0.0040588,-0.0023041
0.0029907,0.0034637,0.0010529,0.0032806,0.0010071,0.0028229
0.0057526,0.0029755,0.0049744,0.0062714,0.0046692,0.0077515
0.007782,0.0046539,0.00737,0.010178,0.0065918,0.0089722
0.008667,0.0076141,0.0066376,0.012527,0.0084839,0.0092163
0.0089874,0.0084991,0.0049438,0.013672,0.010208,0.010498
0.009964,0.0083008,0.0067596,0.014862,0.012527,0.01088
0.011581,0.0078125,0.011581,0.015915,0.014938,0.012909
0.012482,0.0072021,0.012558,0.014877,0.016251,0.016342
0.012451,0.0066681,0.010345,0.013062,0.01622,0.019196
0.013885,0.0079803,0.0070648,0.011185,0.015976,0.019592
0.015396,0.010971,0.0049744,0.0103,0.014587,0.015869
0.013367,0.0092316,0.0048218,0.011093,0.01091,0.012512
0.0084076,0.0043945,0.0027771,0.0095673,0.010269,0.010117
0.0026855,0.0011444,0.0032654,0.0055084,0.01004,0.0065918
-0.00064087,-0.0016022,0.0047302,0.0013123,0.0048218,0.0041199
-0.0013275,-0.0026245,0.00036621,-0.0015564,-0.00033569,0.0033417
-0.0013123,-0.0024261,-0.0037994,-0.00064087,-0.0017548,0.0017548
-0.0029297,-0.0025635,-0.0043793,0.0021667,0.00027466,-0.0016327
-0.0056305,-0.0034332,-0.0020142,0.0035248,0.0023193,-0.0041656
-0.0063171,-0.0053864,0.00062561,0.0014648,0.0016785,-0.0037079
-0.0062256,-0.0053711,-0.0014038,-0.0030975,-0.0012054,-0.0027771
-0.0047913,-0.0019226,-0.0016632,-0.004715,-0.0060883,-0.0042267
-0.0011749,0.002594,0.0021973,-0.0024719,-0.0071869,-0.004776
0.00022888,0.0048218,0.0046234,0.00068665,-0.0033875,-0.0036469
-7.6294e-05,0.0034332,0.0052338,0.0037231,-0.0010071,-0.0024719
0.0016937,0.0031738,0.0042267,0.0036926,0.00018311,-0.0014648
0.0020447,0.0068054,0.004776,0.0011292,-0.00076294,-0.0025177
0.001297,0.009201,0.0072632,0.0007019,-0.0038452,-0.0022583
0.0043182,0.0079346,0.0074921,0.0013275,-0.0033569,0.00018311
0.0070343,0.0047607,0.0057068,0.0030518,-0.00041199,0.0031586
0.0061951,0.0019226,0.0036621,0.0054321,0.0042877,0.0077667
0.0056915,0.0019684,0.0018616,0.0055389,0.0099487,0.0092316
0.0080109,0.0040588,0.0011139,0.0061798,0.010208,0.0078125
0.011581,0.0071716,0.0031433,0.0059204,0.0068665,0.0087738
0.012665,0.010056,0.0055847,0.0031281,0.0050049,0.0087128
0.010406,0.0084839,0.0046387,0.0020905,0.0043335,0.007431
0.0064545,0.002121,0.0021515,0.002182,0.0039825,0.0072174
0.0012054,-0.0031433,0.0012512,0.003479,0.0035858,0.0034637
-0.0030823,-0.0025787,0.0015869,0.0047607,0.0033112,-0.0019073
-0.0036316,0.001236,0.0015411,0.0019379,0.0016022,-0.0037842
-0.00093079,0.0033569,0.00071716,-0.0013885,-0.00094604,-0.0024567
0.00094604,0.0020294,0.00022888,-0.0016479,-0.0010681,-0.00015259
-0.0019379,-0.0014496,0.0017242,0.00033569,0.0007782,0.00019836
-0.0061951,-0.0037994,0.0027161,0.0024719,0.0027466,-0.0015869
-0.0061951,-0.0033569,0.0012817,0.0030975,0.0021515,-0.0053864
-0.0043488,-0.0011749,0.00091553,0.0031281,-0.0013275,-0.0075684
-0.0032349,0.00050354,0.0019379,0.0016479,-0.0028381,-0.003891
-0.00054932,0.0019226,0.0026855,-0.00061035,-0.00038147,0.00038147
0.0011902,0.0032349,0.0028229,0.00022888,0.0020752,0.0010986
-0.0010223,0.0017395,0.0034027,0.0027771,0.002243,0.00091553
-0.0027771,-0.0010223,0.0040588,0.0027161,0.0021667,0.0010376
0.00083923,-0.00065613,0.0018616,0.00074768,0.0019226,0
0.0068054,0.0022583,-1.5259e-05,-0.00059509,0.0012665,0.0005188
0.0089264,0.0053558,0.00038147,-0.001358,0.0017853,0.0065155
0.0074921,0.0051575,-0.00053406,-0.0014648,0.0027771,0.011108
0.003891,0.00076294,-0.0024109,-0.0012512,0.0020599,0.0060272
0.00016785,-0.0012512,-0.0035553,-0.0023651,-0.00085449,-0.002243
0.00057983,-0.0013123,-0.0043945,-0.0053864,-0.0041809,-0.0041809
0.0012054,-0.0036926,-0.0066223,-0.00914,-0.0072479,-0.0023804
-0.00053406,-0.0057373,-0.010101,-0.011108,-0.0086823,-0.00038147
-0.00065613,-0.0078125,-0.013489,-0.0093536,-0.0058441,0.0015259
-0.0023651,-0.0098114,-0.015579,-0.0063629,-0.0027008,0.00027466
-0.0071259,-0.0103,-0.01442,-0.0067444,-0.0038147,-0.0046997
-0.010284,-0.012085,-0.013351,-0.0103,-0.0082092,-0.010086
-0.011307,-0.012497,-0.01416,-0.013565,-0.014038,-0.012589
-0.011124,-0.010422,-0.013107,-0.014191,-0.016632,-0.011154
-0.0112,-0.011505,-0.011719,-0.010742,-0.011963,-0.0089264
-0.013062,-0.013412,-0.011017,-0.0043335,-0.0047455,-0.0094147
-0.015472,-0.011353,-0.0077362,-0.00016785,-0.0036011,-0.01149
-0.013596,-0.0064697,-0.0039673,-0.0015411,-0.0083466,-0.012955
-0.0063629,-0.0023346,-0.0014496,-0.0046539,-0.011093,-0.010864
-0.0011444,-6.1035e-05,0.00090027,-0.0041809,-0.008316,-0.004303
0.00038147,0.0032196,0.0026855,0.0014191,-0.0018463,0.0025787
0.0029297,0.0055389,0.005249,0.0091705,0.0061798,0.0056
0.0064392,0.0066986,0.0093994,0.014465,0.013092,0.0042114
0.0069122,0.011963,0.014587,0.015366,0.012543,0.0025787
0.006424,0.017334,0.018234,0.012421,0.0060883,0.0030975
0.010544,0.017303,0.017136,0.0097656,0.0037231,0.0061188
0.014725,0.014709,0.013412,0.010147,0.0067291,0.011337
0.014694,0.011307,0.011703,0.011871,0.011841,0.014221
0.013046,0.0091248,0.012161,0.013458,0.015045,0.012802
0.012375,0.0112,0.012192,0.012848,0.013306,0.011627
0.013565,0.013214,0.010925,0.0097961,0.011093,0.011795
0.013672,0.012405,0.01001,0.0075073,0.01062,0.011856
0.013443,0.012268,0.012085,0.0080414,0.0112,0.014191
0.014389,0.011597,0.013443,0.010223,0.0121,0.016937
0.01442,0.0095978,0.010422,0.010406,0.012589,0.014999
0.013,0.0076904,0.0056763,0.0077667,0.01329,0.011292
0.0091553,0.0046692,0.0015411,0.0050201,0.011749,0.009903
0.0046387,0.0021515,0.0005188,0.0033112,0.009079,0.0080872
0.0018463,-0.00054932,0.0020294,0.0018921,0.0067596,0.0067291
-0.00085449,-0.0043793,0.0013733,0.00041199,0.0046844,0.0055084
-0.0042114,-0.0051727,-0.00064087,-0.00054932,0.0037994,0.00024414
-0.0068512,-0.0046234,-0.0016022,-0.0011597,0.0016479,-0.0052795
-0.0081024,-0.0056152,-0.0027771,-0.001709,-0.00024414,-0.0082703
-0.0082245,-0.0060272,-0.0026093,-0.0017395,-0.002182,-0.0085449
-0.0083771,-0.0052948,-0.00093079,-0.0025482,-0.0050354,-0.0066833
-0.0088959,-0.0046234,0.00022888,-0.0052338,-0.0063324,-0.0058746
-0.0071564,-0.0043793,-0.00097656,-0.0079498,-0.0076447,-0.0069122
-0.0049896,-0.0022736,-0.0043945,-0.0095062,-0.010223,-0.010513
-0.0069122,-0.00048828,-0.0050354,-0.010666,-0.013596,-0.013657
-0.0097198,-0.0035248,-0.0050812,-0.011261,-0.014175,-0.013962
-0.010406,-0.0068665,-0.0075989,-0.010361,-0.011063,-0.012726
-0.010605,-0.0079803,-0.008728,-0.0095367,-0.0074005,-0.0088043
-0.0079346,-0.0081482,-0.0083771,-0.0091248,-0.0061035,-0.0041199
-0.0011444,-0.0049591,-0.0052185,-0.005661,-0.0063477,-0.0010986
0.0034485,0.0011139,-0.00038147,-0.00177,-0.0028839,0.0010834
0.0039673,0.0046997,0.00090027,-0.00088501,0.001358,0.0026703
0.0052032,0.0017853,-0.002533,-0.00057983,0.0033264,0.0051117
0.0067749,-0.0026093,-0.0075836,-0.0015411,0.0042114,0.0073395
0.0054016,-0.0025177,-0.0071259,-0.0039673,0.0015717,0.0065613
0.0024109,-0.00013733,-0.0029297,-0.0044098,-0.0032959,0.0029907
0.00090027,0.0010223,-0.00099182,-0.002533,-0.0063019,-0.0011139
4.5776e-05,0.00056458,0.00086975,-0.00038147,-0.0036163,-0.0021973
-0.0010529,7.6294e-05,0.0014496,0.0016937,0.0013428,-0.0018463
-0.0014038,-0.00067139,-0.0010529,0.0037537,0.0030365,-0.0015717
-0.002121,-0.0026703,-0.0014801,0.0041199,0.0036011,-0.00016785
-0.0035706,-0.0029602,0.0013123,0.0025024,0.00033569,-0.00086975
-0.0054016,-0.0010834,0.003418,0.00062561,-0.0054321,-0.0049438
-0.0066986,-0.00079346,0.003952,-0.00038147,-0.0068207,-0.0089874
-0.0071411,-0.0010376,0.0035553,0.00061035,-0.0043182,-0.0093231
-0.0073547,-0.0012207,0.0032806,0.0029449,-0.00013733,-0.0057678
-0.0059509,-0.0020142,0.0028992,0.0050507,0.0018311,-0.0029755
-0.003952,-0.00065613,0.0021362,0.0053406,0.0018616,-0.0018768
-0.0014648,0.0016327,0.0030518,0.0027924,0.0025482,0.00041199
0.0005188,0.0022583,0.0044098,0.00056458,0.0018463,0.0014954
-0.0009613,0.0014496,0.0037689,4.5776e-05,-0.00016785,0.00035095
-0.0023499,-0.00042725,0.0024109,6.1035e-05,-0.0011902,-0.0011444
-0.0020599,-0.0015106,0.0007019,0.00012207,-0.00079346,-0.0035248
-0.00099182,-0.00015259,-0.0019684,-0.0018005,-0.00086975,-0.0044403
0.0012512,0.0002594,-0.0054474,-0.0046692,-0.0018768,-0.0014801
0.0035706,-0.0012665,-0.0092773,-0.0070648,-0.0032501,0.0030823
0.0050049,-0.0019073,-0.010239,-0.0099335,-0.0038757,0.0050812
0.0047607,-0.00354,-0.0088501,-0.0097351,-0.003006,0.0040436
0.0035095,-0.0052338,-0.0081635,-0.0055389,-0.0016174,0.002533
0.001297,-0.0025024,-0.0064697,-0.0026703,-0.0018921,-0.00016785
0.00041199,0.0018768,-0.0034332,-0.0034027,-0.0039978,-0.0013733
0.0028534,0.0031738,-0.0020752,-0.0052032,-0.0036774,0.0024261
0.0042114,0.0019836,-0.0030212,-0.0050507,-0.0014343,0.0055084
0.0043182,-0.00059509,-0.0050659,-0.003418,-0.00036621,0.0053558
0.0050049,-0.0028381,-0.0065308,-0.0023193,0.0010681,0.0046692
0.003479,-0.0022736,-0.0046997,-0.0015717,0.0023346,0.0032196
-0.00016785,-0.00091553,-0.00090027,-0.0007782,0.00080872,0.00091553
-0.0035095,-0.00093079,0.00064087,0.00038147,-0.0019989,-0.00177
-0.0044098,-0.001236,-0.0012207,0.0017395,-0.0028381,-0.0026398
-0.0027618,-0.0018005,-0.0023651,0.0018768,-0.0014648,-0.0014648
-0.001297,-0.0019836,-0.00041199,0.0013123,-0.00048828,-0.0012512
-4.5776e-05,-0.00013733,0.0023041,0.0016327,-0.00068665,-0.0011444
0.0025177,0.0039673,0.0066071,0.0022583,7.6294e-05,0.00050354
0.0043488,0.008194,0.0098877,0.0032654,0.0025177,0.0035095
0.0024719,0.0084229,0.0080872,0.0054932,0.0049133,0.0039673
0.00057983,0.0058899,0.0056915,0.0082703,0.0047607,0.0014038
0.0027466,0.0052948,0.0052948,0.0084991,0.0027313,-0.00035095
0.005188,0.0068817,0.0057983,0.0044556,0.0011902,-0.0023041
0.0048828,0.0089874,0.0089264,0.0013885,0.00099182,-0.0016632
0.0048218,0.010544,0.012985,0.0030823,0.0011292,0.0022888
0.0085144,0.011581,0.011154,0.0051117,0.0018921,0.006012
0.01265,0.010757,0.0049744,0.0053558,0.0059204,0.010574
0.01355,0.0077362,0.0037994,0.006134,0.0094604,0.012634
0.013992,0.0087433,0.0077209,0.0068817,0.0093842,0.010956
0.015305,0.014236,0.011642,0.0072479,0.0092926,0.01149
0.016922,0.015945,0.012695,0.0068817,0.0097961,0.013596
0.017395,0.013748,0.010651,0.0058441,0.010422,0.014282
0.015076,0.012039,0.0103,0.0081787,0.01181,0.014938
0.013123,0.010788,0.010956,0.012054,0.014954,0.014816
0.01326,0.010269,0.010483,0.012741,0.018799,0.013535
0.013153,0.010757,0.011871,0.012878,0.019958,0.01474
0.013565,0.011551,0.013168,0.013229,0.019501,0.017914
0.014145,0.011688,0.012543,0.010574,0.018036,0.018616
0.012802,0.010071,0.011444,0.0073395,0.013107,0.016037
0.010345,0.0072327,0.010681,0.0073547,0.0093384,0.010651
0.0061646,0.0043182,0.009079,0.0073853,0.011658,0.0059967
0.00019836,0.0021973,0.0060272,0.0052185,0.014252,0.0049438
-0.0032349,-0.00035095,0.0047455,0.0035706,0.01088,0.0048676
-0.0030212,-0.0036621,0.0044861,0.001709,0.0042877,0.0037384
-0.0034027,-0.0059509,0.00088501,-0.0018463,-0.00010681,-0.00036621
-0.0058746,-0.0064697,-0.0048065,-0.0049438,-0.0021057,-0.0045624
-0.0078125,-0.0069427,-0.0066986,-0.0075378,-0.0024414,-0.0060883
-0.0093384,-0.0097961,-0.0074158,-0.0094147,-0.0016174,-0.008606
-0.011597,-0.012177,-0.010498,-0.0096741,-0.0047607,-0.0096741
-0.012619,-0.012085,-0.010941,-0.011139,-0.010864,-0.009079
-0.012131,-0.010773,-0.0097961,-0.013809,-0.01532,-0.011887
-0.0099182,-0.0081635,-0.0096436,-0.016708,-0.017441,-0.013977
-0.0057678,-0.0059509,-0.0098572,-0.018051,-0.014679,-0.012085
-0.0023346,-0.0040588,-0.010071,-0.013351,-0.010559,-0.0087585
-0.00064087,-0.0020142,-0.0080109,-0.008194,-0.0087738,-0.005249
0.00019836,-0.0013275,-0.0048981,-0.0077209,-0.0075378,-0.0018005
0.0019531,-0.00057983,-0.0037994,-0.0074768,-0.006485,0.00047302
0.0051117,0.0028381,-0.0031738,-0.006134,-0.0049591,0.00085449
0.0082703,0.0076294,0.00048828,-0.0044708,-0.0036621,0.0034332
0.010223,0.0090179,0.0052338,-0.0014648,0.00045776,0.0068512
0.0083466,0.0073395,0.006546,0.0050812,0.0079498,0.0057831
0.0034943,0.0048065,0.0059814,0.011154,0.0095673,0.0030365
0.0010834,0.0010834,0.0058136,0.010727,0.0065765,0.0027313
0.002182,0.00073242,0.006012,0.006012,0.0062561,0.0049896
0.004776,0.0044556,0.0070801,0.0029144,0.0063477,0.0075684
0.0056,0.006958,0.0085297,0.0054016,0.0065765,0.007782
0.0043335,0.0060883,0.011505,0.010284,0.0096588,0.0060425
0.0053864,0.0039063,0.013321,0.013641,0.013885,0.0059814
0.0053864,0.0046692,0.010468,0.014008,0.016495,0.0066376
0.0032806,0.0067902,0.0090332,0.010513,0.014786,0.006897
0.0037689,0.0068665,0.010269,0.0068512,0.010086,0.0082092
0.0031281,0.0048828,0.010223,0.0052338,0.0075073,0.0070648
-0.0013275,-4.5776e-05,0.0088501,0.0063782,0.0070038,0.0037994
-0.0048676,-0.0046539,0.0046692,0.007843,0.0072021,1.5259e-05
-0.0045319,-0.0054169,0.00061035,0.0051727,0.0049133,-0.004776
-0.0040894,-0.0036011,-0.0010071,-0.0013123,-0.0021515,-0.0072937
-0.0058441,-0.00059509,-0.0028992,-0.01001,-0.0076904,-0.0074005
-0.0084381,-0.00015259,-0.0038757,-0.014679,-0.0098267,-0.0067596
-0.009201,-0.0048523,-0.005127,-0.012222,-0.010071,-0.0076141
-0.0058289,-0.007843,-0.0084534,-0.0079956,-0.0075531,-0.0086365
-0.0015717,-0.0059967,-0.0089417,-0.0063324,-0.0056152,-0.0063324
0.00010681,-0.003006,-0.0064087,-0.0091553,-0.0071869,-0.0051422
-0.00019836,0.0015106,-0.0055542,-0.012985,-0.011108,-0.0053101
0.00019836,0.0036926,-0.0062103,-0.014069,-0.013321,-0.0041199
0.00045776,-0.00035095,-0.0089874,-0.013962,-0.011169,-0.0034485
-0.0019073,-0.0056915,-0.011215,-0.012619,-0.0086212,-0.0044403
-0.0055847,-0.0097198,-0.0097351,-0.010513,-0.009079,-0.0075989
-0.0084076,-0.011017,-0.0089569,-0.0094757,-0.012177,-0.01001
-0.0088501,-0.0080261,-0.0085754,-0.0083313,-0.014328,-0.01059
-0.008316,-0.0060577,-0.0079803,-0.0072479,-0.010757,-0.0094147
-0.0066376,-0.0080566,-0.0089874,-0.0063019,-0.0046387,-0.0037537
-0.0026855,-0.0097046,-0.0091095,-0.0037231,0.00065613,0.0027771
-0.00088501,-0.0076141,-0.006485,-0.00050354,0.0040131,0.0034332
-0.0032501,-0.0037537,-0.00099182,0.0019379,0.0023193,-0.00080872
-0.0067139,-0.001297,0.0041351,0.0027466,-0.0018921,-0.0048981
-0.0082245,-0.0014496,0.004776,0.0023804,-0.0043793,-0.0060577
-0.0066223,-0.0033722,0.0019989,0.0020905,-0.0027924,-0.0042877
-0.0053253,-0.0042114,-0.0010223,0.0015411,0.0026245,-0.0024567
-0.0046234,-0.0046234,-0.0029297,0.0021057,0.0056763,-0.00090027
-0.0025787,-0.0049744,-0.0034485,0.0023804,0.0031128,0.00035095
-0.0015411,-0.0040741,-0.001358,-0.00065613,-0.0013275,-0.0010071
-0.0018463,-0.0010986,0.0004425,-0.0029144,-0.0055389,-0.0030975
-0.0027466,0.0022888,-0.0014801,-0.0032043,-0.0068817,-0.0042267
-0.0022736,-0.00027466,-0.0033875,-0.003006,-0.0031738,-0.00383
0.0010834,-0.0037842,-0.0043335,-0.0011139,0.00027466,-0.00059509
0.0044556,-0.0012054,-0.0047607,-0.0013428,0.00073242,0.0024567
0.0063477,0.0023193,-0.0025177,-0.0035095,-0.0010223,0.0036316
0.0067596,0.0050049,0.00053406,-0.0046387,-0.0030823,0.0041809
0.005661,0.0064697,0.0012665,-0.0042877,-0.0022278,0.0038452
0.0047455,0.0048218,-0.00080872,0.00038147,0.0005188,0.0036011
0.0038605,0.0012817,-0.0017242,0.0052948,0.0035248,0.0030212
0.002243,-0.00073242,0.002243,0.0069427,0.0054169,0.0015259
0.0039978,0.00383,0.008194,0.0089874,0.0049286,0.0010986
0.0080261,0.011871,0.011902,0.0097504,0.0024261,0.0028076
0.0087433,0.013977,0.013184,0.0078278,0.0019226,0.0071259
0.0074158,0.0097351,0.013016,0.0074615,0.006546,0.0093689
0.004425,0.0066528,0.010757,0.009491,0.012192,0.0060883
0.0011292,0.0059204,0.0084839,0.012054,0.013794,0.0037079
0.0021362,0.00383,0.006897,0.013321,0.012344,0.0042267
0.0036316,0.0019684,0.0064392,0.011353,0.0097046,0.0048981
0.0018311,0.0010834,0.0090637,0.0076447,0.0053711,0.006073
-0.0012665,-0.00061035,0.0088196,0.0054932,0.0059509,0.0061951
-0.0039368,-0.0029144,0.0048676,0.0076141,0.012268,0.004776
-0.0046844,-0.0042114,0.0025177,0.011215,0.015717,0.0038147
-0.0033722,-0.0022736,0.0020142,0.0099182,0.01561,0.004303
0.00068665,0.00059509,0.0020752,0.0052795,0.012436,0.0066833
0.0050049,0.0020599,0.00068665,0.00062561,0.0063171,0.009201
0.0058136,0.0030212,-0.00038147,-0.0027924,0.00099182,0.0086365
0.0039825,0.0034637,-0.00039673,-0.0045319,-0.001236,0.0046997
0.0020752,0.0028687,-0.0015106,-0.007309,-0.0014038,1.5259e-05
0.0029907,0.0019684,-0.0036926,-0.0092773,-0.0027618,-0.0031281
0.0036774,0.0019684,-0.0068665,-0.0087128,-0.0059814,-0.0036774
0.0015259,0.00065613,-0.0094147,-0.0095673,-0.0093231,-0.0010376
-0.0010223,-0.0021362,-0.010086,-0.012329,-0.011307,-0.00033569
-0.003952,-0.0043335,-0.0092163,-0.01355,-0.01239,-0.0063782
-0.0067749,-0.0073242,-0.0089874,-0.012695,-0.012894,-0.011566
-0.0080261,-0.0091248,-0.011856,-0.011398,-0.012024,-0.011429
-0.0073242,-0.006958,-0.012756,-0.010361,-0.012177,-0.010681
-0.006012,-0.004715,-0.0086212,-0.0095825,-0.012894,-0.0096436
-0.0054169,-0.0054626,-0.0061798,-0.0079346,-0.011017,-0.007431
-0.0061188,-0.007309,-0.0069885,-0.0063324,-0.0091553,-0.0048523
-0.0075226,-0.0075073,-0.0066376,-0.0066833,-0.009079,-0.0043182
-0.0073547,-0.0056763,-0.0051727,-0.0064392,-0.0083771,-0.0070953
-0.0064697,-0.0050507,-0.005249,-0.0034943,-0.0072937,-0.009201
-0.0057831,-0.0067291,-0.0056915,-0.00047302,-0.0065002,-0.007782
-0.0064392,-0.0067596,-0.0049438,-0.00024414,-0.0034637,-0.0052948
-0.010147,-0.0064087,-0.0033569,3.0518e-05,0.00074768,-0.0033112
-0.012115,-0.0097656,-0.0012665,0.0025482,0.0014648,-0.0010223
-0.010376,-0.011444,-0.0019073,0.0031586,-1.5259e-05,-0.0022125
-0.0084534,-0.0084839,-0.0045471,0.0021515,-0.00085449,-0.0069122
-0.0077209,-0.0070038,-0.0054321,0.0011902,-0.0018616,-0.0092316
-0.0087433,-0.0076141,-0.0073395,-0.0024567,-0.0021973,-0.0083008
-0.0099792,-0.0079041,-0.010422,-0.0069885,-0.0033112,-0.0051575
-0.0084839,-0.008728,-0.010406,-0.0089417,-0.0068512,-0.0035706
-0.0044403,-0.0080414,-0.0071411,-0.0072021,-0.0087738,-0.0043945
-0.0022278,-0.0037231,-0.0020599,-0.0029297,-0.0089264,-0.0050507
-0.0012665,0.0014648,0.0014343,-0.00090027,-0.0085602,-0.0074158
0.0023041,0.005188,0.00022888,-0.0033417,-0.0071716,-0.007843
0.0037994,0.0067139,-0.0030823,-0.0077515,-0.0069885,-0.0044861
0.00038147,0.0046539,-0.0055084,-0.009552,-0.0088654,-0.0029907
-0.0032806,3.0518e-05,-0.0065765,-0.008194,-0.010361,-0.0043335
-0.0051117,-0.0043945,-0.0067749,-0.0061646,-0.010406,-0.0076294
-0.006424,-0.0074005,-0.0061646,-0.0039673,-0.010345,-0.010223
-0.0083313,-0.007843,-0.0058441,-0.0036774,-0.0096741,-0.010437
-0.0081177,-0.005661,-0.0068665,-0.0048828,-0.0085449,-0.010651
-0.0046082,-0.0021973,-0.0071106,-0.0052338,-0.0082703,-0.0084534
-0.0017853,-4.5776e-05,-0.0052185,-0.0040131,-0.0072174,-0.003006
-0.00030518,-0.001709,-0.0013733,-0.00067139,-0.0038757,0.0012665
0.0004425,-0.0036774,0.00177,0.0040894,-1.5259e-05,0.0026398
0.00033569,-0.0029602,0.0025787,0.0071564,0.0036316,0.0030975
-0.00045776,-0.0018005,0.0027618,0.0069427,0.0077515,0.0045319
-0.001236,-0.0002594,0.0021057,0.0075378,0.0095825,0.0054932
-0.00039673,0.0017853,0.0020142,0.0090637,0.0085449,0.0056152
0.0004425,0.0012817,0.0036926,0.0072479,0.0074158,0.004715
-7.6294e-05,-0.0015411,0.0029297,0.0037537,0.0047455,0.002182
-0.0026703,-0.0050507,-0.0023956,0.00076294,0.00027466,-0.00064087
-0.0065002,-0.0085754,-0.0078125,-0.0028381,-0.0028076,-0.0038757
-0.0088959,-0.0091705,-0.0092468,-0.005249,-0.0048218,-0.0063324
-0.0088654,-0.0071564,-0.0076599,-0.0042877,-0.0063171,-0.0070801
-0.0070038,-0.0053558,-0.0068359,-0.0040436,-0.0068054,-0.0068207
-0.0055847,-0.0061646,-0.0085907,-0.0065765,-0.0063629,-0.0057526
-0.0046234,-0.0089417,-0.011795,-0.007019,-0.0055084,-0.0054932
-0.0036926,-0.0094452,-0.012939,-0.0053558,-0.0060883,-0.0054932
-0.0037537,-0.0058899,-0.0075836,-0.0041046,-0.0081482,-0.0046539
-0.0042725,0.0016632,0.0014191,-0.0028229,-0.0099792,-0.0059357
-0.0039368,0.008194,0.0070496,-0.0016327,-0.0099792,-0.0090942
-0.00062561,0.0088043,0.0063629,1.5259e-05,-0.0072479,-0.0085754
0.0038757,0.0051422,0.0014801,0.0028992,-0.0024261,-0.0034332
0.0066376,0.001236,-0.0007019,0.0057831,0.0033417,0.0038147
0.0082703,0.003479,0.0016785,0.007019,0.0074615,0.0093231
0.0087128,0.010376,0.0073242,0.0075073,0.005722,0.0094147
0.0087433,0.014175,0.013992,0.0073547,0.0028839,0.0072479
0.0092468,0.014694,0.014206,0.0089569,0.0051422,0.0066833
0.011383,0.012314,0.011002,0.013672,0.010773,0.0093536
0.014709,0.0083008,0.010452,0.016129,0.018311,0.015396
0.015686,0.0065613,0.01001,0.016296,0.022263,0.021439
0.015366,0.0079041,0.0097351,0.015915,0.021286,0.023895
0.015244,0.012634,0.011246,0.014832,0.019135,0.02124
0.013336,0.013824,0.013443,0.013504,0.016617,0.016174
0.010666,0.0082855,0.011734,0.01149,0.016785,0.01387
0.0094147,0.003418,0.0072021,0.011978,0.019653,0.01532
0.0093536,0.0016174,0.0042572,0.014526,0.022171,0.016922
0.010376,0.0031586,0.0032654,0.014023,0.021484,0.017426
0.010681,0.0061951,0.0049744,0.0092621,0.016342,0.016907
0.010254,0.0086365,0.008316,0.0038147,0.0092468,0.014938
0.011475,0.010254,0.011108,0.00082397,0.0060272,0.013489
0.010574,0.0092468,0.0082245,0.00085449,0.0085754,0.010818
0.0074005,0.0069122,0.0020905,0.0038757,0.0090332,0.0057068
0.0066528,0.0048065,0.0021973,0.006012,0.0056763,0.0035858
0.0075073,0.0049744,0.0050201,0.0042267,0.0045471,0.0058746
0.0081329,0.0087738,0.0071106,0.0019531,0.0046997,0.0075684
0.0080414,0.01236,0.010895,0.0017395,0.0032806,0.006134
0.0086517,0.013199,0.013107,0.0029755,0.0022888,0.00383
0.0086975,0.013367,0.01236,0.0052795,0.0040436,0.0023804
0.0064392,0.013718,0.013046,0.0091248,0.0073547,0.003006
0.0071106,0.012756,0.014771,0.011292,0.0096893,0.005188
0.010391,0.012299,0.013351,0.0077209,0.0081635,0.0063477
0.011353,0.012939,0.013062,0.0036926,0.0044403,0.0087433
0.011429,0.013565,0.014297,0.0025482,0.004837,0.0097809
0.0099182,0.014984,0.01236,0.002594,0.0075836,0.0064697
0.0067139,0.013428,0.010605,0.0045471,0.007843,0.0050049
0.0072937,0.008255,0.0084534,0.0055084,0.0083466,0.0067291
0.010056,0.0050964,0.0056915,0.0049286,0.011749,0.010864
0.0095215,0.0040131,0.0062866,0.0045166,0.015457,0.015244
0.0072937,0.0032806,0.0063629,0.0041809,0.015671,0.01445
0.0054321,0.0041962,0.0045624,0.0062103,0.013031,0.010147
0.0044556,0.0054626,0.0054779,0.0068207,0.010941,0.0072632
0.0057373,0.0053101,0.0075226,0.0038147,0.010574,0.0066376
0.0067291,0.0057831,0.0074463,0.0024414,0.010529,0.0071564
0.0062561,0.0063019,0.0068817,0.0029144,0.0099182,0.0087128
0.0059509,0.0038605,0.0060577,0.0028839,0.0097351,0.0094604
0.0036011,0.0022278,0.0045166,0.0028534,0.0078278,0.0061951
0.00027466,0.0042419,0.0059204,0.0021362,0.0033722,0.00013733
0.00076294,0.0059814,0.0078735,-0.00027466,0.00071716,-0.0043182
0.0036011,0.0069733,0.0061798,-0.0018921,0.00086975,-0.0029449
0.005661,0.0077209,0.004776,-0.0029755,0.0010834,0.0027466
0.0057983,0.0068207,0.00383,-0.0040741,0.00083923,0.0048218
0.0026855,0.0046539,0.0032806,-0.0027466,0.00093079,0.0011444
-0.0019226,0.0024567,0.0055695,-0.00056458,-0.0016785,-0.0049286
-0.0041656,0.0021362,0.00737,-0.00074768,-0.0062866,-0.009201
-0.0026398,0.0043488,0.0066071,-0.003006,-0.00737,-0.010101
-0.00024414,0.0056458,0.0046539,-0.0043335,-0.0052948,-0.0069275
0.0010681,0.0033569,0.0027161,-0.0048523,-0.0028992,-0.00021362
0.0021362,0.0019531,0.0011597,-0.0048676,-0.0019684,0.0018768
0.00097656,0.0023041,0.001709,-0.0031433,-0.0027313,-0.00073242
-0.0019836,0.001709,0.0039063,-0.0024261,-0.0024109,-0.0023193
-0.0033722,0.001236,0.0039978,-0.0033569,-0.00056458,-0.0029602
-0.0026245,-0.00033569,0.0014954,-0.004425,0.00039673,-0.0018463
-4.5776e-05,-0.0016937,-0.0018005,-0.004715,0.00028992,-0.00024414
0.0010529,-0.0018158,-0.0039673,-0.0036316,-0.00010681,0.00041199
-0.00177,-0.0032043,-0.0047913,-0.0045471,-0.0014343,-0.00027466
-0.0054474,-0.0063324,-0.005722,-0.0072021,-0.0025635,-0.00076294
-0.0053711,-0.010605,-0.0081635,-0.0078125,-0.00074768,0.0007019
-0.0032806,-0.011856,-0.010696,-0.0070496,0.0021667,0.00053406
-0.0046387,-0.0090179,-0.010132,-0.0062103,0.0014343,-0.00064087
-0.0044403,-0.0068054,-0.0098572,-0.0066833,-0.0007782,-9.1553e-05
-0.0012817,-0.0062866,-0.010284,-0.0075989,-0.0016479,-0.0004425
-0.0022278,-0.0065765,-0.0069122,-0.0068512,-0.0037384,-0.0027466
-0.0063629,-0.0077972,-0.0055542,-0.0077667,-0.0063629,-0.0057373
-0.0099182,-0.0097198,-0.0088959,-0.01123,-0.0089569,-0.0078888
-0.009903,-0.010742,-0.01091,-0.013687,-0.01207,-0.0086823
-0.0084839,-0.0086365,-0.010666,-0.014374,-0.014313,-0.011292
-0.0097198,-0.0041351,-0.009903,-0.01329,-0.014633,-0.014526
-0.010101,-0.0027466,-0.0085297,-0.011307,-0.013245,-0.013779
-0.0075073,-0.0065308,-0.0071564,-0.011108,-0.013779,-0.011002
-0.0050812,-0.0092926,-0.0084229,-0.012863,-0.016098,-0.009964
-0.0043488,-0.0078583,-0.01062,-0.01326,-0.016159,-0.010635
-0.0047913,-0.003952,-0.0098114,-0.010178,-0.014313,-0.010437
-0.0068817,-0.00083923,-0.0063782,-0.006485,-0.011078,-0.0095367
-0.008255,-0.002121,-0.003479,-0.0046692,-0.0071716,-0.0090332
-0.0066376,-0.0060883,-0.0041962,-0.0028534,-0.0037079,-0.006134
-0.0044098,-0.0092773,-0.0061951,-0.0010986,-0.00090027,-0.0011749
-0.0028229,-0.0091248,-0.0066986,-0.0013123,-0.00032043,0.002533
-0.002182,-0.0039978,-0.0052032,-0.0015869,-0.0004425,0.0022125
-0.0023499,0.0012207,-4.5776e-05,0.0010529,0.00027466,-0.00082397
-0.0016479,0.0019684,0.0044708,0.0042267,0.0024567,-0.0005188
0.00073242,0.0012054,0.0027924,0.0058136,0.0065002,0.0035553
0.0049438,0.0016022,0.00093079,0.0081329,0.010086,0.007782
0.0085297,0.0033875,0.0038605,0.010345,0.013016,0.01062
0.0091858,0.0067291,0.0068054,0.010803,0.012863,0.01178
0.0099182,0.010651,0.0094147,0.010147,0.010193,0.01178
0.010483,0.012543,0.012329,0.0094452,0.010483,0.010544
0.0093689,0.010818,0.013123,0.011108,0.011063,0.0095062
0.0092926,0.0080261,0.0121,0.013031,0.010681,0.0094299
0.008606,0.0064392,0.0084534,0.010391,0.011505,0.009201
0.0070648,0.0056305,0.0030212,0.0053253,0.011688,0.0095215
0.0071869,0.0046234,0.001297,0.0022583,0.0081177,0.009552
0.0066376,0.0036011,0.0035248,0.00083923,0.002655,0.0070648
0.0040436,0.00354,0.0046234,-0.00097656,-3.0518e-05,0.0031433
0.0014496,0.0039825,0.0048676,-0.0016785,-0.00071716,-0.00041199
9.1553e-05,0.0042572,0.0036316,0.00041199,-0.00016785,-0.0023804
-0.00080872,0.0031433,-0.00021362,0.002533,0.0010834,-0.0021973
-4.5776e-05,4.5776e-05,-0.0012207,0.0019989,0.0026703,-0.00018311
0.0016174,-0.0010529,0.0010681,-0.00056458,0.0019073,0.0026093
-0.00013733,0.001236,0.0035706,-0.002533,-0.0026093,0.0020599
-0.0023804,0.0024567,0.0046082,-0.0033875,-0.0042419,-0.0019531
-0.0026093,0.0012817,0.00022888,-0.0036163,-0.0022125,-0.0037384
-0.00354,-0.0012665,-0.0048523,-0.0021973,0.0014648,-0.0030823
-0.0039673,-0.0033569,-0.0045624,-0.0010529,0.0046539,-0.0019073
-0.0028687,-0.0041046,-0.0032959,-0.0015106,0.0024261,0.00091553
-0.0016937,-0.0059967,-0.0036926,-0.0029602,-0.0033417,0.001236
-0.0030975,-0.007019,-0.0032501,-0.0043182,-0.0071869,-0.0029907
-0.0069427,-0.0061951,-0.0025787,-0.0040436,-0.0066681,-0.0052032
-0.0083008,-0.0066223,-0.0052032,-0.004425,-0.0034332,-0.0053253
-0.0074921,-0.0072479,-0.0073853,-0.0049133,-0.00099182,-0.0054321
-0.0066528,-0.0070038,-0.0050201,-0.0036774,-0.00091553,-0.0028687
-0.0042877,-0.0059204,-0.0035095,-0.0025482,-0.0022278,-0.00042725
-0.0023651,-0.0036926,-0.004776,-0.0025177,-0.0034485,-0.0016479
-0.0031128,-0.0023193,-0.0045471,-0.0046234,-0.003952,-0.003952
-0.0039368,-0.0025177,-0.0036926,-0.006546,-0.0037231,-0.0039673
-0.0024872,-0.0016632,-0.003479,-0.0061493,-0.0046692,-0.0027161
-0.00050354,-0.00061035,-0.0021973,-0.004364,-0.0057068,-0.0021057
0.0012665,-0.0015411,-0.0019531,-0.0024872,-0.0031891,-0.0016632
0.0024567,-0.0014954,-0.0037079,-0.0016632,-0.00010681,-0.00085449
0.00093079,-0.00015259,-0.0041809,-0.0010529,-0.00071716,0.00028992
-0.0016327,-0.00012207,-0.0018311,-0.0026093,-0.0042419,-0.0013733
-0.0034943,0.00028992,6.1035e-05,-0.0048676,-0.0076904,-0.0064087
-0.004425,0.0018921,0.0015564,-0.0039368,-0.0084839,-0.0077972
-0.0027008,0.0011292,0.0040436,-0.0020905,-0.0066223,-0.0048828
-0.00050354,-0.00024414,0.0012817,0.00039673,-0.0030518,-0.0032806
-0.0015106,-0.00012207,-0.0039063,0.0010834,-0.00012207,-0.00177
-0.0021973,-0.0026398,-0.0044098,-0.0012207,-0.0015869,0.00032043
-0.0013428,-0.0042419,-0.0036163,-0.0016479,-0.0036163,-0.00091553
-0.0023346,-0.0011902,-0.0007019,0.00012207,-0.0015564,-0.0031433
-0.0024261,0.001709,0.0042267,0.0031586,0.0014038,-0.0018768
-0.00030518,0.0026703,0.0052338,0.0063782,0.0048676,0.00085449
0.00065613,0.0025787,0.0028992,0.0068512,0.0080872,0.0027161
-9.1553e-05,0.0007019,0.00035095,0.0043335,0.0054169,0.0041199
0.00018311,-0.0022125,-0.0004425,0.00064087,-0.0010986,0.0025482
0.00027466,-0.0028992,-0.0009613,-0.0016022,-0.0045013,-0.0022583
-0.0030975,-0.0018616,-0.0015411,-0.0017395,-0.0030212,-0.0043793
-0.0055542,-0.0012207,-0.001297,-0.0020294,0.00018311,-0.0027161
-0.0037231,-0.0018005,-0.0036469,-0.0027771,-0.00045776,-0.00056458
-0.0023193,-0.004715,-0.0072479,-0.0046234,-0.0039673,-0.0019989
-0.0052795,-0.0080414,-0.011078,-0.0070343,-0.0074158,-0.0068207
-0.0096588,-0.010864,-0.012466,-0.0072327,-0.010361,-0.0096741
-0.01239,-0.011993,-0.0092163,-0.0077667,-0.0095825,-0.010712
-0.014297,-0.010544,-0.0080109,-0.0087738,-0.008667,-0.011047
-0.014679,-0.0098724,-0.010101,-0.0086212,-0.010834,-0.012024
-0.011871,-0.010422,-0.012833,-0.0094757,-0.013855,-0.014801
-0.0097809,-0.011887,-0.014191,-0.010773,-0.01767,-0.014526
-0.010895,-0.014496,-0.014328,-0.011948,-0.018509,-0.012573
-0.011703,-0.01503,-0.015411,-0.012756,-0.015076,-0.012314
-0.013443,-0.013153,-0.015198,-0.012024,-0.011566,-0.010406
-0.014587,-0.010986,-0.013229,-0.010941,-0.0103,-0.011337
-0.012222,-0.008194,-0.011795,-0.0095978,-0.013763,-0.016647
-0.011124,-0.0079803,-0.011612,-0.0080872,-0.018402,-0.017227
-0.01239,-0.011719,-0.012405,-0.0091858,-0.017822,-0.014542
-0.014999,-0.013763,-0.013,-0.01123,-0.015335,-0.012787
-0.015686,-0.013565,-0.012405,-0.010925,-0.014069,-0.011063
-0.011215,-0.012283,-0.012955,-0.0090637,-0.012894,-0.010223
-0.0071411,-0.0093079,-0.01413,-0.0068207,-0.010803,-0.0079193
-0.0051422,-0.0063934,-0.011292,-0.0042267,-0.0066223,-0.0057831
-0.0026245,-0.0040436,-0.0072632,-0.0014648,-0.0034637,-0.0044098
-0.00083923,-0.0035553,-0.005722,0.00048828,-0.0027466,-0.00085449
-0.00053406,-0.0037842,-0.0050354,0.00097656,-0.0032196,0.0012054
0.00061035,-0.0030823,-0.0041504,0.0009613,-0.0029755,0.0011139
0.0025482,-0.0027161,-0.0021667,0.0027313,0.00022888,0.00079346
0.0018768,0.00074768,0.0017395,0.0067596,0.0023956,0.0015717
0.00097656,0.0058441,0.0062561,0.010483,0.0027771,0.003479
0.0026855,0.0064087,0.0086365,0.011047,0.004776,0.0043182
0.0049896,0.0048981,0.008316,0.010239,0.0064697,0.0044098
0.0062866,0.0052032,0.0072632,0.011002,0.0061798,0.0036011
0.0060425,0.0068512,0.0084991,0.011292,0.0050812,0.0032501
0.005249,0.0087433,0.011765,0.011215,0.0057678,0.0037231
0.0045471,0.010101,0.013306,0.012436,0.0084534,0.0037994
0.0045471,0.0099792,0.012665,0.014389,0.010376,0.0053864
0.0053558,0.0083313,0.011185,0.016464,0.012466,0.0068054
0.0065613,0.0070343,0.010284,0.016266,0.014175,0.0079956
0.010025,0.0077362,0.011856,0.014114,0.01358,0.011703
0.013992,0.010834,0.013855,0.01326,0.013641,0.013779
0.014999,0.015884,0.016052,0.013687,0.012863,0.012772
0.013977,0.018829,0.017914,0.012878,0.01033,0.012146
0.01239,0.016235,0.014008,0.0090637,0.010834,0.011871
0.012238,0.011444,0.0068359,0.0055237,0.012695,0.012009
0.014511,0.006897,0.0032349,0.0059509,0.012802,0.014343
0.016464,0.0052643,0.0047913,0.0063324,0.012009,0.017166
0.015076,0.0088348,0.0074005,0.0040741,0.0096588,0.015778
0.01091,0.011902,0.0065308,0.0017548,0.0055847,0.0112
0.0085754,0.0095978,0.0033112,-0.0016022,0.0030212,0.0071716
0.0076752,0.003418,-0.0012665,-0.0033264,0.0034027,0.0040894
0.004364,-0.0018768,-0.0035095,-0.0004425,0.0040894,0.0041809
0.00057983,-0.0042572,-0.0019531,0.0011444,0.0038605,0.004425
-0.0013885,-0.0039368,-0.0011749,-0.00028992,0.0023956,0.00059509
-0.0029755,-0.0015869,-0.00033569,-0.0018311,-0.0018463,-0.0034332
-0.0058289,-0.0011444,0.00027466,-0.0025177,-0.0049744,-0.0061188
-0.0076752,-0.0023804,-0.00047302,-0.0024414,-0.0030365,-0.0075836
-0.0075531,-0.0045013,-0.00015259,-0.0010376,-0.0012054,-0.0075073
-0.0070496,-0.0059357,0.0013123,0.0026398,6.1035e-05,-0.0065002
-0.0061798,-0.0030518,0.0027771,0.0059967,0.0016174,-0.0052643
-0.0057526,-0.00039673,0.0034027,0.0054779,-0.0010071,-0.0039825
-0.0042419,-0.00090027,0.0043182,0.00090027,-0.0035858,-0.0037537
-0.00354,-0.0010376,0.0041962,-0.0020447,-0.0033722,-0.0050354
-0.0056305,1.5259e-05,0.0036926,-0.00039673,-0.0010986,-0.0026855
-0.0041199,0.0024261,0.0059204,0.0016785,0.0023346,0.0013123
0.001236,0.0047607,0.0063019,0.0037689,0.0035858,0.0011139
0.0042572,0.0031433,0.0037231,0.0041199,0.0044556,-0.00013733
0.002655,0.00061035,0.0005188,0.0013275,0.0024872,0.0007019
-0.00065613,-0.00013733,-0.0023956,-0.0019836,-0.0014954,0.0019379
-0.0010376,-0.0018311,-0.002121,-0.0047607,-0.00073242,0.0017242
0.00018311,-0.0019073,-0.0016022,-0.0043335,0.0015717,0.0022736
0.0032501,0.00019836,-0.0018463,-0.0023193,0.0034027,0.0051422
0.0075684,0.0015564,-0.0012054,-0.00036621,0.0048676,0.0066833
0.0075531,0.0032196,-0.00045776,0.0015564,0.0043945,0.0062714
0.0050659,0.0031586,0.00094604,-0.00019836,0.003479,0.0063171
0.0032349,0.0015106,-0.00019836,-0.0029602,0.0023956,0.0046997
0.0035095,0.002594,-0.00035095,-0.0032043,0.00048828,0.0025635
0.0062408,0.0049591,0.0046539,9.1553e-05,-0.001236,0.004715
0.0073853,0.0073853,0.0083313,0.0041809,0.0011902,0.0066986
0.0081329,0.0097961,0.009613,0.0049896,0.0072937,0.005188
0.010254,0.010956,0.0089417,0.0071411,0.010132,0.0061493
0.01091,0.010757,0.0075226,0.0088959,0.0077209,0.0089417
0.010223,0.010147,0.0092468,0.0070953,0.0058899,0.009491
0.0093384,0.011658,0.013077,0.0070801,0.008606,0.008194
0.010071,0.01329,0.015411,0.0092163,0.011154,0.0084686
0.012711,0.013275,0.014191,0.011703,0.011612,0.011795
0.013794,0.014587,0.013412,0.012238,0.013794,0.012268
0.013168,0.015106,0.014252,0.011673,0.014999,0.010666
0.01088,0.012589,0.014862,0.012283,0.012802,0.010773
0.0086975,0.010132,0.01593,0.010239,0.010574,0.010178
0.0093689,0.010315,0.014908,0.0075378,0.010223,0.01004
0.01004,0.01149,0.012009,0.0068665,0.011261,0.0095978
0.0084381,0.010056,0.0090637,0.0042877,0.010269,0.0074615
0.0058441,0.0072327,0.0052795,-0.00015259,0.0061646,0.004837
0.0032654,0.0032959,0.0022583,-0.0043182,0.00053406,0.0020599
-0.00028992,-0.0017853,-0.00045776,-0.0075531,-0.0042572,0.00041199
-0.003891,-0.0049896,-0.0055389,-0.0097351,-0.0049438,-0.0024414
-0.0052185,-0.0069885,-0.010284,-0.011139,-0.0049896,-0.0047607
-0.0041962,-0.0081787,-0.011353,-0.011581,-0.0063171,-0.0038605
-0.0024719,-0.0086517,-0.011765,-0.013,-0.0072632,-0.0042877
-0.0034943,-0.0089569,-0.013367,-0.014618,-0.0090485,-0.0059052
-0.0072174,-0.0093994,-0.012451,-0.012878,-0.010834,-0.0061646
-0.0086517,-0.010178,-0.0098724,-0.010864,-0.010254,-0.0058136
-0.0079803,-0.0095825,-0.0096741,-0.010895,-0.0079041,-0.0065308
-0.0084229,-0.0077057,-0.0097504,-0.0095978,-0.0069427,-0.0082703
-0.0077362,-0.0067139,-0.0076904,-0.0074768,-0.0088043,-0.00914
-0.0058441,-0.0069733,-0.0055389,-0.0063782,-0.0099945,-0.0076447
-0.0054321,-0.0056305,-0.0049591,-0.0054016,-0.0075226,-0.0046844
-0.0057373,-0.0033569,-0.0041199,-0.0041351,-0.0042572,-0.0041656
-0.0054474,-0.0025177,-0.0022888,-0.0028687,-0.0026245,-0.0046387
-0.0037079,-0.0025024,-0.0010986,-0.00177,-0.001236,-0.0032654
-0.0013123,-0.0023193,0.00024414,0.0013428,0.00045776,-0.0018158
-0.00076294,7.6294e-05,0.0019684,0.0046692,0.0025177,-0.0013275
-0.0010529,0.0019836,0.0031281,0.004776,0.0042572,-0.00035095
0.00061035,0.0005188,0.0022125,0.0039825,0.004837,0.0035095
0.001297,-0.0011444,0.00013733,0.0023041,0.0047302,0.0054779
-0.0013123,-0.0023651,0,-0.00041199,0.0030823,0.0021667
-0.0027161,-0.0039978,-0.0011749,-0.00064087,0.0010376,0.00012207
-0.0016937,-0.0054321,-0.0046082,0.00021362,0.0018616,0.0010986
-0.00057983,-0.0060883,-0.0067139,-0.0019836,0.0026855,0.0029602
-0.00061035,-0.0054474,-0.0080566,-0.0063477,-0.00082397,0.0027161
-0.0031281,-0.0058441,-0.0098267,-0.0098572,-0.0059814,-0.00177
-0.0051117,-0.0092316,-0.01326,-0.012848,-0.0091858,-0.004776
-0.0054016,-0.012527,-0.017639,-0.015274,-0.010162,-0.0057068
-0.0076294,-0.012375,-0.017593,-0.014771,-0.010452,-0.0072937
-0.0098877,-0.011536,-0.014008,-0.012238,-0.011597,-0.0080261
-0.0097961,-0.01152,-0.013351,-0.010132,-0.01236,-0.0089722
-0.0089722,-0.010391,-0.014069,-0.010468,-0.010818,-0.009613
-0.0090942,-0.010925,-0.013245,-0.011932,-0.010101,-0.0099487
-0.010071,-0.012054,-0.012802,-0.0095978,-0.012009,-0.010727
-0.010498,-0.010834,-0.0091858,-0.0056915,-0.01239,-0.011108
-0.011551,-0.0085602,-0.0036774,-0.0040131,-0.012619,-0.012604
-0.013367,-0.0061035,-0.0023346,-0.0032349,-0.013123,-0.01474
-0.014648,-0.0069885,-0.0045624,-0.0047607,-0.011017,-0.015335
-0.015457,-0.01033,-0.008606,-0.0063324,-0.0093536,-0.01326
-0.013443,-0.012695,-0.010635,-0.0041046,-0.008255,-0.010895
-0.0093231,-0.012421,-0.010269,-0.0018311,-0.0078125,-0.0089569
-0.0070496,-0.0084076,-0.007431,-0.0025787,-0.0079651,-0.0057526
-0.0068359,-0.0051117,-0.002655,-0.0034027,-0.0063171,-0.0051727
-0.007843,-0.0039063,-0.0013428,-0.0010986,-0.0048676,-0.0068207
-0.0074768,-0.0043182,-0.0018005,0.0016937,-0.0030975,-0.0066071
-0.0048218,-0.0049591,-0.001709,0.0032349,0.00033569,-0.0038452
-0.0013428,-0.0026093,-0.00097656,0.0041046,0.0031586,0.00059509
0.0010681,0.0014496,-0.00048828,0.0040131,0.0031891,0.0026703
0.0024567,0.0044861,0.0011292,0.0035095,0.00010681,0.0024567
0.0055237,0.0039673,0.0049286,0.0018768,-0.0021973,0.0025177
0.0058289,0.0030975,0.0047607,0.0011749,-0.00028992,0.0026855
0.0043182,0.0041199,0.0032501,0.0031738,0.0037689,0.0039978
0.0064697,0.0056305,0.002594,0.0053558,0.0050964,0.0053711
0.0072784,0.0071411,0.0019531,0.0062866,0.0044098,0.0050964
0.0051422,0.0051727,0.0027161,0.0054932,0.0033112,0.0033875
0.0031281,0.002655,0.0019531,0.0021362,-9.1553e-05,0.0012512
0.0020752,0.0017242,0.0021057,-0.0014954,-0.002243,-0.0011749
0.00033569,0.0016632,0.0022125,-0.00097656,-0.0014954,-0.0023193
-0.00030518,0.004364,0.0019226,0.0024414,-0.00045776,0.0002594
0.0040894,0.0056763,0.004303,0.0052795,0.00085449,0.0016174
0.0075531,0.0059814,0.0057068,0.0070953,0.0017395,0.0009613
0.006073,0.0066528,0.0064697,0.0071411,0.0025787,0.0016785
0.0032501,0.0043793,0.0068512,0.0058899,0.0032959,0.0005188
0.0010223,0.0025177,0.0063324,0.0041962,0.002655,-0.00039673
0.00064087,0.0045166,0.0067291,0.0040588,0.0033569,0.0018768
0.0028229,0.0083008,0.0079956,0.0069733,0.0072937,0.0045776
0.0081482,0.010483,0.011124,0.0096436,0.01033,0.0070496
0.011993,0.010117,0.013428,0.012054,0.010803,0.0084076
0.010361,0.0094452,0.012619,0.01413,0.010803,0.0089722
0.0075378,0.0083466,0.011688,0.012451,0.010437,0.0093079
0.0043335,0.0073242,0.011307,0.0095215,0.01123,0.0065765
0.0028534,0.0090179,0.011887,0.0093536,0.010941,0.0042877
0.0055695,0.010376,0.013336,0.0097656,0.0087891,0.0057373
0.008194,0.0097351,0.012268,0.0079193,0.0082092,0.006424
0.0091858,0.0093689,0.0087891,0.005661,0.0079498,0.0061951
0.006958,0.0083771,0.0062714,0.0040588,0.0075378,0.0060577
0.0025024,0.004776,0.0054474,0.0016327,0.0050049,0.0046387
-0.0012512,-6.1035e-05,0.0027924,-0.0019989,0.0007019,0.00177
-0.0042419,-0.0033417,-0.0024567,-0.0057678,-0.0028381,-0.0030975
-0.0068512,-0.0056,-0.0069122,-0.00737,-0.0075989,-0.0080719
-0.0096588,-0.0085754,-0.010406,-0.0095367,-0.011322,-0.010696
-0.0099792,-0.013718,-0.015198,-0.01593,-0.013641,-0.011368
-0.011536,-0.017181,-0.019943,-0.020935,-0.016495,-0.012589
-0.016403,-0.017303,-0.021423,-0.021698,-0.018219,-0.015121
-0.017944,-0.019089,-0.021973,-0.0215,-0.02002,-0.0159
-0.016525,-0.021057,-0.023361,-0.021484,-0.020981,-0.015366
-0.015671,-0.02037,-0.023376,-0.020462,-0.018768,-0.016617
-0.017166,-0.017044,-0.021484,-0.017029,-0.016068,-0.016922
-0.01683,-0.014908,-0.018982,-0.014862,-0.0159,-0.014999
-0.013901,-0.01506,-0.017792,-0.015198,-0.018402,-0.014893
-0.014618,-0.014435,-0.016464,-0.015442,-0.019394,-0.016479
-0.015915,-0.01564,-0.015457,-0.013458,-0.014969,-0.015701
-0.013641,-0.015137,-0.015152,-0.0080566,-0.0093689,-0.010864
-0.0082855,-0.010773,-0.011383,-0.0033264,-0.0058594,-0.0051117
-0.0020599,-0.0051575,-0.0065308,-3.0518e-05,-0.0022888,-0.00074768
0.0014038,0.00036621,-0.0026093,0.0023041,0.0007782,0.0026703
0.0030823,0.0026855,0.00050354,0.0029144,0.0026245,0.0039673
0.0052795,0.0034943,0.0019073,0.0048065,0.0041962,0.0053558
0.0075073,0.0036774,0.0047455,0.0090179,0.0073853,0.0087891
0.0084076,0.0067139,0.010681,0.01564,0.012375,0.011505
0.010788,0.012985,0.017166,0.020142,0.015625,0.013351
0.016602,0.016571,0.017746,0.018311,0.016296,0.016434
0.01976,0.018234,0.014359,0.014877,0.016495,0.019531
0.018845,0.016922,0.014221,0.013428,0.017319,0.019775
0.017807,0.012939,0.014236,0.014938,0.018204,0.017731
0.016586,0.011536,0.013275,0.015961,0.017014,0.015701
0.015015,0.012711,0.012024,0.013168,0.01358,0.014969
0.012665,0.013138,0.0088806,0.0080719,0.0098877,0.012207
0.0086517,0.010498,0.0051117,0.0027924,0.0066376,0.0059662
0.0046082,0.0048523,0.001297,0.0010834,0.0037537,0.0028687
0.0025482,-0.0020142,-0.0011597,0.00065613,0.0016937,0.0029449
0.00082397,-0.0058136,-0.0029449,-0.00097656,0.0011444,0.0027466
-0.0029602,-0.0049438,-0.0049591,-0.0023193,0.0011444,0.0012054
-0.0068817,-0.0042572,-0.0045319,-0.0024872,-0.0018158,-0.0039063
-0.0097198,-0.0059357,-0.0031891,-0.0017853,-0.0066528,-0.0087585
-0.011581,-0.0076447,-0.0045166,-0.0048828,-0.0082245,-0.010803
-0.011169,-0.0081024,-0.0062256,-0.0076141,-0.0079956,-0.010986
-0.0081482,-0.0077972,-0.0048065,-0.0054321,-0.0080414,-0.0094757
-0.005188,-0.005661,-0.0038605,-0.0032654,-0.006546,-0.0064697
-0.003479,-0.0028076,-0.00354,-0.0014496,-0.0029602,-0.00064087
-0.0020905,-0.0020294,-0.0013123,-0.00059509,0.002182,0.003067
-0.0010681,-0.00022888,-0.00047302,0.00076294,0.0046234,0.0023041
4.5776e-05,0.0014954,0.00067139,0.0033264,0.003006,0.0014343
0.0010986,-0.00024414,0.0019989,0.001709,0.00083923,0.00064087
0.0009613,-0.00079346,0.0011444,-0.00083923,-0.00021362,0.00097656
-0.0012054,4.5776e-05,0.0011749,-0.00067139,-0.00045776,0.0015717
-0.0022125,-0.0010834,0.00045776,0.00091553,0.00038147,0.0018921
-0.00039673,-0.0011139,-0.0017395,0.0024261,0.0041962,0.0011444
-0.0009613,6.1035e-05,-0.0028381,0.001297,0.0054474,-0.0016785
-0.0021667,-0.0014343,-0.0026703,-0.00065613,-0.00039673,-0.0016937
-0.0017548,-0.00354,-0.0033417,-0.0029449,-0.0058289,-0.001358
-0.003418,-0.0042419,-0.0051117,-0.006134,-0.0075531,-0.0040283
-0.0058594,-0.0062714,-0.0058441,-0.0082703,-0.009613,-0.0077362
-0.0091705,-0.0080261,-0.008316,-0.0097656,-0.012817,-0.010712
-0.012131,-0.008606,-0.011734,-0.011948,-0.013809,-0.01123
-0.011658,-0.01178,-0.014694,-0.014236,-0.012985,-0.012207
-0.011307,-0.01442,-0.018204,-0.013306,-0.013794,-0.013611
-0.011963,-0.014282,-0.01683,-0.009613,-0.014145,-0.012833
-0.01236,-0.014114,-0.012085,-0.0078125,-0.014023,-0.012177
-0.0121,-0.011246,-0.0094452,-0.0083466,-0.013046,-0.012451
-0.010834,-0.0072327,-0.0081177,-0.007431,-0.01004,-0.011612
-0.0093231,-0.0059814,-0.0062866,-0.0038147,-0.0073242,-0.00914
-0.0071106,-0.0050049,-0.0033569,-0.00047302,-0.0049286,-0.0070343
-0.0069122,-0.0033569,-0.0015106,0.0027924,-0.0035248,-0.0065613
-0.0081635,-0.0028687,0.00050354,0.0056915,-0.0028381,-0.0072174
-0.0061798,-0.0044556,0.0027313,0.004837,-0.0030823,-0.0072479
-0.0039978,-0.0034485,0.0018005,0.0028381,-0.0032959,-0.0054474
-0.0046082,0.0010529,0.0027313,0.0040588,-0.002182,-0.0034943
-0.0046234,0.0026703,0.0084229,0.0067902,0.00073242,-0.00177
-0.002121,0.0038757,0.011002,0.0086975,0.005127,-0.0017548
0.00057983,0.0062256,0.0080414,0.010361,0.0048676,-0.00079346
0.0029449,0.0049591,0.0055847,0.0099182,0.0037842,0.0036774
0.0050964,0.0030212,0.0037079,0.0059967,0.0051422,0.0042725
0.0034027,0.0031281,0.0015259,0.002533,0.003479,0.0029602
0.001236,0.0010071,0.0012054,0.00088501,0.0015869,0.0035553
0.0014648,-0.0015717,-4.5776e-05,3.0518e-05,0.0018005,0.0026855
0.0017853,0.00073242,-0.00079346,0.0016022,0.0029907,0.0033417
0.0030823,0.0041656,-0.00018311,0.0028229,0.0030975,0.0044098
0.004364,0.0032654,-0.0027771,0.00093079,0.0016479,0.0028992
0.004303,-0.00053406,-0.0040741,-0.0010376,0.00019836,0.00079346
-0.00019836,-0.0026398,-0.002121,-0.0023651,-0.0034485,-0.001236
-0.0058594,-0.0031281,-0.0032806,-0.004715,-0.0054016,-0.0044861
-0.0076141,-0.0045013,-0.0059357,-0.0061798,-0.0051117,-0.0076141
-0.0082703,-0.0054932,-0.006424,-0.0043182,-0.0067291,-0.005661
-0.0049744,-0.0061798,-0.0078125,-0.003479,-0.0059204,-0.0028381
-0.00062561,-0.0070801,-0.010696,-0.0044708,-0.0033569,-0.0024109
-0.0007019,-0.0062103,-0.0090332,-0.0035248,-0.0017853,-0.0011902
-0.0029907,-0.0034943,-0.0036011,-0.0013428,-0.00013733,-0.0010681
-0.0047455,-0.0018921,-0.00033569,0.0025177,0.00088501,-7.6294e-05
-0.0022736,-0.0014343,0.0014038,0.0050659,0.0021667,0.0020905
0.002533,0.0002594,0.002243,0.0054932,0.0040588,0.0027924
0.0053558,0.0026398,0.0034332,0.0070648,0.0051575,0.004364
0.0040894,0.0035095,0.0045624,0.0070801,0.0045929,0.0053558
0.0015259,0.0031433,0.0027161,0.0033112,0.0036774,0.0043182
0.0010681,0.0023041,0.00083923,-0.00074768,0.0029907,0.0033112
0.00097656,-7.6294e-05,0.00033569,-3.0518e-05,0.0014038,0.0030212
0.002182,-0.0016327,-0.00033569,0.0021973,0.00033569,0.0033417
0.0048065,-6.1035e-05,-0.0010376,0.0017242,0.0013123,0.0044403
0.0067139,0.0041046,-0.0010071,6.1035e-05,0.0029755,0.0049896
0.0065308,0.0074463,0.00071716,-0.0014954,0.0024567,0.00383
0.0043182,0.0054169,0.0012817,-0.0012054,0.00013733,0.0032959
0.002655,0.0011139,-0.0011444,-0.00085449,-0.0018921,0.0027008
0.0022888,-0.0016785,-0.0013885,-6.1035e-05,-0.0027618,0.0020294
0.002594,-0.001297,0.00093079,0.0021362,-0.0014191,0.0025177
0.003479,0.0031891,0.0010071,0.0014038,0.00019836,0.00021362
0.0028992,0.0062256,0.00067139,0.00035095,-1.5259e-05,-0.0019531
0.00039673,0.0040741,0.0014038,0.00073242,-0.0010071,-0.0013275
-0.0020447,-0.00045776,9.1553e-05,0.0004425,-0.0019073,-0.0024261
-0.0034637,-0.0025787,-0.00032043,0.0020447,-0.0016632,-0.0034332
-0.0016785,-0.00093079,0.0032501,0.0046997,0.00030518,-0.0010834
0.0015106,0.0041199,0.0059967,0.0059357,0.0034943,0.0031281
0.0036774,0.0098877,0.0071716,0.005127,0.0059662,0.0043793
0.0052338,0.0098572,0.0084686,0.0051117,0.0052032,0.001709
0.003891,0.0056152,0.0075226,0.00737,0.003952,0.0011902
0.0027771,0.0017853,0.0055084,0.0074615,0.0052032,0.0038452
0.0041656,0.0021973,0.005722,0.0074921,0.0080719,0.0066376
0.0062408,0.0075226,0.0081635,0.0083771,0.010727,0.0085754
0.0091705,0.010498,0.0096283,0.0086517,0.010956,0.009079
0.010376,0.01001,0.010193,0.0093842,0.010513,0.0089417
0.0097504,0.0077667,0.010345,0.0078583,0.010864,0.0092163
0.0077057,0.0056915,0.0087128,0.0068207,0.0090942,0.0087585
0.0054779,0.0062561,0.0090179,0.0066528,0.0047455,0.006897
0.0054016,0.0060577,0.009491,0.0044708,0.0028076,0.0042267
0.0042572,0.0056458,0.0071411,0.0041199,0.004837,0.0021973
0.0023346,0.0049896,0.0054169,0.0038605,0.0047913,0.0031586
0.0036011,0.0023346,0.0032806,0.00021362,0.0023499,0.0039978
0.005188,0.0016632,0.00061035,-0.0029449,0.00048828,0.0018311
0.0032654,0.0029907,6.1035e-05,-0.0024567,-0.0023041,-0.00019836
0.0010529,0.0030365,0.0011444,-0.0013123,-0.0026093,-0.00010681
-0.00032043,0.001297,0.0016174,-0.0021057,0.0002594,0.0005188
-0.0017395,-0.0019989,-9.1553e-05,-0.0020905,0.00082397,-1.5259e-05
-0.0027161,-0.0052643,-0.0022736,-0.0020142,-0.0005188,-0.00097656
-0.0045166,-0.0060272,-0.0046387,-0.0032349,-0.0018311,-0.0027771
-0.0055695,-0.0048523,-0.0064697,-0.0041199,-0.003479,-0.0057373
-0.0050201,-0.0027618,-0.0048523,-0.0055847,-0.0056152,-0.0072479
-0.0041962,-0.0016479,-0.0016479,-0.0058441,-0.0059967,-0.006546
-0.0036469,-0.0020752,-0.0010529,-0.0036316,-0.0032196,-0.0041199
-0.0024872,-0.0012054,-0.0017242,-0.0018616,-0.0011139,-0.0014648
3.0518e-05,1.5259e-05,3.0518e-05,-0.0014038,-0.00038147,-0.00093079
0.0011597,0.0013733,0.0015259,-0.00076294,-0.00022888,-0.00091553
0.0016174,0.0026855,0.0023041,0.00083923,-0.00086975,0.0016785
0.003891,0.0022736,0.004715,0.002121,0.00045776,0.0047302
0.0063019,0.0037384,0.0060883,0.0021057,0.0030212,0.0041809
0.0068665,0.0069275,0.0070343,0.002655,0.0040741,0.003006
0.0072174,0.0080872,0.0075836,0.0036011,0.0052795,0.0062408
0.0098724,0.0081024,0.0063934,0.004776,0.008728,0.01001
0.0098419,0.0090332,0.0078278,0.0080566,0.010452,0.0092926
0.0073242,0.0103,0.011703,0.0103,0.008667,0.0062866
0.0078125,0.010406,0.012329,0.0085449,0.0067139,0.00383
0.0086365,0.0091553,0.0095673,0.0041046,0.004425,0.0033569
0.0079956,0.006485,0.0068054,4.5776e-05,0.0025024,0.0044556
0.0047913,0.0039978,0.0045929,-0.00027466,0.00076294,0.004776
0.0013123,0.0036011,0.0036316,0.0012512,0.00080872,0.0021515
0.0014191,0.003891,0.0042572,0.0018768,0.0027924,-0.00062561
0.0028992,0.0025177,0.0042267,0.0015869,0.0020447,0.001297
0.0037384,0.0024567,0.0028992,0.0010681,0.0028229,0.0037384
0.0025024,0.0025482,0.0019379,0.00080872,0.0049744,0.0037537
0.0012054,-0.00047302,0.0021667,0.00024414,0.0046692,0.0038452
0.00016785,0,0.0023346,0.00010681,0.004715,0.0040894
0.0002594,0.0016937,0.001297,0.00028992,0.0039825,0.0037537
0.0049133,0.00065613,-0.0014343,0.00038147,0.0044861,0.0034637
0.0085449,0.00086975,-0.0042725,-0.00021362,0.0056,0.0062714
0.0078583,0.00036621,-0.00383,-0.0028229,0.0039215,0.0089264
0.0036926,-9.1553e-05,-0.0015411,-0.0035553,0.00383,0.0064087
-0.0019226,0.00042725,0.0004425,-0.0007019,0.0041962,0.00177
-0.0028687,-0.00090027,0.0021515,0.0012817,0.0036774,9.1553e-05
0.00033569,-0.00079346,0.0010071,0.0013123,0.0050049,0.0022888
0.0042114,0.00041199,-0.00057983,0.0019073,0.0059204,0.006073
0.0070801,-0.00048828,0.0010376,0.0016632,0.0056763,0.01088
0.0071869,0.00021362,0.00059509,-0.0005188,0.0057373,0.012344
0.0064087,0.0022278,-0.0010223,-0.001297,0.0066833,0.0083771
0.0062714,0.0033569,0.0015869,-0.00019836,0.0066223,0.0056305
0.0066528,0.0042877,0.0040588,0.00074768,0.005127,0.0069275
0.0086212,0.0050964,0.0046997,0.0007019,0.0050201,0.0081635
0.010086,0.0076904,0.0055847,0.00010681,0.0037994,0.0070038
0.0084381,0.0096436,0.0049896,-0.0010529,0.00018311,0.0050049
0.0054474,0.0077362,0.0031891,-0.0036011,-0.0028229,0.0010834
0.0010834,0.002594,0.00056458,-0.0057983,-0.0042267,-0.0048676
-0.0039673,-0.0028687,-0.0016174,-0.006012,-0.0053864,-0.0074463
-0.0044098,-0.0031281,-0.0016785,-0.0051727,-0.0069733,-0.0056
-0.00086975,0.00016785,-0.0010529,-0.005249,-0.0060272,-0.0029755
0.001358,0.0025482,-0.00024414,-0.006134,-0.0040131,-0.0013733
0.0017242,0.0031891,0.00032043,-0.0053101,-0.0041199,-0.0033417
-0.0016479,0.00019836,-0.00097656,-0.0024261,-0.0045776,-0.0065155
-0.0065155,-0.0046234,-0.0027466,-0.00053406,-0.0044556,-0.006073
-0.0064697,-0.006424,-0.0019684,-0.001236,-0.0027771,-0.0050354
-0.0051117,-0.0045013,-0.00085449,-0.0019531,-0.0014801,-0.0042572
-0.0040588,-0.0019073,-0.0012207,-0.0016937,-0.0011749,-0.0024567
-0.0013733,-0.00088501,-0.0019379,-0.0018005,0.00042725,-0.0017548
-0.00027466,-0.0027008,-0.0034637,-0.00082397,-0.00033569,-0.0014801
-0.002594,-0.0056458,-0.003952,0.00094604,-0.00097656,-0.001297
-0.004776,-0.0055389,-0.0022125,0.0017395,0.0017242,0.00041199
-0.0016785,-0.0026703,0.00027466,0.0017548,0.0044708,0.0029602
0.0018311,0.0014191,0.0021973,0.0023651,0.0060425,0.0023499
0.0019226,0.0042877,0.0032043,0.0029602,0.0040131,0.0016022
0.0010834,0.0029144,0.0030212,0.00053406,0.00068665,0.00083923
-0.0013123,0.00039673,0.00065613,-0.0016022,-0.0020752,-0.0016937
-0.00383,-0.00076294,-0.0010834,-0.0024414,-0.0038147,-0.0036163
-0.0047455,-0.0016479,-0.00097656,-0.0036163,-0.0026093,-0.0053253
-0.0028534,-0.0022583,-0.0015869,-0.0029449,-0.0035095,-0.0049438
-0.0012054,-0.0024109,-0.0028076,-0.0044708,-0.0072937,-0.002594
-0.0033569,-0.0031433,-0.0048676,-0.0081329,-0.010025,-0.0038757
-0.0054932,-0.0042114,-0.0070038,-0.0094757,-0.010468,-0.0084839
-0.0066833,-0.0059052,-0.0072937,-0.0089722,-0.0096893,-0.010696
-0.0085754,-0.007843,-0.0079651,-0.0073395,-0.0094147,-0.010696
-0.0097351,-0.0076752,-0.0095215,-0.00737,-0.009552,-0.010971
-0.0089417,-0.007843,-0.0083923,-0.007782,-0.011612,-0.010666
-0.0090942,-0.0081329,-0.0069733,-0.0075531,-0.013962,-0.011581
-0.011795,-0.0080719,-0.0085297,-0.010193,-0.013931,-0.013947
-0.013641,-0.01062,-0.010574,-0.01152,-0.013168,-0.014694
-0.014755,-0.01239,-0.011719,-0.0088959,-0.012222,-0.014069
-0.015915,-0.013397,-0.011108,-0.0060577,-0.01088,-0.013458
-0.014893,-0.013931,-0.010712,-0.0053406,-0.0095825,-0.012436
-0.011963,-0.012817,-0.012543,-0.0073853,-0.0093994,-0.010544
-0.010208,-0.013687,-0.014191,-0.0088806,-0.0096436,-0.0081482
-0.0121,-0.015305,-0.015274,-0.0079651,-0.0076752,-0.0070953
-0.014084,-0.016022,-0.013824,-0.0062866,-0.0057678,-0.0088806
-0.012741,-0.014099,-0.010406,-0.0033875,-0.0063782,-0.010513
-0.010391,-0.0097809,-0.0092926,-0.0022278,-0.0079041,-0.0092926
-0.0070953,-0.0083466,-0.0092773,-0.0049438,-0.0084381,-0.0072327
-0.0052032,-0.0085754,-0.010056,-0.0071106,-0.0072174,-0.0054474
-0.0074768,-0.0089417,-0.010406,-0.0067291,-0.0058136,-0.0048828
-0.0098724,-0.011475,-0.0092163,-0.0051727,-0.0058746,-0.0063477
-0.010742,-0.012878,-0.010178,-0.0050507,-0.0080109,-0.007309
-0.0096893,-0.0089111,-0.011353,-0.0060272,-0.010483,-0.0095978
-0.0076141,-0.0048828,-0.0094604,-0.0065765,-0.01268,-0.01329
-0.0082092,-0.0066528,-0.0080414,-0.0086823,-0.014374,-0.013153
-0.010086,-0.010406,-0.0094299,-0.010056,-0.013702,-0.010895
-0.011444,-0.012726,-0.011948,-0.0081635,-0.012802,-0.0088501
-0.011642,-0.013,-0.012878,-0.0053406,-0.011017,-0.0078278
-0.0098419,-0.010986,-0.011703,-0.0040588,-0.008667,-0.0096741
-0.0070953,-0.0078278,-0.010086,-0.0041656,-0.0088501,-0.010468
-0.0054779,-0.0055084,-0.0073242,-0.0035706,-0.0082855,-0.0086212
-0.0070343,-0.0052948,-0.0044556,-0.0016937,-0.0066528,-0.0079803
-0.0094299,-0.0059814,-0.0029755,0.00097656,-0.0055847,-0.00737
-0.0095062,-0.0061646,-0.0021057,0.0028076,-0.0039368,-0.005722
-0.0077667,-0.0048981,-0.0024719,0.0031433,-0.0027313,-0.0058136
-0.0046692,-0.0029602,-0.0029144,0.0032501,-0.0028687,-0.006424
-0.0022736,-0.0019989,-0.0021515,0.0027771,-0.0037384,-0.006424
-0.0020447,-0.0028381,-0.0015106,0.0020142,-0.0041962,-0.0046234
-0.0026855,-0.0044403,-0.001236,0.0018463,-0.0020447,-0.0011444
-0.003067,-0.0035095,-0.0014191,0.0028076,0.0017853,0.00041199
-0.0014801,-0.00090027,-0.0019836,0.0045929,0.0036163,0.0016327
0.001236,-0.00012207,-0.0016937,0.0046844,0.0036621,0.0025482
0.003418,-0.00053406,-0.0013275,0.0041351,0.0026703,0.0026703
0.0036774,-0.00035095,-0.00074768,0.0053711,0.0026093,0.0045471
0.0032959,-0.00035095,-0.00024414,0.0048981,0.0041809,0.0056152
0.0046539,-0.00016785,-0.0013733,0.0026093,0.0040588,0.0057373
0.0035248,0.00033569,-0.0015411,0.0021515,0.0029144,0.0058594
0.0017242,0.00064087,-0.0010223,0.0020752,0.0015564,0.0044708
0.0027466,0.0014496,-0.0019836,0.0011444,0.00045776,0.0022736
0.00354,0.00057983,-0.0034943,-7.6294e-05,-0.00059509,0.00079346
0.0025482,-0.0014038,-0.0052338,-0.0022125,-0.0030518,0.00019836
-0.0022583,-0.0033112,-0.006073,-0.0055237,-0.0052948,-0.0011902
-0.0076294,-0.0057831,-0.006134,-0.006485,-0.0076599,-0.0038452
-0.0089722,-0.0075378,-0.0065918,-0.0049896,-0.0094604,-0.0074921
-0.0084991,-0.0082855,-0.0073547,-0.0041351,-0.00914,-0.010696
-0.0067139,-0.0067596,-0.0076447,-0.003006,-0.0098572,-0.010132
-0.0035858,-0.0045013,-0.0064545,-0.0036774,-0.01091,-0.006546
-0.0025177,-0.0032654,-0.0061035,-0.005249,-0.0096283,-0.0050354
-0.0032349,-0.0033112,-0.0063629,-0.0044708,-0.007843,-0.0045624
-0.003952,-0.0049286,-0.0053406,-0.0040131,-0.0063477,-0.0038605
-0.0046082,-0.0036469,-0.0039215,-0.0016632,-0.0048218,-0.0050049
-0.0017548,1.5259e-05,-0.0018463,0.0032806,-0.0023346,-0.0026398
0.0040894,0.0018158,-0.00013733,0.0054932,0.00067139,0.0029907
0.0065613,0.0031281,0.0022736,0.0065918,0.0027161,0.0056152
0.0051727,0.0052185,0.0067596,0.0093842,0.0054321,0.0070038
0.004837,0.006012,0.0096283,0.012283,0.0092773,0.0081787
0.0062866,0.0066681,0.0089874,0.013977,0.012985,0.0083008
0.0092468,0.010315,0.0090027,0.014481,0.014084,0.010971
0.01561,0.014786,0.012711,0.014877,0.01355,0.015167
0.019241,0.01799,0.01683,0.015472,0.013641,0.016846
0.017212,0.017395,0.018311,0.015915,0.013657,0.016495
0.015457,0.014053,0.016647,0.015793,0.015091,0.014557
0.013611,0.013947,0.014053,0.014816,0.016083,0.013214
0.012039,0.014557,0.013382,0.013657,0.014496,0.012909
0.012436,0.014084,0.014572,0.011948,0.011475,0.01178
0.012421,0.013443,0.015182,0.0098724,0.0074921,0.010254
0.011551,0.010605,0.011826,0.0067444,0.0058136,0.0079193
0.0081177,0.008255,0.0075836,0.0039825,0.0067291,0.0055542
0.0030975,0.0070648,0.0068665,0.0058136,0.0067902,0.0037689
0.0016327,0.0046234,0.0061188,0.0070953,0.0054626,0.0027313
0.0030823,0.0022888,0.0046387,0.0055542,0.0057068,0.0036316
0.0042877,0.0029297,0.0054779,0.0057983,0.0070648,0.0056
0.0055237,0.0054932,0.0066071,0.0048523,0.0055847,0.0063019
0.0057831,0.0068054,0.0081024,0.0031891,0.0035706,0.0052338
0.004776,0.0075531,0.0091095,0.0035858,0.003952,0.0034485
0.0045471,0.0085754,0.0078583,0.0049438,0.0065765,0.0031433
0.0054626,0.0093079,0.0085602,0.0077972,0.00914,0.0063477
0.0076599,0.0092316,0.010818,0.0086823,0.0099182,0.009613
0.0095825,0.0092163,0.01178,0.0069427,0.0097046,0.0097198
0.0095825,0.010025,0.011536,0.0064545,0.0080719,0.0089111
0.0080414,0.0093079,0.0095673,0.006012,0.008255,0.0081635
0.0062714,0.0074463,0.0078888,0.005722,0.010254,0.0078888
0.0058136,0.0060425,0.0070496,0.0064087,0.010651,0.0076141
0.0054779,0.004837,0.0059357,0.0054169,0.011337,0.0069733
0.0050049,0.0026093,0.0039978,0.0028076,0.010376,0.0079956
0.0045013,0.00024414,0.0009613,0.00057983,0.0063171,0.0085754
0.0022888,-0.0005188,-0.0004425,-0.0017548,0.0038757,0.0067902
-0.00071716,-0.0012665,-0.0015411,-0.0041962,0.0030823,0.0025787
-0.0034027,-0.0017242,-0.0039825,-0.0057678,0.00033569,-0.0031128
-0.0049286,-0.0030212,-0.0045929,-0.0068512,-0.0046234,-0.0060272
-0.0057526,-0.0061646,-0.0056305,-0.0089264,-0.0092773,-0.0066223
-0.0071106,-0.0086975,-0.0088196,-0.013062,-0.011276,-0.0061951
-0.0088196,-0.011627,-0.012192,-0.016281,-0.011368,-0.0058746
-0.011581,-0.013535,-0.01506,-0.015808,-0.012375,-0.0094299
-0.013306,-0.012848,-0.014771,-0.01358,-0.014938,-0.014008
-0.012787,-0.011673,-0.012054,-0.01152,-0.014893,-0.015015
-0.011398,-0.0098724,-0.0098419,-0.010498,-0.011566,-0.012573
-0.0099487,-0.0075226,-0.0083313,-0.0089874,-0.0089111,-0.009201
-0.009201,-0.0068359,-0.0073853,-0.006546,-0.0072784,-0.006897
-0.0072479,-0.007843,-0.0062103,-0.0054169,-0.0056763,-0.005188
-0.005661,-0.0064697,-0.0048828,-0.0031128,-0.0043488,-0.0053406
-0.0059204,-0.0029755,-0.0023956,-0.00010681,-0.0048676,-0.0069275
-0.0046539,-0.00019836,0.0020599,0.00065613,-0.005188,-0.0067139
-0.0014191,0.0013885,0.0044556,0.0013428,-0.0029144,-0.0043335
0.0015717,0.00177,0.0046082,0.003006,7.6294e-05,-0.00053406
0.0019531,0.0033722,0.0053711,0.0056763,0.0042267,0.0036469
0.0021057,0.0045929,0.0059967,0.0076904,0.0070343,0.0053101
0.0038605,0.0042419,0.007019,0.0086823,0.0066071,0.0037689
0.0054169,0.0062256,0.0086517,0.0089417,0.0058441,0.0027618
0.0081329,0.0090332,0.0088348,0.007309,0.006012,0.0036469
0.0094452,0.0097504,0.0074921,0.0064087,0.0078735,0.0065155
0.0077515,0.0074768,0.0076752,0.0056458,0.0080872,0.0096436
0.0066223,0.0046997,0.0079803,0.0046234,0.0058899,0.01004
0.0059204,0.0051422,0.0058289,0.0047302,0.0055237,0.0079803
0.0054321,0.0053558,0.0039825,0.0039368,0.0059357,0.0039368
0.0059052,0.0054321,0.003952,0.0029297,0.0057373,0.0016785
0.0061493,0.0071106,0.004715,0.002182,0.0043182,0.0042572
0.0056305,0.0058289,0.0039673,0.00099182,0.0030365,0.007431
0.0042267,0.002533,0.002594,-0.00050354,0.0026855,0.0059052
0.0014954,0.00080872,0.0018921,-0.0020599,-0.0014191,0.00067139
-0.0012512,-0.00016785,6.1035e-05,-0.0041504,-0.0056152,-0.0033569
-0.0019684,6.1035e-05,-0.0018768,-0.0057373,-0.0053864,-0.0056
-0.0011444,0.00090027,-0.0017395,-0.0045471,-0.0041199,-0.0051727
0.00038147,0.00076294,-0.00019836,-0.0043488,-0.0030212,-0.00028992
0.0020752,0.0015869,-0.0002594,-0.0046844,-0.0037689,0.0033569
0.003006,0.0030518,0.00088501,-0.0026855,-0.0039825,0.0022278
0.0041199,0.0028687,0.0038452,-0.00082397,-0.00030518,0.00073242
0.0055847,0.003891,0.0037842,0.0017548,0.0034332,0.0020599
0.0072937,0.0066376,0.0036469,0.0038605,0.0053864,0.0053101
0.009079,0.0078278,0.0045013,0.0039978,0.0057831,0.0088196
0.0084076,0.0071869,0.0049896,0.0037384,0.0070648,0.011185
0.0072632,0.0048065,0.0055389,0.003952,0.0088196,0.011124
0.0066681,0.0033417,0.005722,0.0049133,0.007431,0.0087433
0.0055695,0.0041351,0.0070496,0.0044556,0.0061035,0.0058136
0.0067749,0.0048523,0.0056763,0.0036316,0.0069885,0.0059357
0.0089874,0.0060425,0.0032501,0.0039673,0.0082703,0.008194
0.0095367,0.0062408,0.0045624,0.0048981,0.0083313,0.0095978
0.0088806,0.0051575,0.0057678,0.0062714,0.007782,0.010574
0.0076447,0.0047607,0.0063019,0.0051422,0.0084229,0.0082245
0.0043945,0.0040436,0.0056305,0.0031586,0.0081024,0.0046082
0.001297,0.0026855,0.0026855,0.001709,0.0055847,0.0031128
0.0015411,0.00016785,-0.00038147,-0.001297,0.0018616,0.0014038
0.00099182,-0.0011444,-0.0012512,-0.002594,-0.0016327,0.00074768
-0.00082397,-0.00073242,-9.1553e-05,-0.0023041,-0.0019836,0.00027466
-0.0017548,-0.0018768,-0.00041199,-0.0023804,0.00028992,-0.002182
-0.0031128,-0.0020294,-0.00088501,-0.002594,-0.00076294,-0.0045319
-0.0032501,-0.0012054,-0.00027466,-0.0030212,-0.004776,-0.0050812
-0.0012817,-0.00064087,-0.00038147,-0.0035095,-0.0052643,-0.0052338
-0.00041199,0.0011139,-9.1553e-05,-0.0046997,-0.0039978,-0.0042419
-0.00019836,0.0019684,0.00097656,-0.003479,-0.002655,-0.00041199
0.0010681,0.00099182,0.00083923,-0.0013275,0.00039673,0.0018005
0.0010071,9.1553e-05,0.00035095,-0.00042725,0.0032349,0.0013733
0.00076294,0.00086975,0.0016785,0.0018616,0.004364,0.0015259
0.0029907,0.0035095,0.0037689,0.0034637,0.0033722,0.0018768
0.0060577,0.0062714,0.0068665,0.0037231,0.0031586,0.0036163
0.0088959,0.0074005,0.0090942,0.0040894,0.0052185,0.0064392
0.010605,0.0077667,0.0087433,0.0055542,0.0068665,0.0088654
0.0093384,0.008316,0.0088043,0.0074463,0.0090637,0.010513
0.0078583,0.0082855,0.0087128,0.00737,0.011856,0.0096283
0.0084534,0.0073395,0.0082855,0.0071564,0.013031,0.008606
0.0083313,0.0070038,0.0082092,0.0068054,0.0121,0.0091248
0.0081329,0.0068359,0.0088196,0.0059662,0.0094147,0.0095062
0.0087738,0.0063477,0.0090027,0.0049133,0.0090179,0.009552
0.0080872,0.0069427,0.0058594,0.0031586,0.010056,0.0089569
0.0064545,0.006012,0.0048828,0.0028687,0.0085449,0.0081482
0.0054474,0.0039978,0.006485,0.0029602,0.0077667,0.0064545
0.0047455,0.0042419,0.0051422,0.0027618,0.0062408,0.0034332
0.0023346,0.0037842,0.0037079,0.0016479,0.0023041,0.00083923
-0.0002594,0.0016937,0.0021057,-0.0018768,4.5776e-05,-0.0010376
-0.00074768,-0.0002594,-0.00038147,-0.0055237,-0.0014801,-0.00091553
7.6294e-05,-0.0014496,-0.001297,-0.007019,-0.0031128,0.00067139
0.00080872,-0.00059509,-0.0019684,-0.005188,-0.0024567,6.1035e-05
-0.00041199,-0.00018311,-0.0015717,-0.0028534,-0.00082397,-0.0019379
-0.0014191,-0.0018616,-0.00018311,-0.0026855,-0.0018158,-0.0035858
-0.0014191,-0.0015106,-0.00047302,-0.0031281,-0.0042725,-0.0046234
-0.0027618,0.00071716,0.00035095,-0.0041046,-0.0036469,-0.0044403
-0.0034943,0.00021362,0.0012512,-0.0051117,-0.002121,-0.0025482
-0.0027466,-0.0014038,0.00027466,-0.0043335,-0.0020905,-0.0007782
-0.0023346,-0.0015564,0.0005188,-0.0019226,-0.0019684,-0.002243
-0.0029297,-0.0024567,0.00097656,-0.00033569,-0.0036774,-0.0050812
-0.0041962,-0.0035248,-0.00048828,-0.0026398,-0.0055084,-0.0070648
-0.0048523,-0.0034027,-0.0038605,-0.0057678,-0.0056,-0.0069733
-0.0044708,-0.0045776,-0.0056305,-0.0064392,-0.0057831,-0.0042877
-0.0047913,-0.0057068,-0.004364,-0.006073,-0.0055084,-0.0028229
-0.0055389,-0.0050201,-0.0036163,-0.0039978,-0.0049591,-0.004425
-0.0053864,-0.0038605,-0.0026245,-0.0024872,-0.0038147,-0.0070801
-0.0043488,-0.0024719,-0.00088501,-0.0033264,-0.0031586,-0.006546
-0.0017242,-0.0012512,-0.0011749,-0.003418,-0.0036774,-0.0027313
-0.00033569,3.0518e-05,-0.0031433,-0.0033722,-0.002533,-0.0010834
-0.0016327,-0.00076294,-0.0037384,-0.003006,0.00030518,-0.0014191
-0.0034027,-0.0041656,-0.0018768,-0.00073242,0.0010834,-0.0019531
-0.005661,-0.0055847,-0.0004425,-0.00016785,-0.0012054,-0.0039673
-0.0069427,-0.0042114,-0.0015869,-0.0024109,-0.0045929,-0.0062714
-0.0059204,-0.0035248,-0.0042114,-0.0056915,-0.0078278,-0.0075836
-0.0060272,-0.0063782,-0.0075684,-0.0088806,-0.0085754,-0.0072174
-0.0078278,-0.011063,-0.011322,-0.0095673,-0.0077972,-0.0045776
-0.0083618,-0.013977,-0.013428,-0.0092316,-0.0067596,-0.0040588
-0.010361,-0.013,-0.013824,-0.0095062,-0.0056915,-0.0081024
-0.012253,-0.010361,-0.013443,-0.0090637,-0.0069427,-0.010681
-0.0098267,-0.011459,-0.013199,-0.0097504,-0.0087433,-0.0089417
-0.0082855,-0.013351,-0.014343,-0.011063,-0.0093842,-0.0063324
-0.0084839,-0.011871,-0.014435,-0.0099182,-0.0090942,-0.0045471
-0.0073547,-0.010056,-0.011963,-0.008316,-0.0081787,-0.0035553
-0.0056152,-0.010086,-0.010452,-0.0084534,-0.0069275,-0.0040283
-0.0047913,-0.0086365,-0.010635,-0.0079956,-0.0056763,-0.0053864
-0.0061646,-0.0045624,-0.0071869,-0.0049133,-0.006424,-0.0063477
-0.0070496,-0.0024567,-0.003479,-0.0025787,-0.00737,-0.0067596
-0.0052338,-0.0027618,-0.0037842,-0.0020294,-0.0073242,-0.0062866
-0.0029907,-0.003479,-0.0021057,-0.00094604,-0.0074768,-0.0048218
-0.0025787,-0.0026703,0.00054932,-0.00093079,-0.007309,-0.003418
-0.0027771,-0.00010681,0.0023651,-0.00045776,-0.0059662,-0.0036011
-0.0014038,0.0019531,0.0033875,0.0013123,-0.0027924,-0.0041046
0.0011444,0.004425,0.0012665,0.0026245,0.00013733,-0.0012512
0.0046387,0.0057831,0.0014648,0.0052185,0.0027008,0.0030518
0.0079193,0.0051117,0.004715,0.0068207,0.0048065,0.0062866
0.0074005,0.0052185,0.0059967,0.0060577,0.0057831,0.0081329
0.0047302,0.0068207,0.00737,0.006012,0.0067291,0.0065155
0.0049591,0.0085449,0.0083008,0.0063629,0.0049286,0.0039063
0.0070496,0.0082092,0.006134,0.0054779,0.00354,0.0036621
0.0073547,0.007019,0.0039825,0.0041351,0.0053101,0.0054474
0.0060425,0.0054626,0.0032806,0.0043182,0.0053101,0.0067749
0.0048828,0.0033264,0.0036469,0.0044708,0.0041504,0.0062866
0.0028381,0.0025787,0.0045929,0.0028534,0.0034332,0.0046539
0.0007019,0.0022736,0.0043182,0.0023499,0.0029449,0.0012512
0.00061035,0.0015717,0.0024872,0.003067,0.00177,-0.00045776
0.0016022,-0.00015259,-0.00027466,0.0021973,0.0011597,0.0013123
0.0025177,-0.0010834,-0.0021973,0.00068665,0.0018158,0.0025635
0.002243,-0.00027466,-0.0013123,0.00083923,0.0018158,0.0025635
0.0009613,-0.00047302,0.00085449,0.0015869,0.0028839,0.0013733
-0.0015106,0.00015259,0.0016785,0.0022736,0.0019684,-0.00030518
-0.0025787,0.00027466,0.0025787,0.0031433,-0.00071716,-0.0005188
1.5259e-05,-0.00083923,0.0020905,0.0018616,-0.00010681,-0.00010681
0.00064087,0.00035095,-0.00048828,0.00086975,0.0010376,-0.00021362
-0.00073242,0.00061035,0.00088501,0.0029449,0.0018311,-0.0005188
-6.1035e-05,-0.00061035,0.0030823,0.0048523,0.0031891,0.00083923
0.0009613,0.00094604,0.0039673,0.0053711,0.0047913,0.0023041
0.001297,0.0041962,0.0080566,0.0059814,0.0050812,0.0022125
0.0023804,0.0061646,0.010315,0.0074005,0.0032959,0.0032349
0.0050964,0.0064087,0.0086365,0.0076904,0.0046234,0.0052795
0.0067444,0.0067291,0.0083313,0.007309,0.0090179,0.0073853
0.0063477,0.0082245,0.010529,0.0085144,0.012619,0.009079
0.0075378,0.0097504,0.012009,0.0099487,0.014511,0.009552
0.0090179,0.0095367,0.011093,0.010498,0.012451,0.0093994
0.0080261,0.007431,0.0097046,0.0092926,0.0091248,0.008728
0.0068665,0.0056458,0.0081329,0.0065918,0.0086517,0.0071564
0.0061798,0.0050507,0.0059357,0.004425,0.0079803,0.0053101
0.0042419,0.0050049,0.0037994,0.0025482,0.0058746,0.0042725
0.0017853,0.0032043,0.0019073,0.00033569,0.0045624,0.0025787
0.00018311,0,0.00062561,-0.0011292,0.0025787,0.00071716
-0.00074768,-0.00071716,0.00027466,-0.0016022,-0.00048828,-6.1035e-05
-0.0005188,-0.00024414,0.00013733,-0.0015717,-0.0016785,-0.00085449
0.00097656,0.00016785,-0.00042725,-0.0019226,-0.00021362,-6.1035e-05
0.0021515,0.00090027,-0.00041199,-0.0028076,0.0027313,0.0028381
0.0038757,0.0018311,0.00056458,-0.0033875,0.0029297,0.005249
0.0046692,0.0023346,0.00010681,-0.0034943,-0.00041199,0.0052338
0.0039825,0.00016785,-0.0019073,-0.00354,-0.0013428,0.0032043
0.0028381,-0.001236,-0.0028381,-0.003418,-0.0012054,0.0013123
-0.00013733,-0.0011139,-0.0023193,-0.0030212,-0.00085449,-9.1553e-05
-0.00033569,-0.0017242,-0.0022736,-0.0035248,1.5259e-05,0.00012207
0.0016327,-1.5259e-05,-0.0036316,-0.004364,-0.0018463,0.0023499
0.0016479,0.00062561,-0.004425,-0.0054169,-0.0023651,0.0023651
0.0010986,-0.0016174,-0.0037231,-0.0059662,-0.0018158,0.00028992
-0.00073242,-0.0024719,-0.0013733,-0.0036163,-0.0027008,-0.0011139
-0.00093079,-0.0013275,0,-0.00027466,-0.0025787,-0.0027161
0.00013733,0.0015717,-0.0007782,0.00093079,-0.0014954,-0.0041199
-0.00067139,0.0019226,7.6294e-05,-0.00099182,-0.0014801,-0.0038605
-0.0015106,-0.00048828,-0.00073242,-0.0039368,-0.0027771,-0.0022736
-0.0023956,-0.0016327,-0.0028534,-0.0048981,-0.003479,-0.00086975
-0.0025177,-0.0030823,-0.0020752,-0.0042267,-0.003479,-0.0020599
-0.003479,-0.0043793,-0.0020142,-0.0033417,-0.0032196,-0.005661
-0.0073395,-0.0044861,-0.0024567,-0.0018921,-0.0047302,-0.0085449
-0.010483,-0.0038605,-0.0018921,-0.0017548,-0.0076447,-0.0103
-0.010513,-0.0048828,-0.0028839,-0.004715,-0.0090637,-0.010635
-0.0095673,-0.0078735,-0.0054932,-0.006546,-0.0091553,-0.010437
-0.0098572,-0.0085297,-0.006897,-0.0057526,-0.0072937,-0.01004
-0.0094147,-0.008667,-0.0071564,-0.0051575,-0.0060577,-0.0097809
-0.0099792,-0.0089569,-0.0076599,-0.0054016,-0.0080719,-0.011383
-0.012512,-0.0077667,-0.0074463,-0.0063629,-0.0091858,-0.011398
-0.010925,-0.0072021,-0.0078125,-0.0071869,-0.0076141,-0.0087891
-0.0069427,-0.0072021,-0.0084076,-0.0064392,-0.0056763,-0.0062866
-0.0060577,-0.0079651,-0.0067596,-0.0039215,-0.0051422,-0.0048676
-0.0067596,-0.009201,-0.0051117,-0.0033264,-0.0053711,-0.004715
-0.0064697,-0.0079956,-0.0057068,-0.0054169,-0.0051422,-0.0050964
-0.0050507,-0.0047913,-0.0057068,-0.0046844,-0.0052643,-0.0045319
-0.0030823,-0.0031128,-0.0053864,-0.0033875,-0.0042725,-0.0038452
-0.0024109,-0.0036926,-0.0061646,-0.0026245,-0.0036163,-0.0041199
-0.0032501,-0.0043182,-0.0034485,-0.00013733,-0.0040588,-0.0025482
-0.0027466,-0.0037994,-0.00047302,0.00019836,-0.0027771,-0.0023193
-0.0021362,-0.0030975,-0.001709,0.0010834,-0.0026398,-0.004837
-0.0023956,-0.0019226,-0.0012207,0.0014343,-0.0028381,-0.0034332
-0.0010529,3.0518e-05,-9.1553e-05,-0.00073242,-0.0014038,-0.00012207
0.00085449,0.0019379,-0.0010223,4.5776e-05,-0.00082397,0.0005188
0.0016327,0.0027771,-0.00018311,0.0015411,-0.00080872,-0.00013733
0.0011444,0.0016022,0.0013885,0.00099182,-0.0013275,-0.00068665
0.00018311,0.00061035,0.0013428,-0.00057983,-0.0026855,-0.0012665
-4.5776e-05,0.00036621,-0.00010681,-0.0018005,-0.0026398,-0.0011597
0.0010223,0.00057983,-0.001297,-0.0011597,-0.0012512,0.0014648
0.0027313,0.0018616,-0.001297,-3.0518e-05,0.00036621,0.0033264
0.0036621,0.0033264,0.00064087,0.0018158,0.0019379,0.0031586
0.0045929,0.0049286,0.0057373,0.0049286,0.0015717,0.0032501
0.0054321,0.0058441,0.007782,0.0058136,0.0018005,0.0031586
0.0059814,0.0064087,0.0055084,0.0055084,0.0041351,0.0046692
0.0083923,0.0078278,0.0054626,0.0066223,0.005661,0.0067596
0.0096436,0.0093384,0.0051422,0.0057068,0.0069733,0.0069885
0.0072021,0.0093536,0.0041962,0.0049133,0.006897,0.0064392
0.0043945,0.0066833,0.0063782,0.0064087,0.0039978,0.0052338
0.0025635,0.0041809,0.0078278,0.0040588,0.0019226,0.0032196
0.0021515,0.0032501,0.0043335,0.00065613,0.0012207,0.0011444
0.0027618,0.0020599,-0.00028992,0.00083923,1.5259e-05,0.0020752
0.0034943,0.0016174,-0.0023041,-4.5776e-05,-0.00022888,0.00383
0.0027771,0.0010529,-0.0028534,-0.0016022,0.00056458,0.0018921
-0.00071716,-0.00071716,-0.0011749,-0.00057983,0.0014801,0.00036621
-0.0030212,-0.0026093,0.00033569,0.0012817,0.0018768,0.00062561
-0.0027161,-0.0037689,-0.00027466,0.0015869,0.0012207,0.00042725
-0.0011749,-0.0018158,0.00065613,0.0012512,0,0.0011444
0.00094604,0.0011139,0.0019073,0.0015717,-0.0011292,0.00082397
0.00061035,0.0023193,0.0024872,0.0025024,-0.00065613,-0.0017548
-0.00067139,0.0030212,0.0045166,0.004303,0.0010986,-0.00177
-0.00059509,0.0020294,0.0049896,0.0048676,0.0040283,0.00094604
6.1035e-05,0.0007782,0.0032959,0.0047455,0.0057526,0.0021667
0.0010071,0.0016022,0.0026703,0.003952,0.0028076,0.0013733
0.00071716,0.002533,0.0028992,0.0013428,-0.00074768,-0.00071716
0.00050354,0.0029144,0.0030823,0.0007782,-0.0015869,-0.0018768
-0.00045776,0.0024872,0.0028076,0.0024719,0.00050354,-0.0013275
-0.0034332,-0.00041199,0.0016327,0.0029907,0.003067,-0.0016327
-0.004425,-0.0040436,1.5259e-05,0.0018463,0.0023193,-0.0021667
-0.0037231,-0.004776,-0.0018158,-0.00053406,-0.0002594,-0.0017853
-0.0028381,-0.0025635,-0.0032806,-0.0028076,-0.0034943,-0.0016327
-0.00047302,0.00022888,-0.0035858,-0.0041199,-0.0049286,-0.0022736
0.0024414,0.00079346,-0.0036316,-0.0058136,-0.0039673,-0.0024872
0.0024872,-0.00074768,-0.0036011,-0.004776,-0.0034485,-0.00022888
0.00028992,-0.0019073,-0.0029297,-0.002243,-0.0018005,0.0019989
-0.00018311,-0.001297,-0.0028229,-0.0027313,-0.00018311,0.0010986
0.00083923,0.00079346,-0.0023956,-0.0026093,-0.0018005,-0.0014496
0.00050354,0.0021057,-0.0011749,-0.002533,-0.0043793,-0.0031433
-0.0010834,0.0013275,-0.0018921,-0.004303,-0.0042725,-0.0033417
-0.0014801,-0.0018005,-0.0045776,-0.0055542,-0.0035858,-0.0026093
-0.0015717,-0.0051575,-0.0068665,-0.0062561,-0.0047607,-0.00091553
-0.0031738,-0.0065155,-0.0083008,-0.0054474,-0.0048981,-0.0012665
-0.0050507,-0.0081329,-0.0089417,-0.0045471,-0.0049896,-0.0044556
-0.0052795,-0.0079956,-0.0070801,-0.0052185,-0.0062256,-0.0053406
-0.0044403,-0.0039673,-0.0046539,-0.004715,-0.0055542,-0.0042725
-0.0037384,-0.0024261,-0.0049438,-0.0028381,-0.0034332,-0.0035706
-0.0018005,-0.003891,-0.0048828,-0.0020905,-0.0020752,-0.00097656
0.00086975,-0.003479,-0.0030823,-0.0019684,-0.0030823,0.0017242
0.0014496,-0.0018005,-0.00071716,-0.00042725,-0.0039978,9.1553e-05
-0.00083923,0.0002594,0.0022125,0.002533,-0.0014954,-0.0028687
-0.0027161,0.001236,0.0029602,0.0038757,0.0013123,-0.002243
-0.00083923,0.0011902,0.0018005,0.0029755,0.0037231,0.00071716
0.0027313,0.0035095,0.0012512,0.0022125,0.0055542,0.003952
0.0056152,0.0054626,0.0015564,0.002243,0.0046387,0.0061035
0.0076904,0.0036011,0.0022888,0.0019226,0.0032196,0.0065613
0.0071106,0.0012665,0.00064087,0.0010376,0.0039978,0.0063019
0.0032349,0.001358,1.5259e-05,0.0029449,0.0056915,0.0044708
0.00091553,0.0021057,0.0027466,0.0055695,0.0048676,0.0027161
0.0028076,0.0015106,0.0019226,0.0043335,0.0041046,0.0037689
0.0039215,0.00048828,-0.0013275,0.0015717,0.0052032,0.0045319
0.0023346,-0.001236,-0.0030975,6.1035e-05,0.0035858,0.0039673
0.00061035,-0.0031281,-0.0030975,-0.00039673,0.00073242,0.002533
-0.0019073,-0.0032654,-0.0013123,-0.00035095,-0.0017242,-0.0024109
-0.0049438,-0.0025482,-0.00012207,0.00090027,-0.0040894,-0.0067291
-0.0055237,-0.0013733,0.00033569,0.00097656,-0.0027161,-0.0063324
-0.0041351,-0.00045776,-0.00012207,-0.00030518,-9.1553e-05,-0.0029755
-0.0022125,-0.00093079,-0.0002594,0.00030518,-0.00097656,0.0013428
0.00056458,-0.0024414,0.00039673,0.00038147,-0.0021057,0.0017548
0.00093079,-0.0025177,-0.00012207,0,-0.00053406,-0.0017242
-0.0018311,-0.00024414,0.00028992,0.0015259,0.0004425,-0.0030518
-0.003006,0.00080872,0.0018616,0.002655,0.00015259,-0.0020752
-0.0015717,0.00091553,0.0023499,0.0021973,4.5776e-05,-0.0015869
1.5259e-05,0.0013885,0.002243,0.0017548,-0.00036621,-0.00071716
0.00016785,0.00093079,0.0016022,0.0017853,0.00059509,3.0518e-05
0.00047302,0.00016785,0.0013733,0.0023804,0.00039673,0.00036621
0.00091553,0.00068665,0.0032196,0.003952,0.00030518,0.00035095
0.00088501,0.0032349,0.0049286,0.0051727,0.0033569,-0.0013733
0.0018005,0.0046539,0.0062561,0.0054626,0.0040131,-0.00059509
0.0021515,0.0043945,0.0061493,0.0039673,0.0033722,0.0031128
0.0030212,0.0046692,0.003006,0.0019073,0.0029755,0.0037994
0.0040741,0.0033875,0.0013275,0.0014648,0.0020599,0.0022888
0.0042114,0.0009613,0.00059509,-0.00010681,0.0023804,0.0029907
0.0055237,0.0012512,-0.0013275,-0.0022583,0.0029755,0.0050354
0.0049286,0.0036163,-0.0019531,-0.0023651,0.0039825,0.0062103
0.00383,0.0034485,-0.0011139,-0.00088501,0.0043335,0.0064087
0.0040436,0.00091553,-0.0011597,9.1553e-05,0.0024872,0.0049896
0.0020599,-0.0010834,-0.002243,-0.00056458,-0.00024414,0.0027618
0.00059509,-0.0034027,-0.0037994,-0.0022125,-0.0011139,0.00039673
-0.00088501,-0.004776,-0.0061188,-0.0045776,-0.00054932,-0.0016937
-0.0041504,-0.0044403,-0.0066681,-0.0055084,-0.0019836,-0.002655
-0.005249,-0.0050964,-0.0062103,-0.0046844,-0.0038452,-0.0041046
-0.0073547,-0.0064545,-0.0067902,-0.0040741,-0.0054474,-0.0072784
-0.011429,-0.0075989,-0.005661,-0.0042877,-0.0089417,-0.010513
-0.011932,-0.0093842,-0.0044861,-0.0060883,-0.010956,-0.01152
-0.010895,-0.011276,-0.0078735,-0.0079956,-0.010376,-0.012054
-0.011307,-0.010422,-0.011093,-0.0072632,-0.009964,-0.012573
-0.011444,-0.0078735,-0.0089722,-0.0056763,-0.009201,-0.011047
-0.010574,-0.0077362,-0.0063629,-0.0053406,-0.0083313,-0.0095978
-0.0097351,-0.0083313,-0.0052948,-0.0036926,-0.007782,-0.0087128
-0.0085907,-0.0069885,-0.0043793,-0.0015259,-0.0064545,-0.0069885
-0.0065308,-0.0054932,-0.0041656,-0.0020599,-0.0046692,-0.0058899
-0.0046997,-0.0037231,-0.0037842,-0.0019836,-0.0028839,-0.0037384
-0.0037842,-0.0014496,-0.0025177,0.00039673,-0.0011597,-0.0012817
-0.0035248,-0.0014648,-0.00054932,0.0024872,0.00057983,-0.0023193
-0.0031891,-0.0032349,-0.00016785,0.0037384,0.0015869,-0.0024261
-0.0016479,-0.0037537,-0.0014496,0.0032806,0.0017853,-0.00059509
-0.00094604,-0.0015259,-0.0028229,0.0014343,0.00071716,-0.00032043
-0.0015717,0.00022888,-0.0020294,-0.00035095,-0.0022736,0.00010681
-0.00042725,-0.00057983,0.001236,-0.0011444,-0.0034943,-0.00076294
0.00024414,0.00091553,0.0016785,0.00033569,-0.0020752,-0.0022888
0.00082397,0.0028992,0.00036621,0.0022583,0.00016785,-0.00080872
0.0024872,0.0015259,-0.00061035,0.0017853,0.0026245,0.0007782
0.0035858,0.0013275,-0.0019379,0.00018311,0.0026245,0.0030975
0.0058441,0.0035095,-0.001358,-0.0010376,0.00090027,0.0066681
0.0074005,0.0051575,-0.0009613,-0.0012665,0.00064087,0.006958
0.0079651,0.0048828,0.00064087,0.00016785,0.00177,0.0059052
0.0080414,0.0045013,0.0033417,0.002594,0.0033112,0.0055389
0.0058594,0.0050659,0.0019073,0.0045776,0.0046997,0.0044708
0.0040436,0.0031586,0.00068665,0.0036469,0.0045624,0.0045319
0.0030975,0.00032043,0.0015869,0.0017242,0.0031281,0.005249
0.002121,0.00086975,0.00054932,0.0010529,0.0022278,0.0030212
0.00093079,0.0023651,-0.00012207,-0.00030518,4.5776e-05,0.00012207
0.00039673,0.0021667,0.0010223,-0.00082397,-0.0030823,-0.0015717
0.00062561,0.00062561,-0.00045776,-0.0018921,-0.0045776,-0.0021515
6.1035e-05,-0.002243,-0.00354,-0.0036774,-0.0045471,-0.00086975
0.00068665,-0.0038757,-0.004303,-0.0030823,-0.002182,0.00032043
0.00035095,-0.0021667,-0.0041962,-0.0020142,-0.00021362,0.00050354
-0.0014801,0.00045776,-0.002655,-0.00033569,-0.00099182,-0.0016327
-0.0015106,0.0022736,0.0007782,0.00061035,-0.0024719,-0.0033264
-0.00067139,0.0021057,0.0024109,0.00021362,-0.0025024,-0.0021057
0.0002594,0.00042725,0.0020599,0.0017853,-0.00053406,-0.001236
0.00053406,0,0.0026245,0.0040588,0.0013733,0.0011597
0.0016937,0.0011749,0.0037842,0.006012,0.0044556,0.0045319
0.0038605,0.0042267,0.0052032,0.0082703,0.0086212,0.0047913
0.0050201,0.0078735,0.0079346,0.0093231,0.0093689,0.0053406
0.0062256,0.0089722,0.010239,0.0088959,0.0075836,0.0078735
0.0082245,0.0076599,0.009903,0.0086365,0.0068054,0.0090485
0.009613,0.0063629,0.0080566,0.0080566,0.0080872,0.0084839
0.0085602,0.0070496,0.0074768,0.0074463,0.01088,0.0075378
0.0063477,0.0084991,0.0065613,0.0077057,0.011978,0.0079651
0.005661,0.0079803,0.005127,0.0063171,0.010086,0.0090637
0.0070038,0.0059052,0.0056152,0.0049286,0.0083618,0.0082092
0.0074615,0.0048065,0.0054932,0.0057526,0.0074463,0.0065308
0.007019,0.0047455,0.0052643,0.0062408,0.0069733,0.0061035
0.0075836,0.0042114,0.0046997,0.0050964,0.0083466,0.0072021
0.0066223,0.0029144,0.0018311,0.0034027,0.009079,0.0084686
0.0039063,0.0012665,0.00056458,0.0022888,0.0075226,0.0069733
0.0015564,0.0013123,0.0018005,0.0019226,0.0061646,0.004364
0.0013123,0.0013885,0.0021362,0.0016937,0.0046387,0.0034332
0.0017242,-0.00074768,-0.0010529,0.0004425,0.0017548,0.0023804
0.001236,-0.0026093,-0.0033417,-0.00073242,6.1035e-05,0.0019531
0.0005188,-0.0031281,-0.0020294,-0.0014343,0.00090027,0.0010834
-0.003418,-0.0020905,-0.0017548,-0.0029449,0.00030518,-0.0023499
-0.0068665,-0.0025482,-0.00041199,-0.0037994,-0.0032196,-0.0048065
-0.0071259,-0.0043793,0.0007782,-0.0035706,-0.0057983,-0.006134
-0.0071259,-0.0029297,-0.0011749,-0.0027466,-0.006424,-0.0065765
-0.0031433,-0.0011139,-0.0015259,-0.0011902,-0.0041504,-0.0040741
0.001358,1.5259e-05,-9.1553e-05,-0.00012207,0.0010071,0.00013733
0.00177,0.0012054,0.0015564,0.00093079,0.0032196,0.0022125
0.0015411,0.0020905,0.0034485,0.0019989,0.0028534,0.0011139
0.0017395,0.0041656,0.0048676,0.0025024,0.0027161,0.00079346
0.0040436,0.0050659,0.0060425,0.0042114,0.0023346,0.0016479
0.0055237,0.0052795,0.0064697,0.0052948,0.0028992,0.0020752
0.0033417,0.0048218,0.0041351,0.0027466,0.0024719,0.0024719
0.00059509,0.0012665,-1.5259e-05,-0.0019989,0.0011139,0.0013885
-0.0024109,-0.0024719,-0.0020142,-0.0058289,-4.5776e-05,-0.00027466
-0.002594,-0.0036621,-0.0024872,-0.0059662,-0.0017242,-0.0015564
-0.00010681,-0.0018768,-0.0027618,-0.0044708,-0.0024567,-0.0025635
0.00085449,0.00071716,-0.0030975,-0.0036316,-0.0023346,-0.0011444
0.0014343,0.00036621,-0.0044861,-0.0035553,-0.002121,6.1035e-05
0.00057983,-0.0025482,-0.0059052,-0.0053253,-0.0018768,-0.00047302
-0.0012665,-0.004303,-0.0048981,-0.0056763,-0.0018311,-0.00068665
-0.0017853,-0.0027008,-0.0021515,-0.0048523,-0.0019989,-0.0011597
-0.0015869,-0.00088501,-0.0020294,-0.0036011,-0.002533,-0.00097656
-0.0010071,-0.00094604,-0.0015259,-0.00068665,-0.0024109,-0.00062561
-0.0019073,-0.0016174,0.00030518,-0.00022888,-0.0017395,-0.0007782
-0.0041199,-0.0023956,-0.001236,-0.0005188,-0.0021973,-0.0019989
-0.0045776,-0.0026703,-0.0016174,-0.00064087,-0.0036774,-0.0044403
-0.0030975,-0.0028076,0.00012207,-0.0027313,-0.0041656,-0.0046234
-0.0018616,-0.0011444,0.00047302,-0.0023651,-0.0033875,-0.003891
-0.0022125,0.0012054,0.00018311,-0.00033569,-0.0040436,-0.0039673
-0.0034027,0.00059509,-7.6294e-05,-0.00064087,-0.0039673,-0.0035706
-0.0032806,-0.0018005,0.00032043,-0.0018921,-0.0020752,-0.0029297
-0.0023651,-0.0033569,-0.0012817,-0.0011749,-0.0016937,-0.001709
-0.0013733,-0.002182,-0.0024872,-0.00022888,-0.0014954,-0.00050354
0.00079346,0.00035095,0.00054932,-0.00045776,-0.00015259,0.00042725
0.0022278,0.0034027,0.0031433,0.0012665,0.0013275,0.00039673
0.00383,0.004715,0.003006,0.0029449,0.0023499,-0.00016785
0.0048676,0.0026398,0.00099182,0.0032501,0.0029144,0.0012512
0.0016022,0.0017548,1.5259e-05,0.002594,0.0026245,0.0028381
-0.0013885,0.00061035,0.00057983,0.00027466,0.0019226,0.0025635
-0.0011444,-0.0018311,0.00012207,-0.00059509,0.0010529,0.0010071
-0.00097656,-0.0024567,-0.00015259,-0.00038147,0.00016785,-0.0010986
-0.0025177,-0.0027008,-0.0018005,-0.00065613,0.00035095,-0.0020142
-0.0041046,-0.0029144,-0.004364,-0.0013123,-0.0004425,-0.0026398
-0.0038757,-0.0041046,-0.0045776,-0.0027924,-0.0018158,-0.0035248
-0.003479,-0.0047302,-0.0036316,-0.0030365,-0.0019836,-0.0019531
-0.0031433,-0.0020599,-0.0020142,-0.0015717,-0.0014191,-0.00035095
-0.0010071,0.00030518,-0.00013733,0.00036621,0.0005188,-0.00076294
0.0016937,0.0017548,0.0017548,0.0019073,0.0020752,0.00062561
0.0030975,0.0026855,0.0032959,0.0024872,0.0017853,0.0024872
0.0027313,0.0030212,0.0032959,0.0026093,0.00041199,0.0020294
0.00028992,0.0028381,0.0036774,0.0019379,-0.0009613,0.00076294
-0.0025635,0.0022583,0.0034637,0.0013123,-0.0011139,-0.0016327
-0.0023499,0.0026398,0.0026398,0.00093079,-0.0017395,-0.0044403
-0.00018311,0.0017548,0.0035858,-4.5776e-05,-0.0028229,-0.0041809
0.0010376,0.0016479,0.0032654,-0.00022888,-0.0022736,-0.0010681
0.0034485,0.0031128,0.0020447,0.00042725,-0.0013885,0.0024414
0.0061951,0.0036469,0.0025482,0.00094604,-0.00019836,0.0053558
0.0071716,0.0056152,0.0040741,0.0014191,0.0032654,0.0062714
0.007431,0.0087585,0.0063324,0.0029755,0.006485,0.0069122
0.0079956,0.01123,0.0083923,0.0045319,0.0080414,0.0082703
0.010696,0.011368,0.0086975,0.0047302,0.0084381,0.0083466
0.012985,0.0099792,0.0078735,0.0055389,0.0063629,0.0087585
0.01265,0.0097046,0.0083313,0.0055695,0.0054169,0.0099945
0.011047,0.0097656,0.0078278,0.0044861,0.007019,0.0099792
0.0083771,0.0092773,0.0058594,0.0032043,0.0078125,0.0076294
0.0062103,0.0082855,0.0062103,0.002594,0.0066528,0.0041199
0.0049896,0.0061951,0.0069427,0.0045166,0.0034332,0.002655
0.0044556,0.0027771,0.0056152,0.0049896,0.0019226,0.0038605
0.0044098,0.0010986,0.0030365,0.0028076,0.0043335,0.0034332
0.0027008,0.0021057,0.0020752,0.0024872,0.0059967,0.001297
0.0010376,0.0019989,0.0032501,0.0038605,0.0055084,0.0031433
0.001297,0.00079346,0.0024872,0.0035553,0.0063629,0.0056
0.0010834,0.00048828,0.00099182,0.002121,0.0075226,0.0054474
0.0012817,-4.5776e-05,0.0017548,0.0025787,0.0070496,0.0062103
0.0031128,0.00012207,0.0024109,0.0031738,0.0063324,0.006012
0.0036469,0.002182,0.0025024,0.0029144,0.0048828,0.0041962
0.0021362,0.0036774,0.0050507,0.0034943,0.0038757,0.0029755
0.0012512,0.004364,0.007431,0.0026703,0.0037079,0.0015869
0.0026703,0.0055542,0.006073,0.0017242,0.0019073,0.00042725
0.0049896,0.0058441,0.0054626,0.0025635,0.00041199,0.0018768
0.0057831,0.0048981,0.006424,0.003006,0.0020752,0.0043488
0.0045776,0.0042725,0.0051422,0.0027618,0.0050659,0.004837
0.00383,0.0039063,0.0037689,0.0023193,0.0056152,0.0046692
0.0039978,0.0034637,0.0042877,0.0016174,0.0041962,0.0043335
0.0024567,0.0032196,0.0033875,0.00012207,0.0031738,0.00354
0.0024872,0.0021362,0.0020142,-0.00088501,0.0019379,0.0038147
0.0061035,0.0020905,0.0023651,-0.00050354,0.0018005,0.0039063
0.0066071,0.0035858,0.0004425,0.00074768,0.0036316,0.0037994
0.003891,0.0035553,-0.00094604,0.0017853,0.0049591,0.0052185
0.0035248,0.0022278,0.0016327,0.0005188,0.0060425,0.0069427
0.0042877,0.0023041,0.0032349,-0.00057983,0.0061798,0.0071716
0.0052032,0.0051575,0.0039368,-0.00042725,0.0034485,0.0047913
0.0075531,0.007431,0.0046387,-0.00041199,0.0019836,0.0038147
0.0091248,0.0081024,0.0045166,0.00082397,0.0044556,0.0069885
0.009079,0.0090332,0.0049896,0.0025177,0.0066376,0.0089417
0.0085144,0.0072327,0.0047455,0.0031281,0.0068512,0.0087585
0.0076141,0.0041504,0.0036316,0.0016022,0.0059814,0.0078278
0.0065918,0.0036163,0.0031128,-0.00021362,0.0036774,0.0061035
0.0055695,0.0045166,0.0036316,6.1035e-05,0.0018311,0.0047913
0.0056915,0.0061188,0.005188,0.0012207,0.0024567,0.0039063
0.0058899,0.0068207,0.006012,0.0030518,0.0048828,0.0049133
0.0040741,0.0057373,0.0058136,0.0041962,0.0056458,0.0050049
0.0023651,0.0035553,0.0057831,0.00354,0.00354,0.0031281
0.0025024,0.0021667,0.005127,0.0011597,0.0021973,0.0022278
0.0027161,0.0024567,0.0037994,-0.0010071,0.0017853,0.0007782
0.0023041,0.003067,0.0029144,-0.00013733,0.0016327,0.0018921
0.0036926,0.0036926,0.0025177,0.0011139,0.0038452,0.0051575
0.0055695,0.0031738,0.0022125,0.001358,0.0055237,0.0059052
0.005127,0.0033112,0.00383,0.0016327,0.0042114,0.0062103
0.0049438,0.0037994,0.0065155,0.0018158,0.004715,0.0058136
0.0045013,0.0044708,0.0059509,0.0025482,0.0065613,0.0042419
0.0036469,0.0060272,0.0039368,0.002533,0.0061798,0.0040588
0.0040283,0.0041199,0.0028534,0.0016174,0.0061188,0.0054474
0.0030212,0.0025482,0.0024719,0.0016327,0.0055237,0.0048523
0.0014801,0.0012512,0.0031586,0.001297,0.0040131,0.002182
0.00083923,-0.0022125,0.0027618,0.0014038,0.0041046,0.0017395
0.0010223,-0.0012207,0.0025482,0.0018005,0.0040894,0.0032806
0.0023346,0.0028381,0.004425,0.00076294,0.0040588,0.0037842
0.0038757,0.006424,0.0057373,0.0010834,0.0049896,0.0029907
0.0058594,0.0071259,0.0049133,0.0016937,0.004837,0.0043945
0.0062103,0.0041656,0.004364,0.0017242,0.0046539,0.0060577
0.0024414,0.0020294,0.0045624,0.0019989,0.0058136,0.0033569
-0.00065613,0.0010986,0.0030823,0.0013428,0.0054626,0.00076294
0.0014191,0.0015106,0.002182,0.00059509,0.0042267,0.0015259
0.0029907,0.0039825,0.0034027,-0.00090027,0.0030823,0.002121
0.0018616,0.0051727,0.0050354,-0.00064087,-1.5259e-05,0.0012817
0.0026703,0.0030975,0.005722,0.0011597,-0.00030518,0.0016327
0.003418,0.0014191,0.0041504,0.00050354,0.0030823,0.0029907
0.0022583,0.0021362,0.0028076,-0.00018311,0.0027771,0.0028992
0.0013428,0.0029297,0.0030518,-0.00074768,0.0012817,0.0014648
0.00038147,0.0035553,0.0033112,-0.0015411,0.00094604,-0.00050354
0.00074768,0.0016174,0.0022583,-0.0023193,-0.0010529,-0.0023499
0.0012512,-0.0016785,-0.0011749,-0.0037689,-0.0014801,-0.0029602
-0.0016479,-0.001709,-0.0016937,-0.0038605,-0.002655,-0.002121
-0.0036469,-0.0018311,0.001236,-0.0047607,-0.0064545,-0.0029602
-0.0027466,-0.00073242,0.00021362,-0.0070801,-0.0076447,-0.0059967
-0.0021057,0.0015106,-0.0011902,-0.0076294,-0.0075378,-0.0071869
-0.0020752,-4.5776e-05,-0.00099182,-0.0079346,-0.0074768,-0.0063171
-0.0041046,-0.00094604,-0.0032349,-0.0088196,-0.006897,-0.0066071
-0.006134,-0.0022736,-0.0042572,-0.0087891,-0.008606,-0.008194
-0.0056915,-0.0047455,-0.0045166,-0.008667,-0.011795,-0.0086975
-0.0061798,-0.0037384,-0.0055847,-0.009201,-0.012466,-0.0088043
-0.0070496,-0.0041962,-0.0052795,-0.0097809,-0.0103,-0.0093689
-0.0070648,-0.0060272,-0.0060577,-0.0089417,-0.0089417,-0.0089722
-0.006073,-0.0056305,-0.0070496,-0.0067291,-0.0077362,-0.0080566
-0.0045166,-0.0052643,-0.0058899,-0.0046539,-0.0057373,-0.0070953
-0.0056763,-0.0042114,-0.0039673,-0.0029144,-0.0048981,-0.0052032
-0.0063477,-0.0038147,-0.0012665,-0.0021057,-0.0023499,-0.0035248
-0.0045471,-0.0039368,0.00010681,-0.0012817,-4.5776e-05,-0.002533
-0.0042114,-0.0026703,-0.00091553,0.00032043,-0.00021362,-0.00065613
-0.0025482,-0.0033569,-0.0027161,0.00021362,0.00057983,0.0010681
4.5776e-05,-0.0037079,-0.0043488,-0.0011597,0.0015259,0.00085449
-0.00028992,-0.0020142,-0.0042267,-0.0024719,0.001297,0.00091553
-0.00045776,-0.0025177,-0.0041504,-0.0032806,4.5776e-05,0.002121
-0.0013885,-0.0042725,-0.0061646,-0.0040741,-0.0013123,0.00073242
-0.0047302,-0.0063477,-0.0084381,-0.0070648,-0.0033112,-0.0025635
-0.0076141,-0.0093231,-0.0096436,-0.0083008,-0.0074463,-0.0057678
-0.0095673,-0.011169,-0.0103,-0.0077209,-0.011063,-0.0089569
-0.011566,-0.011169,-0.011032,-0.0089874,-0.011856,-0.011642
-0.014755,-0.011963,-0.01178,-0.01001,-0.011673,-0.014862
-0.017502,-0.015137,-0.013855,-0.011749,-0.014023,-0.016022
-0.01767,-0.017059,-0.017258,-0.014633,-0.016449,-0.015778
-0.017166,-0.017227,-0.019318,-0.015564,-0.017792,-0.017548
-0.016663,-0.018036,-0.019058,-0.014435,-0.019852,-0.017227
-0.015167,-0.017715,-0.018295,-0.013824,-0.017273,-0.014389
-0.012497,-0.014862,-0.017517,-0.012543,-0.012344,-0.012344
-0.010483,-0.011826,-0.01413,-0.0089264,-0.011383,-0.01088
-0.010986,-0.01091,-0.010162,-0.0069885,-0.011734,-0.010498
-0.010727,-0.010345,-0.0089111,-0.0054474,-0.010788,-0.010468
-0.0088806,-0.00914,-0.0083008,-0.0033264,-0.0078888,-0.0096741
-0.0081329,-0.0074463,-0.0079651,-0.0025635,-0.006012,-0.0080719
-0.0070496,-0.0063477,-0.0068054,0.00041199,-0.0038147,-0.0045776
-0.0050049,-0.0065155,-0.0045166,0.0020142,0.0004425,-0.00068665
-0.0031738,-0.0045929,-0.003006,0.0016327,0.00080872,0.00054932
-0.0011749,-0.0028076,9.1553e-05,0.0040283,-0.00090027,0.00047302
0.00094604,-0.0015869,0.0014954,0.0042725,-0.00045776,0.00090027
0.0013885,0.0014191,0.00012207,0.0035858,0.00094604,0.0010529
0.00083923,0.002121,0.0010376,0.0050964,0.0016785,0.0017395
0.0012665,0.00015259,0.00047302,0.0038147,0.0010834,0.00177
0.00074768,-0.00177,-0.0021515,0.00059509,6.1035e-05,4.5776e-05
-0.00079346,-0.0021973,-0.0025024,-0.0013428,-0.0016937,-0.00010681
-0.00047302,-0.0015259,-0.0020905,-0.002121,-0.0029144,0.00085449
0.00067139,-4.5776e-05,-0.0022888,-0.00012207,-0.0026245,-0.00039673
0.00067139,0.001236,-0.0018921,0.0022583,-0.0018616,-0.0012817
0.00053406,-0.0002594,-0.0005188,0.0024719,0.00054932,0.00068665
0.00047302,-0.0021973,-0.00090027,0.0028839,0.0019531,0.0010681
-0.00045776,-0.0033112,-0.0029449,0.00177,3.0518e-05,-0.00097656
-0.0029755,-0.003067,-0.0025635,-0.00062561,-0.0029755,-0.002121
-0.0040741,-0.0018616,-0.00093079,-0.0015564,-0.0059814,-0.0042572
-0.0032196,-0.0018311,-0.0011444,-0.0013275,-0.0053253,-0.0061493
-0.0052948,-0.0022125,-0.0002594,0.0013275,-0.002594,-0.0049591
-0.0068359,-0.0042572,0.0012512,0.004364,-0.00097656,-0.0044098
-0.005127,-0.0045319,-0.00057983,0.004303,0.00056458,-0.003006
-0.0023193,-0.00177,-0.0016632,0.0014954,0.00065613,0.00076294
0.00082397,-0.0012817,-0.0018921,-0.0016479,0.0011597,0.0012054
0.00035095,-0.0014954,-0.0030975,-0.00033569,0.00019836,6.1035e-05
-0.0027618,-0.002243,-0.0018158,0.0019531,-0.0017395,0.00012207
-0.0037384,-0.0050354,-0.0023804,0.0005188,-0.00071716,-0.00074768
-0.002655,-0.0061798,-0.0055237,9.1553e-05,-0.00019836,-0.0007019
-0.0018616,-0.0046539,-0.005661,-0.00047302,0.00015259,-0.00079346
-0.0014954,-0.0032043,-0.0050354,-0.0022278,-0.00085449,-0.0019989
-0.0015106,-0.0028534,-0.0046082,-0.0021515,-0.0038757,-0.0020142
-0.0031738,-0.0020752,-0.0027313,-0.0015411,-0.0049591,-0.0033569
-0.0043335,-0.0020142,-0.0015411,-0.0012054,-0.0050354,-0.0052032
-0.0057373,-0.0036774,-0.0011902,-0.0011749,-0.0052795,-0.0059052
-0.0080414,-0.0048676,-0.0017548,-0.0011139,-0.0053406,-0.0063477
-0.0074615,-0.0063629,-0.00383,-0.0013428,-0.0057373,-0.0057068
-0.0061188,-0.0071411,-0.0054169,-0.0022736,-0.0067902,-0.0056915
-0.0060425,-0.0055695,-0.0053253,-0.0034637,-0.0066071,-0.0061798
-0.0053711,-0.0047302,-0.0036774,-0.0039063,-0.0057373,-0.0059204
-0.0041656,-0.0035095,-0.0026703,-0.0029297,-0.0058899,-0.0053864
-0.003479,-0.00042725,-0.0020447,-0.0018158,-0.0064697,-0.0060883
-0.0032806,0.00032043,-0.00093079,-0.00088501,-0.0081329,-0.0074615
-0.0024719,-0.00088501,-0.0016022,-0.00097656,-0.0076904,-0.0057526
-0.0022583,-0.00012207,-0.0023041,-0.0016785,-0.0046844,-0.0044708
-0.0020294,0.00047302,-0.0027924,-0.0020752,-0.0043945,-0.0053558
-0.00064087,-0.00035095,-0.0024414,-0.0019379,-0.0054474,-0.0044403
-0.0013275,-0.0016327,-0.00045776,-3.0518e-05,-0.0053101,-0.0027161
-0.0026703,-0.002533,-0.0009613,0.002121,-0.0030975,-0.0018616
-0.0020447,-0.00073242,-0.0017548,0.0031586,0.00012207,-0.0021362
-0.0007782,0.00093079,-0.00080872,0.002182,0.00033569,-0.0010834
0.00091553,0.0010376,-0.00074768,0.00085449,-0.00059509,9.1553e-05
0.0018005,0.0011139,-0.00062561,0.0015869,-0.0010834,-0.0010376
0.0021973,0.00071716,-0.00016785,0.0019684,-0.0019226,-0.00030518
0.0017548,0.00019836,-0.00076294,0.0018463,-0.0013885,0.0010986
-0.00091553,-4.5776e-05,0.00016785,0.002594,0.00074768,-0.0004425
-0.0025024,-0.00053406,0.0020142,0.0036011,0.0026703,-0.0013275
-0.0021667,-0.0014648,0,0.0038452,0.0024261,0.00013733
-0.0016785,-0.0015564,-0.0017853,0.0031891,0.001709,-9.1553e-05
-0.00090027,-0.0012207,-0.00091553,0.0028839,0.0010376,-0.0011139
-0.0016937,-0.0017395,-0.0016785,0.0015411,-0.0013123,-0.0005188
-0.0032043,-0.0035858,-0.0028687,-0.0015869,-0.0024414,0.00059509
-0.0023956,-0.0058136,-0.0039215,-0.0027618,-0.0018158,0.00071716
-0.0029907,-0.0056763,-0.0059052,-0.0010986,-0.0005188,-0.0012665
-0.0049591,-0.0042114,-0.0055237,0.0013428,-1.5259e-05,-0.0029449
-0.0041962,-0.0046997,-0.0038757,0.0010986,-0.0019684,-0.0034027
-0.0024719,-0.0046844,-0.0056152,-0.0028839,-0.0029297,-0.0025635
-0.00099182,-0.003067,-0.0058899,-0.0039825,-0.0031738,-0.00045776
-0.00064087,-0.0032349,-0.0033875,-0.0021057,-0.0034027,-0.0002594
-0.0014038,-0.0019684,-0.0028229,-0.00099182,-0.002594,-0.0018463
-0.0018616,-0.00021362,-0.0010834,0.00065613,-0.0027161,-0.0037994
-0.0033722,-0.00056458,0.00047302,0.00047302,-0.0026855,-0.0048676
-0.0039673,-0.00018311,-0.00064087,-0.00068665,-0.0023193,-0.0031281
-0.0020599,-0.0020294,-0.0023041,-0.00010681,-0.0021667,-0.00059509
-0.00083923,-0.0037842,-0.0031891,0.00048828,-0.0013275,-0.00019836
-0.0011444,-0.002594,-0.0011444,0.001709,-0.00054932,-0.0011902
-0.002121,-0.001709,0.00012207,0.0024719,-0.00016785,-0.0012665
-0.0014496,-0.00033569,0.00021362,0.0019531,0.0010986,-0.00059509
0.00076294,0.0014648,0.0020905,0.0037079,0.0026245,0.0011139
0.0026093,0.002594,0.0031738,0.0058289,0.0033417,0.0038757
0.004364,0.003418,0.0037842,0.0054169,0.0052948,0.0057526
0.0048523,0.0040894,0.0051575,0.0057983,0.0082397,0.007782
0.0062408,0.003479,0.0058746,0.0071259,0.009903,0.0081635
0.0077667,0.004425,0.0055847,0.0081329,0.0089111,0.0070648
0.0069427,0.0076752,0.0075836,0.0091248,0.0078278,0.0083771
0.0077667,0.0075684,0.0095978,0.0086975,0.0098572,0.010101
0.009964,0.0075378,0.0080719,0.0083008,0.01181,0.011276
0.011215,0.008667,0.0077667,0.0083923,0.012146,0.011963
0.011536,0.00737,0.0086823,0.0079956,0.011642,0.01207
0.011673,0.0076904,0.009201,0.0079651,0.011139,0.012146
0.011307,0.0094604,0.0097656,0.0085297,0.011398,0.011002
0.010437,0.0097351,0.0096893,0.0091248,0.010864,0.0096741
0.010925,0.009552,0.009201,0.0075684,0.010559,0.0087433
0.0093384,0.0091705,0.0082245,0.0046692,0.0082245,0.0080566
0.0065765,0.0071259,0.0063171,0.0010529,0.0038147,0.007019
0.0059204,0.0040131,0.0031891,-0.00064087,0.0026245,0.0042572
0.0041351,0.0027008,0.0020294,0.0014343,0.0027771,0.0025787
0.0016174,0.0035706,0.0033417,0.002121,0.003418,0.0023651
0.0021057,0.0047302,0.0040131,0.0016785,0.0037231,0.001236
0.0034485,0.0042267,0.0039825,-0.00019836,0.0020905,0.0014343
0.0030212,0.0021973,0.0028839,-0.0030365,0.0012054,0.0035553
0.0045166,0.0020142,0.001358,-0.0019531,0.0010529,0.0048065
0.0057526,0.0044861,0.0019684,6.1035e-05,0.0017548,0.004364
0.0054626,0.0066223,0.0042572,0.0016022,0.0036621,0.0038452
0.0071106,0.0070801,0.0061493,0.0037537,0.0056305,0.0044403
0.0080872,0.0072479,0.0070496,0.0045776,0.0071716,0.0075989
0.0092316,0.0074921,0.0081177,0.0051117,0.0097504,0.011658
0.010925,0.0078888,0.00914,0.0076141,0.012665,0.011932
0.010818,0.0084381,0.0096893,0.010544,0.013031,0.011078
0.010773,0.0087738,0.010834,0.010712,0.013504,0.011719
0.011627,0.009491,0.01152,0.0093994,0.014542,0.012192
0.011215,0.0098267,0.010574,0.0078583,0.013779,0.012833
0.0094757,0.0092621,0.0085602,0.0061798,0.012222,0.011963
0.0084381,0.0076599,0.0077972,0.0053253,0.0095367,0.0094299
0.0075531,0.0061798,0.0082703,0.0050659,0.0081024,0.0083466
0.0068054,0.0063171,0.0077515,0.0048065,0.0093384,0.0087433
0.006897,0.0065002,0.0082245,0.0045319,0.0090942,0.0084839
0.0068207,0.0077515,0.010941,0.0055542,0.0082397,0.0076904
0.0062714,0.0093842,0.010956,0.0055695,0.0079498,0.006073
0.0044861,0.0071564,0.006897,0.0033722,0.0050507,0.0029602
0.0021515,0.0039825,0.0040894,0.0014954,0.0015259,0.00061035
0.00082397,0.001709,0.0026245,-0.0019531,-0.00085449,-0.0016632
0.00016785,-0.00061035,0.00056458,-0.0062866,-0.0041656,-0.0024261
-0.00032043,-0.00047302,-0.00042725,-0.0078125,-0.0065918,-0.0017853
-0.0027618,-0.00071716,-0.00090027,-0.0072784,-0.0066071,-0.0046692
-0.0054169,-0.0033875,-0.0029144,-0.0065613,-0.006546,-0.0073547
-0.0048676,-0.003952,-0.0050812,-0.0070801,-0.0069427,-0.008194
-0.0052032,-0.0021667,-0.004837,-0.008255,-0.0067444,-0.0090027
-0.0058289,-0.0031586,-0.0044556,-0.0082703,-0.0075531,-0.0082092
-0.0050964,-0.0054474,-0.0060577,-0.0087891,-0.0087128,-0.0077209
-0.0061646,-0.0052185,-0.006424,-0.0090637,-0.0084229,-0.0080414
-0.0057831,-0.0056,-0.0045166,-0.0068054,-0.007782,-0.0070801
-0.0050964,-0.0055847,-0.0040436,-0.0048218,-0.0063782,-0.0066528
-0.0073395,-0.0037689,-0.0043945,-0.0046234,-0.0041351,-0.007843
-0.0069885,-0.0040588,-0.0039978,-0.0044098,-0.0034485,-0.0065308
-0.0035553,-0.004425,-0.0048981,-0.0044861,-0.004837,-0.0033875
-0.0016327,-0.003418,-0.0048676,-0.005188,-0.0050812,-0.0029602
-0.002182,-0.0033875,-0.0031586,-0.0049744,-0.0046082,-0.0027466
-0.0040131,-0.0043793,-0.0040283,-0.0045776,-0.0046539,-0.0020905
-0.006134,-0.0062714,-0.0066681,-0.0052948,-0.0036469,-0.0031891
-0.0070496,-0.0080109,-0.0074921,-0.0056915,-0.0027771,-0.0048828
-0.0062408,-0.0082397,-0.0077667,-0.005249,-0.0041962,-0.0060883
-0.0059814,-0.0074768,-0.0096436,-0.0059204,-0.0079193,-0.0062256
-0.0061188,-0.0087738,-0.011154,-0.0084381,-0.010559,-0.0069275
-0.0077057,-0.011566,-0.011932,-0.010864,-0.011337,-0.0083771
-0.011353,-0.012085,-0.01297,-0.01236,-0.011826,-0.0099335
-0.013092,-0.011505,-0.01268,-0.012756,-0.012726,-0.011795
-0.012527,-0.011307,-0.012024,-0.01181,-0.014572,-0.012924
-0.012054,-0.011551,-0.012558,-0.010864,-0.015961,-0.014847
-0.012665,-0.012085,-0.013275,-0.010483,-0.017639,-0.015839
-0.013504,-0.012955,-0.014145,-0.01149,-0.018845,-0.015366
-0.013977,-0.014389,-0.016022,-0.013428,-0.017181,-0.016449
-0.015289,-0.014618,-0.016327,-0.013168,-0.015717,-0.016891
-0.018005,-0.014221,-0.014526,-0.011261,-0.017014,-0.017471
-0.019989,-0.014954,-0.01358,-0.01001,-0.018799,-0.019958
-0.020218,-0.016663,-0.013672,-0.0098267,-0.019562,-0.020447
-0.019257,-0.017502,-0.013962,-0.0096741,-0.018616,-0.018463
-0.016724,-0.015564,-0.01384,-0.0083771,-0.01503,-0.016083
-0.013641,-0.012405,-0.012741,-0.0067749,-0.011261,-0.013412
-0.011169,-0.0095367,-0.0097656,-0.0050812,-0.0089264,-0.010666
-0.0098419,-0.0081635,-0.0070343,-0.0028534,-0.0080566,-0.0080719
-0.0082245,-0.0093079,-0.0075378,-0.00047302,-0.0069885,-0.0062714
-0.0073242,-0.0097656,-0.0076447,0.0022583,-0.0027008,-0.0042267
-0.0075531,-0.007843,-0.0054626,0.0040131,0.0021362,-0.00091553
-0.0043945,-0.005188,-0.0033112,0.0043335,0.0043335,0.0021515
0.00032043,-0.0018311,-0.00088501,0.0053864,0.0042419,0.0036011
0.0026398,0.00097656,0.0018005,0.0065155,0.0036316,0.0042725
0.0033569,0.0022888,0.0035248,0.0076141,0.0045929,0.0052643
0.0041504,0.0024567,0.0043793,0.0096436,0.0060272,0.0052643
0.0049744,0.0024261,0.0041962,0.0092621,0.006897,0.0048981
0.005188,0.0039825,0.0032349,0.0072174,0.0075073,0.0057526
0.0058441,0.0059052,0.004364,0.0071259,0.0068512,0.0062103
0.006073,0.0066681,0.0067139,0.0062714,0.0039368,0.0051575
0.0048981,0.0056458,0.0062714,0.0057373,0.0011597,0.0031281
0.00383,0.0040894,0.0051727,0.0060577,0.0014496,0.0020447
0.0025024,0.0040436,0.0048981,0.0046539,0.0035858,0.0028076
0.0021057,0.0035858,0.0045776,0.0056152,0.0048981,0.0028381
0.0035095,0.0043335,0.005127,0.0062561,0.0038757,0.0018463
0.00383,0.0058136,0.0052948,0.0037384,0.0022278,0.0020294
0.0043488,0.0050659,0.0048218,0.0030212,0.0014343,0.0032959
0.0052185,0.005188,0.0046082,0.0041351,0.0024872,0.0036163
0.004364,0.0049438,0.004776,0.0059052,0.0061035,0.0028534
0.0035706,0.0042419,0.0054016,0.0071106,0.0069885,0.0040894
0.0038757,0.0048981,0.0063782,0.006546,0.0048065,0.0055542
0.004715,0.0056915,0.0068817,0.0051422,0.0043182,0.0032806
0.0057678,0.0073547,0.0069427,0.0046997,0.0045776,0.0026093
0.0071869,0.0072021,0.0068359,0.0054474,0.0056763,0.0053101
0.0076447,0.0049438,0.005249,0.0057526,0.0080109,0.0083008
0.0080719,0.0049744,0.0047455,0.0057983,0.010162,0.012512
0.0093994,0.0066681,0.005722,0.0056763,0.011276,0.013748
0.0093689,0.0071411,0.0062256,0.0059967,0.010406,0.010605
0.0090179,0.0060425,0.0076294,0.006134,0.0081635,0.0089417
0.0089569,0.0053101,0.0065002,0.005127,0.0068359,0.0084076
0.0078278,0.0062256,0.0045013,0.0043335,0.0073242,0.0074005
0.0053253,0.0060272,0.006073,0.0044098,0.006958,0.0068359
0.0040131,0.0046997,0.0069733,0.004715,0.0048828,0.0049286
0.0052795,0.0049744,0.0065308,0.00354,0.0035706,0.0040588
0.0057526,0.0046234,0.006012,0.0023499,0.0037231,0.0051422
0.0061035,0.0033722,0.0044708,0.002594,0.0033417,0.00383
0.0068512,0.0047913,0.0037079,0.001358,0.0015106,0.0032654
0.0063782,0.0073547,0.0053101,0.00086975,0.00086975,0.0045013
0.0063019,0.0074615,0.006012,0.0025024,0.0025024,0.0039215
0.0058899,0.006958,0.004837,0.0018463,0.0048828,0.0033417
0.0049438,0.0066223,0.005188,0.0017548,0.0059357,0.0033722
0.0050507,0.0055542,0.0058746,0.0042572,0.0043793,0.0033875
0.0054474,0.0059662,0.0065918,0.0048523,0.0032501,0.0041199
0.0054016,0.0068359,0.0082855,0.00383,0.0037994,0.004425
0.0058441,0.0076447,0.0088959,0.0035858,0.0036011,0.0040131
0.0069275,0.0088348,0.0093689,0.0045471,0.0046234,0.0036621
0.007309,0.0092773,0.010864,0.0053558,0.0064545,0.0044556
0.0084076,0.0099792,0.010773,0.0045471,0.0057373,0.0058746
0.0099487,0.01123,0.0092468,0.0043182,0.005661,0.0066528
0.0097504,0.011841,0.0093689,0.0050964,0.0075226,0.0083466
0.0098572,0.0097961,0.0089264,0.0048218,0.0095062,0.010529
0.0099792,0.0074768,0.0068512,0.004303,0.010742,0.010788
0.0091095,0.0078125,0.0066986,0.004364,0.010529,0.010086
0.0092468,0.0078583,0.0075226,0.0051117,0.0098724,0.0097351
0.0093842,0.006546,0.0067139,0.0055847,0.0097351,0.010086
0.009552,0.0051575,0.0047302,0.0048218,0.010788,0.011337
0.0092468,0.0049286,0.0041504,0.0045013,0.011246,0.011612
0.0064392,0.0046387,0.0046844,0.0041046,0.0097809,0.0099792
0.0046692,0.0038452,0.0046082,0.0026093,0.0085144,0.0083466
0.0039978,0.0036621,0.0047455,0.0019531,0.0075684,0.0065918
0.0037537,0.0029144,0.0045013,0.0024261,0.006897,0.0050964
0.0057373,0.0035248,0.0046234,0.002182,0.0073853,0.0054474
0.0050659,0.0060577,0.0049744,0.0011292,0.0063782,0.0054169
0.0033417,0.0058899,0.0059967,0.0012054,0.0036621,0.0039063
0.0032501,0.003891,0.007782,0.0023041,0.0027771,0.0018921
0.0012054,0.0034943,0.0068665,0.0015259,0.0018311,-3.0518e-05
0.00064087,0.0025177,0.0042267,-0.00082397,0.00041199,-0.00024414
0.00083923,0.001297,0.0017395,-0.0020447,0.001709,-0.0005188
-0.0005188,0.001358,0.00073242,-0.0027618,0.0016632,-0.0014496
-0.00047302,1.5259e-05,0.00067139,-0.0039215,-0.0016937,-0.0018311
-0.00074768,-0.00093079,-0.0011902,-0.0051575,-0.0043945,-0.0032806
-0.0011139,-0.00082397,-0.0020294,-0.0059509,-0.0054932,-0.0043335
-1.5259e-05,-0.0016937,-0.00083923,-0.0060883,-0.0050049,-0.0030212
7.6294e-05,-0.0014191,-0.0013123,-0.0056458,-0.003479,-0.0009613
-0.00032043,-0.00091553,-0.0023041,-0.0043945,-0.0012665,-0.00088501
-0.00053406,-0.0015106,-0.0023193,-0.0042267,-0.00086975,-0.0023041
-0.0014038,-0.00086975,-0.0025787,-0.0045929,-0.0023346,-0.0030365
-0.0023804,-0.00019836,-0.0016327,-0.0036163,-0.0019073,-0.0030365
-0.0025177,-0.0011292,-0.00015259,-0.0024414,-0.0010071,-0.00177
-0.0014954,-0.0026398,-0.00036621,-0.0016479,0.00080872,-4.5776e-05
-0.0020599,-0.0027466,-0.00030518,-0.0011902,0.0032806,0.00059509
-0.0026703,-0.0011292,0.0012054,-0.00015259,0.0026398,-0.00039673
-0.0010986,-0.0007019,0.001236,0.00015259,0.00019836,-0.0023346
-0.0010986,-0.00097656,-0.0012054,-0.0018921,-0.0011444,-0.0019684
-0.00056458,-0.0015106,-0.0037842,-0.0033264,-0.001236,0.0004425
0.00048828,-0.0029907,-0.0039978,-0.0037842,-0.0014038,0.00059509
-0.0016632,-0.0037994,-0.0028687,-0.0046539,-0.0019226,-0.0012512
-0.0037079,-0.0040741,-0.0037537,-0.0052795,-0.0034485,-0.0023651
-0.0043945,-0.0037231,-0.0041656,-0.0058289,-0.0056915,-0.0028076
-0.0039978,-0.0034637,-0.0039978,-0.0056458,-0.0054016,-0.0033569
-0.0031128,-0.0030518,-0.0049896,-0.0042419,-0.0037384,-0.0042419
-0.0027924,-0.0022736,-0.0038452,-0.0039825,-0.0039978,-0.0037842
-0.0025177,-0.0029297,-0.0030212,-0.0056,-0.0045929,-0.002533
-0.0036926,-0.0036163,-0.003952,-0.006546,-0.005188,-0.0045776
-0.0053253,-0.0040436,-0.0037842,-0.0062714,-0.0076904,-0.008606
-0.0062408,-0.0045624,-0.0046234,-0.006485,-0.0096588,-0.0096283
-0.008194,-0.0047607,-0.0053406,-0.0073547,-0.0091248,-0.0091248
-0.0089874,-0.0047913,-0.0043335,-0.0071259,-0.0084076,-0.010071
-0.0072937,-0.0046234,-0.0042267,-0.0050659,-0.0088806,-0.0098877
-0.0070038,-0.0053864,-0.0037537,-0.0046234,-0.0098724,-0.0087433
-0.0072327,-0.0062256,-0.003479,-0.0064697,-0.0096893,-0.0084229
-0.006485,-0.0063171,-0.0051575,-0.0059204,-0.0080414,-0.0076599
-0.007019,-0.0059662,-0.0055847,-0.0037231,-0.0056763,-0.0067291
-0.0066071,-0.0052795,-0.0046234,-0.003067,-0.0035248,-0.0051422
-0.0045471,-0.0053253,-0.0053711,-0.0029907,-0.0031586,-0.0029755
-0.00354,-0.006012,-0.0063782,-0.002533,-0.0033875,-0.003006
-0.0035706,-0.0063477,-0.0053406,-0.0027161,-0.0033264,-0.0036316
-0.0037994,-0.0057068,-0.0040741,-0.0028076,-0.0027008,-0.002243
-0.003418,-0.0040131,-0.0037384,-0.0019226,-0.0013123,-0.00032043
-0.0017395,-0.0022736,-0.0029907,-0.00062561,0.00038147,0.0013275
0.00054932,-0.0011902,-0.00082397,0.0022278,0.0026855,0.0023651
0.002533,-0.00086975,0.00032043,0.003952,0.0031281,0.0030975
0.0032806,-0.00045776,-0.00041199,0.0024872,0.0022736,0.0026855
0.0012207,0.00088501,0.00048828,0.0015869,0.0028381,0.00097656
-0.0016785,0.00067139,0.0013123,0.0023956,0.0027924,0.00086975
-0.0021973,-0.00177,-0.00042725,0.0029297,0.0033569,0.00073242
-0.0021057,-0.0024567,-0.0018005,0.0021667,0.0029907,-7.6294e-05
-0.0023041,-0.0019989,-0.0013885,0.0004425,-0.001297,0.00039673
-0.0021515,-0.0030518,-0.0021362,-0.0028992,-0.0032806,-0.0010376
-0.0024567,-0.0038605,-0.0043182,-0.0053406,-0.0038147,-0.003891
-0.0029449,-0.004364,-0.0046692,-0.0045776,-0.0053101,-0.0050354
-0.0047913,-0.0049286,-0.0044861,-0.0029144,-0.0041656,-0.0048828
-0.0063629,-0.0041809,-0.00354,-0.0016174,-0.003067,-0.003891
-0.0052948,-0.0031738,-0.0010681,-0.0014038,-0.0030365,-0.0041962
-0.0037079,-0.0014954,-0.00041199,-0.0012207,-0.0034943,-0.0052948
-0.0017548,0.00062561,-0.00015259,-0.00036621,-0.0045929,-0.0042419
0.00085449,0.00079346,-1.5259e-05,-0.00085449,-0.0041809,-0.0016327
0.002655,0.0014191,-0.0019989,-0.0028381,-0.0030365,0.00035095
0.0027008,0.0033569,-0.002533,-0.003479,-0.002121,0.00048828
0.0024414,0.00354,-0.0002594,-0.0011597,-0.0017242,0.00030518
0.0028992,0.0021362,0.0015259,0.0013123,-0.0016632,0.00053406
0.003006,0.0013275,0.0014038,0.0019836,-6.1035e-05,0.00086975
0.0026703,0.0015259,0.0014038,0.0024109,0.0020752,0.0023193
0.0015259,0.0017548,0.0018158,0.0031128,0.0027618,0.0030518
0.0012512,0.0015869,0.0014038,0.0027924,0.0020599,0.0015869
0.0014801,0.00032043,0.00083923,0.0014496,0.00018311,0.00050354
-0.00033569,-0.00093079,-0.0011902,0.00032043,-0.00062561,0.001297
-0.0018158,-0.0018921,-0.0036163,-0.00061035,-0.00050354,0.0010071
-0.0020294,-0.0034485,-0.0043488,-0.002594,-0.00094604,-0.0012817
-0.0029755,-0.0037994,-0.0055389,-0.0040131,-0.0014496,-0.0028076
-0.0043335,-0.0051727,-0.0067291,-0.0031738,-0.0036621,-0.0042572
-0.0059357,-0.0076141,-0.0065613,-0.0032043,-0.0058136,-0.0058746
-0.0071869,-0.0074005,-0.0060425,-0.0043182,-0.0070496,-0.0066071
-0.0068207,-0.006485,-0.0062561,-0.0055389,-0.0078735,-0.0067749
-0.0062866,-0.0062866,-0.0066071,-0.0058289,-0.0060272,-0.005722
-0.0062408,-0.0059967,-0.0061951,-0.003479,-0.0046082,-0.0053406
-0.0054474,-0.0052948,-0.0056,-0.0019684,-0.0044098,-0.0058441
-0.0042877,-0.0042725,-0.0038757,-0.0016785,-0.0043182,-0.0048523
-0.0032806,-0.0032806,-0.0016632,-0.00068665,-0.0052643,-0.0040588
-0.0022125,-0.0016174,3.0518e-05,0.0002594,-0.0037994,-0.0024567
-0.00030518,0.0010529,0.0018463,0.0014496,-3.0518e-05,0.00035095
0.0027466,0.0037231,0.0016632,0.0023193,0.0018311,0.0018005
0.0054321,0.0051117,0.0024261,0.0031128,0.0015869,0.0025635
0.0069733,0.0058441,0.004776,0.003952,0.0010071,0.0031281
0.0068512,0.006012,0.0046234,0.0045929,0.0019531,0.0040588
0.0058289,0.0054016,0.0057373,0.0059357,0.0050659,0.005249
0.0067596,0.006424,0.0072327,0.0083923,0.008194,0.0072784
0.0075836,0.0071106,0.0067749,0.0099487,0.010223,0.009201
0.0073853,0.0055542,0.0070343,0.009201,0.010544,0.0084839
0.0077057,0.0065002,0.007782,0.0087433,0.0087891,0.0075836
0.0073242,0.0088196,0.0088501,0.0078888,0.0074768,0.0077972
0.0075226,0.0089417,0.0090179,0.0060883,0.0074463,0.0076294
0.0085907,0.008255,0.007431,0.0061951,0.0079346,0.0082703
0.0088806,0.0068207,0.0067444,0.0076447,0.0088654,0.0095825
0.0080566,0.0052032,0.0067444,0.0077057,0.0097198,0.0092316
0.0066833,0.0046539,0.0047607,0.006134,0.0092316,0.0071259
0.0054016,0.0041351,0.0044403,0.0058746,0.0075226,0.0048065
0.0037842,0.0033722,0.0061951,0.0061493,0.0070953,0.004303
0.0027924,0.0030823,0.0047302,0.0052185,0.0075073,0.0057831
0.0032806,0.0024109,0.0034332,0.0045776,0.0073395,0.0069733
0.0046692,0.0011292,0.0034637,0.0032959,0.005722,0.0062561
0.0039368,0.00073242,0.0019531,0.00099182,0.0032959,0.003479
-0.00030518,0.00099182,0.0019226,-0.00010681,0.0019073,0.00080872
-0.0019531,0.00083923,0.0018463,0.00035095,0.0010681,-0.0004425
-0.00064087,0.00022888,0.00033569,0.00035095,0.00177,-0.0011597
-0.00032043,-0.00038147,-0.00010681,-0.00042725,0.0023041,-0.00028992
0.00082397,-0.00041199,-0.00053406,-0.0013428,0.0021667,0.0016632
0.0022125,0.00064087,1.5259e-05,-0.0017242,0.0022125,0.0018768
0.0023499,0.0029755,0.0024109,0.00012207,0.00056458,0.00018311
0.0027924,0.0050812,0.005249,0.0025024,-0.00032043,-0.00085449
0.0034637,0.0063629,0.0067444,0.0031433,0.00074768,3.0518e-05
0.0032654,0.0065155,0.0068207,0.0027618,0.0021667,0.0004425
0.0034943,0.0050812,0.0068665,0.0022278,0.0020294,0.00082397
0.0036316,0.0040588,0.0060577,0.0026703,0.0013733,0.0021973
0.0026245,0.00354,0.0054932,0.0036469,0.0027924,0.0018768
0.0032043,0.0029297,0.0044098,0.0030518,0.0036011,0.0019226
0.0040283,0.0037384,0.0031433,0.0017395,0.0036316,0.0039063
0.0042877,0.0046082,0.0039825,0.0014801,0.0034027,0.0056152
0.0059204,0.0033722,0.0040436,0.0010681,0.0030975,0.0070496
0.006073,0.0032501,0.0037079,0.0014038,0.00383,0.0054321
0.0050507,0.004837,0.0043945,0.0024719,0.0039215,0.002594
0.0039673,0.0034637,0.0037842,0.0020752,0.0042877,0.0029907
0.0025024,0.002182,0.00177,0.0024872,0.0047302,0.0041656
0.0025024,0.0028076,0.0025024,0.0027771,0.0048828,0.0046692
0.0023193,0.0020447,0.0042877,0.00091553,0.0046082,0.002655
0.0016022,0.0018158,0.0028687,9.1553e-05,0.0015717,-0.00021362
0.00094604,0.0010529,0.0017548,-0.00038147,-0.0012054,-0.0018768
-0.0019531,-0.00054932,0.00045776,-0.0019989,-0.0013428,-0.0027924
-0.0049438,-0.0014496,-0.00085449,-0.0016937,0.00047302,-0.0018463
-0.0049591,-0.0032043,-0.00083923,-0.00071716,0.00076294,-0.0028381
-0.0046692,-0.0037384,-0.0015869,-0.0020294,-0.0019836,-0.0041504
-0.0046234,-0.0032654,-0.001709,-0.00383,-0.0036316,-0.0040436
-0.0037994,-0.0038757,-0.0029907,-0.0054321,-0.0048065,-0.0054932
-0.0045471,-0.0056152,-0.0059052,-0.0071564,-0.0059052,-0.0055542
-0.0053558,-0.0072479,-0.0083923,-0.0079651,-0.0055847,-0.0041504
-0.0044708,-0.0074463,-0.0092621,-0.0075073,-0.0044403,-0.0023804
-0.0031281,-0.0067749,-0.0074005,-0.0063782,-0.003067,-0.0007019
-0.0020599,-0.0051117,-0.0053711,-0.0050201,-0.0033417,-0.00082397
-0.002594,-0.0029297,-0.0043488,-0.004425,-0.0041809,-0.0031281
-0.0041199,-0.0022125,-0.0042114,-0.0052338,-0.004776,-0.006134
-0.005249,-0.003479,-0.0045013,-0.0046692,-0.0050201,-0.0063171
-0.0060272,-0.0046997,-0.0044556,-0.003418,-0.0046692,-0.0044556
-0.0058746,-0.0057983,-0.0050201,-0.0043182,-0.005127,-0.0031738
-0.0040283,-0.0061951,-0.0052338,-0.0051575,-0.0046082,-0.0030365
-0.0027466,-0.0044556,-0.0044403,-0.0050507,-0.0043335,-0.0031128
-0.0025177,-0.0022888,-0.0037231,-0.0049896,-0.0053406,-0.0027771
-0.0018768,-0.00057983,-0.0040131,-0.0040283,-0.004303,-0.0025787
-0.001358,-0.0017853,-0.0043945,-0.0025482,-0.0027924,-0.0019531
-0.0019684,-0.0040436,-0.0034943,-0.001297,-0.00177,-0.0012512
-0.0034027,-0.0033417,-0.0027161,0.00024414,-0.00056458,-0.00061035
-0.002533,-0.0030365,-0.0014954,0.0010223,0.00067139,-1.5259e-05
0.0002594,-0.0013885,0.00018311,0.00064087,0.0020294,-0.00039673
0.0018768,0.0023041,0.00032043,0.00090027,0.00061035,-0.0010071
0.0020447,0.0024567,0.00033569,0.0014343,-0.0023651,-0.00038147
0.0013123,0.0011139,0.0013123,0.00093079,-0.0027618,0.00030518
0.00074768,0.0010071,0.0016785,0.00038147,-0.00099182,-0.00073242
0,-0.0002594,0.00050354,0.00030518,0.00068665,-0.0014954
-0.0016937,-0.0022736,-0.0016479,-0.00045776,0.00042725,-0.0016174
-0.0028839,-0.0031891,-0.0043793,-0.002243,-0.0019379,-0.0023651
-0.0037842,-0.0037842,-0.0048676,-0.0046234,-0.0052032,-0.0035706
-0.0046997,-0.0051575,-0.0041504,-0.0065918,-0.0085754,-0.0067596
-0.0061798,-0.0069122,-0.0062561,-0.0073547,-0.010849,-0.0098419
-0.009903,-0.0085144,-0.0078735,-0.007843,-0.011078,-0.011337
-0.011887,-0.009964,-0.008606,-0.0071564,-0.011078,-0.012787
-0.011536,-0.011047,-0.01059,-0.006424,-0.0112,-0.012772
-0.011353,-0.010559,-0.011002,-0.007782,-0.010223,-0.011292
-0.0093231,-0.0094604,-0.010025,-0.0083923,-0.010361,-0.0099182
-0.0065155,-0.0084839,-0.0094452,-0.0081787,-0.011551,-0.0089264
-0.0047607,-0.0061493,-0.0090027,-0.0083466,-0.011307,-0.0077209
-0.0045013,-0.0054474,-0.0079803,-0.0075073,-0.0097504,-0.0066223
-0.0050354,-0.0069275,-0.0074615,-0.0057831,-0.0069885,-0.0058136
-0.0067749,-0.0063171,-0.0072632,-0.0030212,-0.0047913,-0.0062561
-0.0097046,-0.0050354,-0.0039978,-0.00038147,-0.0048676,-0.0079803
-0.0097504,-0.0054932,-0.00083923,-4.5776e-05,-0.0061951,-0.0081482
-0.0085907,-0.0060883,-0.002594,-0.0012665,-0.007019,-0.0076599
-0.0079041,-0.0057373,-0.0048981,-0.0017395,-0.0053101,-0.0068665
-0.0055084,-0.0054932,-0.0048523,-0.0005188,-0.0026245,-0.004303
-0.0043945,-0.0063629,-0.0056763,-7.6294e-05,-0.0016022,-0.0028534
-0.006012,-0.0066681,-0.0054321,-0.0013885,-0.0027466,-0.0036011
-0.0067291,-0.0062103,-0.0047455,-0.0027008,-0.0046234,-0.0034943
-0.0049133,-0.0061951,-0.0074005,-0.0036316,-0.0036011,-0.0024414
-0.0035706,-0.0052032,-0.0082855,-0.0029907,-0.0016632,-0.0016785
-0.0027313,-0.0040436,-0.0059662,-0.0010223,-0.00177,-0.00093079
-0.0013885,-0.003418,-0.0046234,-9.1553e-05,-0.0018921,-0.0019989
-0.0017548,-0.0025635,-0.00383,0.00027466,-0.0033417,-0.0033264
-0.0027008,-0.0025024,-0.0023041,-0.00021362,-0.0049133,-0.0029755
-0.0026855,-0.0023956,-0.0033722,-0.002533,-0.0041656,-0.003952
-0.0020752,-0.0020599,-0.0067444,-0.0028687,-0.0042419,-0.0036469
-0.0022583,-0.0032196,-0.0066071,-0.0023956,-0.0045013,-0.0019379
-0.0038147,-0.0046234,-0.0055237,-0.0034027,-0.0047302,-0.0033417
-0.0039978,-0.0045013,-0.0048981,-0.002121,-0.0056458,-0.0055542
-0.0036926,-0.0034485,-0.0032654,-0.00086975,-0.0061798,-0.006012
-0.0044403,-0.0023193,-0.0022125,-0.00030518,-0.0062408,-0.0054321
-0.0039825,-0.00073242,0.00030518,0.0018616,-0.0042725,-0.0049591
-0.0025177,0.00057983,0.0012054,0.0029755,-0.0017395,-0.0036011
-0.0010986,0.00062561,0.00071716,0.0027466,-0.00013733,-4.5776e-05
0.00042725,-0.00015259,0.0024872,0.0032501,0.00068665,0.0028992
0.00056458,-0.00039673,0.0032959,0.0055389,6.1035e-05,0.0018158
-0.00091553,0.00073242,0.0042267,0.0067444,-0.00015259,-0.00068665
-0.00085449,0.0017242,0.0042114,0.0057068,0.0027161,0.00057983
0.0016785,0.0019989,0.0028229,0.0063019,0.0070801,0.0040741
0.00354,0.0028534,0.0040588,0.0085297,0.0077057,0.0060272
0.0040741,0.0036316,0.005661,0.0096893,0.006424,0.0054474
0.0038452,0.0035858,0.006485,0.0087891,0.0061646,0.0032806
0.0020752,0.0039368,0.0068054,0.0073242,0.0045166,0.0016022
0.00093079,0.0045319,0.0062103,0.0066071,0.0033722,0.00082397
0.0013275,0.0042572,0.0045471,0.0054932,0.0039978,0.0023041
0.0023956,0.0029449,0.0018768,0.0048065,0.0055542,0.0054016
0.004425,0.0014648,0.002243,0.0046997,0.0074615,0.0074768
0.0050354,0.0020142,0.0048676,0.0054932,0.007431,0.0075836
0.0047455,0.0039978,0.0053253,0.0071106,0.0067902,0.0059662
0.0056915,0.0050659,0.0050659,0.0059967,0.0072937,0.0049438
0.0046387,0.0049591,0.0045929,0.0049896,0.0061035,0.0048218
0.002182,0.0028839,0.0030518,0.0048218,0.0038147,0.0043182
0.00093079,4.5776e-05,0.0015411,0.00099182,0.0023651,0.0029907
-9.1553e-05,-0.00016785,-0.00079346,-0.0017853,0.00036621,-0.00015259
-0.0002594,-0.0004425,-0.0024261,-0.0020294,-0.0018311,-0.0032654
-0.0014801,-0.0018005,-0.0022888,-0.0035248,-0.0037231,-0.004715
-0.0045624,-0.0013428,-0.0036163,-0.0049591,-0.0055847,-0.0059509
-0.0064697,-0.0039215,-0.0060577,-0.0073242,-0.0080719,-0.0070496
-0.0075073,-0.0087891,-0.0090027,-0.010437,-0.010605,-0.0073547
-0.0072784,-0.010101,-0.011841,-0.011795,-0.010803,-0.0071106
-0.0062408,-0.010223,-0.01265,-0.011276,-0.010529,-0.0077057
-0.0072021,-0.009903,-0.011734,-0.008194,-0.010178,-0.008255
-0.0083923,-0.0098724,-0.0087738,-0.0050659,-0.0073853,-0.0068665
-0.008606,-0.010117,-0.0061035,-0.0028992,-0.0048065,-0.0059204
-0.0086517,-0.0083008,-0.0053711,-0.0010986,-0.0049133,-0.0060577
-0.0072479,-0.0064087,-0.0049591,-0.0018921,-0.0059509,-0.0051117
-0.0042572,-0.0049286,-0.0052185,-0.0031891,-0.0045319,-0.0037231
-0.002594,-0.0033875,-0.0051575,-0.0027618,-0.0021057,-0.0038757
-0.0031738,-0.002655,-0.0025482,-0.00022888,-0.0017853,-0.0039368
-0.003067,-0.0015564,0.00033569,0.0028839,-0.00028992,-0.0020447
-0.0023193,4.5776e-05,0.0013275,0.0044708,0.0019226,-0.00074768
-0.0019531,-0.00018311,0.0019836,0.004776,0.0018616,-0.00080872
-0.00088501,-0.00057983,0.0016937,0.0032196,0.0010223,-0.001297
-0.00047302,0.0011902,0.00094604,0.0015869,-0.00041199,-0.0025177
-0.001358,0.001236,0.0004425,0.00097656,-0.0013123,-0.0028992
-0.0014038,-0.00024414,-0.0010071,0.00059509,-0.00088501,-0.0015106
-0.0013885,0.00036621,-0.0010529,0.00068665,-0.0007782,-0.0014038
-0.0024567,0.00041199,0.00048828,0.00064087,-0.0014343,-0.0024109
-0.0013275,-0.0012054,0.00059509,9.1553e-05,-0.0031738,-0.0019684
0.0010376,-0.0013733,-0.0014648,-0.00091553,-0.0035706,-0.0013885
0.0012054,-3.0518e-05,-0.0027924,-0.00053406,-0.00076294,-0.00032043
0.0022583,0.00076294,-0.00093079,0.0016937,0.0019989,0.0021973
0.0045319,0.0010529,0.0010834,0.0023651,0.0039825,0.0049744
0.0050049,0.0022278,0.0016022,0.0024261,0.0044708,0.0062866
0.0050659,0.0039063,0.003479,0.00354,0.002121,0.0053558
0.005127,0.0051727,0.00383,0.0032043,0.0022583,0.0029297
0.0037384,0.0053711,0.0018616,0.0023804,0.0030975,0.0014191
0.0021973,0.0023041,0.0016479,0.001297,0.00090027,0.002655
0.0016327,-0.0016022,-0.00065613,-0.0010834,0.0007782,0.0029144
0.00048828,-0.0018311,-0.0036011,-0.0015411,0.00073242,0.0010071
-0.0016937,-0.0016937,-0.0029602,-0.0014343,-0.00038147,-6.1035e-05
-0.0021515,-0.0031586,-0.0039978,-0.0023346,-0.00039673,-0.00076294
-0.00177,-0.0037537,-0.0046234,-0.0012817,-0.0018311,-0.0011444
-0.0023499,-0.0046234,-0.0026245,-0.0015564,-0.0029297,-0.0009613
-0.0029755,-0.0047913,-0.0035248,-0.0032806,-0.0035095,-0.0026855
-0.0044098,-0.0040741,-0.0046387,-0.0033112,-0.0040741,-0.0047913
-0.0060272,-0.0048828,-0.0046539,-0.0044556,-0.0044403,-0.0056152
-0.0069122,-0.0059662,-0.0063019,-0.0043488,-0.0061035,-0.0070648
-0.0065155,-0.0073547,-0.006485,-0.0027771,-0.0056458,-0.0073547
-0.0059662,-0.007019,-0.0052185,-0.0032043,-0.003891,-0.0066376
-0.0067749,-0.00354,-0.0036774,-0.0024261,-0.0042267,-0.0063629
-0.0065002,-0.0021057,-0.0017242,-0.001358,-0.0044098,-0.0047607
-0.0042725,-0.0024567,-0.001236,-0.0016479,-0.0028381,-0.0035095
-0.0010681,-0.00033569,-0.00054932,-1.5259e-05,-9.1553e-05,-0.0021057
0.002182,0.0030518,0.0017853,0.0027924,0.0021057,0.0010834
0.0049286,0.0050049,0.0036469,0.0046844,0.002594,0.0040894
0.0070648,0.0060425,0.0047455,0.004837,0.0029755,0.0059509
0.0085907,0.0079498,0.0060883,0.0038757,0.0034943,0.0056152
0.0093384,0.0094147,0.007431,0.0041351,0.0024567,0.0056
0.0095367,0.0088196,0.0067596,0.0037537,0.002655,0.0067596
0.0098419,0.0079803,0.0041962,0.0025787,0.0046082,0.0058441
0.0079956,0.007019,0.0032349,0.0027618,0.0046387,0.0049133
0.004715,0.0051117,0.0031586,0.0016632,0.0028687,0.0043335
0.0033569,0.0039368,0.002121,-0.00039673,-7.6294e-05,0.003479
0.0029907,0.0031586,0.0011902,-0.0016327,-0.0016022,0.0026093
0.0023956,0.0016022,-0.00082397,-0.002182,-0.0017853,0.00059509
0.0012512,-0.0004425,-0.0031128,-0.0024872,-0.0036621,-0.0007019
-0.00032043,-0.0017853,-0.0032806,-0.0029297,-0.0036926,-0.0014191
-0.0011139,-0.0016022,-0.0026093,-0.0019531,-0.0018158,-0.0021667
-0.002121,-0.0010986,-0.001297,-0.00032043,-0.0013428,-0.0021515
-0.0023804,-0.00047302,0.00039673,0.00015259,-0.00030518,-0.00079346
0.00054932,-0.00039673,0.00073242,0.00088501,0.00033569,0.00097656
0.0017548,-0.00012207,-0.0007782,0.0019531,0.00042725,0.0007019
-0.00027466,0.00030518,-0.0021057,0.0007019,0.0013428,-0.00045776
-0.0016479,-0.0017548,-0.0016479,-0.0014343,-0.0011292,-0.0019989
-0.0037231,-0.00354,-0.001709,-0.0019989,-0.0053711,-0.0034332
-0.0056152,-0.0049438,-0.0037384,-0.0028839,-0.0057831,-0.004837
-0.0065918,-0.0067444,-0.0062714,-0.0036163,-0.0039825,-0.0066833
-0.0077057,-0.0068665,-0.0068054,-0.0027924,-0.0019073,-0.006073
-0.0080414,-0.0072327,-0.0059204,-0.0019989,-0.00068665,-0.0046539
-0.0079498,-0.0075226,-0.0057983,-0.0023804,-0.0029449,-0.004776
-0.0071716,-0.0068512,-0.0049286,-0.0031128,-0.0064697,-0.0063782
-0.0069733,-0.0062866,-0.0046234,-0.0044556,-0.0081177,-0.0085144
-0.0075684,-0.0055542,-0.0066681,-0.0066376,-0.0084381,-0.0082855
-0.0072327,-0.006485,-0.0085449,-0.0065613,-0.0072021,-0.0065918
-0.0068817,-0.0091095,-0.0092316,-0.0045166,-0.0054474,-0.0057983
-0.0068817,-0.008316,-0.0079956,-0.003006,-0.0047913,-0.0060272
-0.0056763,-0.0052643,-0.0040588,-0.0021057,-0.0048981,-0.0058136
-0.0044403,-0.0039215,-0.0028229,-0.0023346,-0.0060272,-0.0054932
-0.004715,-0.0026703,-0.0052643,-0.0033112,-0.0072174,-0.0065613
-0.0047607,-0.0037689,-0.0057983,-0.0040894,-0.0070801,-0.0063629
-0.0052338,-0.0066986,-0.0065002,-0.0037231,-0.0054016,-0.0054626
-0.0060883,-0.0075226,-0.0076904,-0.0024567,-0.0044403,-0.0058594
-0.0057068,-0.0059204,-0.0064697,-0.0025482,-0.0057678,-0.005127
-0.0042725,-0.004303,-0.0056,-0.0031128,-0.0059814,-0.0039673
-0.0025787,-0.0056,-0.0060883,-0.0019226,-0.0041046,-0.003006
-0.0027466,-0.0055389,-0.0050812,-0.00022888,-0.0013885,-0.00054932
-0.0019531,-0.0044556,-0.0030823,0.0010071,0.00079346,0.0013275
-0.00091553,-0.0040283,-0.0023041,0.0019226,0.0014038,0.00048828
-0.0028534,-0.0013275,-0.00088501,0.0026093,0.0010071,-0.0011292
-0.0028992,1.5259e-05,-0.00033569,0.0024109,-0.00021362,-0.0014648
-0.00093079,-0.00027466,-0.0013428,0.00076294,-0.0011597,-0.0012665
-0.00021362,-0.00082397,0.00036621,0.00073242,-0.0012054,-0.00073242
-0.00082397,-0.0013733,0.0023193,0.0028076,-0.00015259,-0.00056458
-0.0014038,0.00035095,0.0027008,0.0046997,0.00021362,-0.00085449
-0.00091553,0.0022125,0.0042877,0.0048218,-0.00054932,-0.00071716
0.0010223,0.0046692,0.0050659,0.0034485,0.0010529,-0.00010681
0.0041046,0.0069275,0.0056915,0.0044708,0.0033417,0.002243
0.0050812,0.0059509,0.0075989,0.0066681,0.0046539,0.0048676
0.0053253,0.0058441,0.0073547,0.0079651,0.006897,0.0065918
0.0072479,0.0066528,0.0069427,0.0096588,0.0090942,0.0072632
0.0069275,0.0069733,0.0095062,0.010056,0.00914,0.0067749
0.0062866,0.0084381,0.0121,0.010986,0.0083771,0.0077972
0.0089264,0.009903,0.013321,0.013107,0.010086,0.0083771
0.01088,0.012482,0.015366,0.012909,0.012527,0.009201
0.01265,0.015396,0.01683,0.01355,0.015121,0.012894
0.016235,0.016556,0.016891,0.015396,0.017242,0.015198
0.017365,0.016495,0.018326,0.015564,0.016144,0.016251
0.015869,0.015991,0.019485,0.014908,0.015884,0.01712
0.014389,0.015732,0.017761,0.012924,0.017014,0.015808
0.014572,0.014542,0.015778,0.011612,0.016556,0.014374
0.015228,0.014542,0.015839,0.01178,0.01622,0.014359
0.014816,0.015869,0.015762,0.011353,0.015549,0.014145
0.014984,0.01564,0.014557,0.01059,0.01413,0.012497
0.01358,0.014755,0.013962,0.0097961,0.012924,0.011063
0.011627,0.012024,0.013,0.0077515,0.012314,0.010727
0.010345,0.0098724,0.0090332,0.0047607,0.011688,0.010422
0.0088806,0.0087891,0.0061646,0.0037689,0.011139,0.010925
0.0088501,0.0060272,0.007843,0.0041656,0.01149,0.010361
0.0077515,0.006134,0.0085144,0.0041351,0.0098419,0.008606
0.0059967,0.0077057,0.0083618,0.0035553,0.0073853,0.0078278
0.0059814,0.0070801,0.0083313,0.002594,0.0064545,0.0062561
0.0069733,0.0057831,0.0060577,0.0011902,0.0056763,0.0049591
0.0070343,0.0047913,0.0034027,-0.0011902,0.0056915,0.0057373
0.0065002,0.0042419,0.0015411,-0.0021973,0.0060577,0.0082245
0.0080414,0.004364,0.0031128,-0.00010681,0.0077972,0.0098267
0.0092468,0.0079956,0.0072327,0.0035095,0.0095062,0.0084534
0.009613,0.011551,0.010712,0.0060883,0.0084229,0.0079193
0.0099945,0.011414,0.012344,0.005661,0.0079346,0.0080261
0.0086212,0.011307,0.010712,0.0033417,0.0072021,0.0064545
0.0075989,0.0097046,0.0098419,0.0013428,0.003952,0.0055389
0.0071716,0.0077667,0.0095825,0.00050354,0.0021515,0.0046844
0.0058136,0.0082397,0.0071259,-0.00042725,0.0028229,0.0033875
0.0048828,0.0075989,0.0054626,-0.0010681,0.0032043,0.0027466
0.003952,0.0052032,0.004837,-0.0011749,0.0027008,0.0023956
0.0025787,0.003006,0.0042419,-0.0020752,0.0023499,0.0023193
0.0015106,0.0018005,0.0039825,-0.0019531,0.0026855,0.0012665
0.0012512,0.0014496,0.0025635,-0.0018311,0.0015106,0.00054932
0.0014191,0.0014191,0.00065613,-0.0028381,0.00018311,0.00062561
0.00033569,0.00062561,0.00067139,-0.0032654,0.00042725,-0.00045776
-0.0016632,-0.00099182,0.00067139,-0.0037231,-0.001358,-0.00099182
-0.003006,-0.0014038,0.00018311,-0.0033722,-0.0023499,-0.0020142
-0.0030518,-0.0011444,0.0015106,-0.0030823,-0.001358,-0.0041351
-0.0025482,-0.00067139,0.0012665,-0.003952,-0.0028992,-0.0046082
-0.0016632,0.00016785,-0.00047302,-0.0050507,-0.0039825,-0.0028229
-0.00019836,-0.0013275,-0.0019531,-0.0067902,-0.0014496,-0.00086975
-0.00032043,-0.0023499,-0.0046997,-0.0075531,0.00012207,-0.00022888
-0.00091553,-0.0012054,-0.0050354,-0.0067596,-0.0012512,0.00062561
-0.00062561,-0.0015259,-0.00354,-0.0064392,-0.0017395,9.1553e-05
-0.0011597,-0.0016174,-0.0026245,-0.0062408,-0.0017853,-0.00027466
-0.00036621,-0.0014191,-0.0016937,-0.0048828,-0.0023804,0.0015259
0.0018158,-0.0012512,-0.0027924,-0.0045166,-0.00022888,0.0019379
0.0024414,-0.00097656,-0.0033264,-0.0042877,0.0025024,0.0036316
0.0024414,-0.0014801,-0.0014954,-0.0023193,0.0033569,0.0057526
0.0022736,-4.5776e-05,-0.0011597,-0.0015411,0.0033569,0.0038757
0.0010986,0.0018158,-0.0014343,-0.0014343,0.0012054,0.0010986
0.0010986,0.0023804,0.0005188,-0.0013428,-0.001358,-0.0004425
0.0020447,0.0015411,0.0013275,-0.0021667,-0.00085449,-0.0007019
0.00076294,-0.00045776,-0.0014496,-0.002594,0.00061035,7.6294e-05
-0.00085449,-0.0016174,-0.0037994,-0.0035858,0.00056458,0.00010681
-0.0017548,-0.0031281,-0.0048218,-0.005661,-0.00050354,-0.0019073
-0.004837,-0.004776,-0.0065765,-0.0068054,-0.0033417,-0.0044098
-0.0072479,-0.0068665,-0.0071869,-0.0070801,-0.0066833,-0.0055695
-0.0064392,-0.0093536,-0.0077667,-0.0075836,-0.0076752,-0.0065002
-0.0071869,-0.0095215,-0.0093231,-0.0076599,-0.006424,-0.0071564
-0.01004,-0.0095062,-0.0084381,-0.0071869,-0.0053253,-0.0077515
-0.010849,-0.0097046,-0.0078888,-0.0072937,-0.0066376,-0.0080872
-0.0096893,-0.009201,-0.0090332,-0.0077972,-0.0087433,-0.0078888
-0.0082092,-0.00914,-0.0081329,-0.0077667,-0.0092163,-0.0088196
-0.0079803,-0.0072021,-0.006485,-0.0073242,-0.0084686,-0.0089569
-0.0076447,-0.0050201,-0.0052948,-0.0063782,-0.0067291,-0.0074005
-0.0048828,-0.0040436,-0.0046844,-0.0042114,-0.0054626,-0.0059052
-0.0025177,-0.0021973,-0.0037994,-0.0033417,-0.0047607,-0.0037842
-0.0019226,-0.00094604,-0.003418,-0.0037689,-0.0023346,-0.0022888
-0.00177,-6.1035e-05,-0.0032959,-0.0014191,9.1553e-05,-0.0016785
-0.00061035,0.00067139,0.00047302,0.0014648,0.00093079,0.00056458
0.0014801,0.0011902,0.0028381,0.0032196,0.0012817,0.0019989
0.0025177,0.0027924,0.0033112,0.0041046,0.0011749,0.001236
0.002533,0.0040588,0.0054626,0.0031738,9.1553e-05,0.00073242
0.0027771,0.0038452,0.003891,0.0016785,-0.0017395,0.0007782
0.0034332,0.0026245,-0.0010681,-0.0011444,-0.0010986,0.0013275
0.0021973,0.0014191,-0.0037537,-0.0032196,0.00062561,0.00097656
-0.0009613,-0.00032043,-0.0032654,-0.0034943,-0.0011292,0.00027466
-0.0024567,-0.0024567,-0.0031738,-0.0039063,-0.0031738,6.1035e-05
-0.0027008,-0.0037842,-0.004364,-0.0039368,-0.0040588,-0.0019073
-0.0042267,-0.0039673,-0.005127,-0.0050049,-0.0061493,-0.005127
-0.0070343,-0.0039673,-0.0062408,-0.0066071,-0.008255,-0.0092926
-0.0094452,-0.0058746,-0.0063019,-0.0071869,-0.010544,-0.011078
-0.010071,-0.0079193,-0.0060425,-0.0074615,-0.012299,-0.0097198
-0.0097351,-0.0085754,-0.0078125,-0.0070038,-0.011017,-0.01062
-0.010132,-0.0097046,-0.008255,-0.0053711,-0.0094757,-0.01088
-0.011032,-0.010147,-0.0072784,-0.0042114,-0.0087128,-0.009201
-0.010162,-0.008316,-0.0069427,-0.0037842,-0.0067444,-0.0086517
-0.0084076,-0.0060883,-0.0049286,-0.0021515,-0.0045471,-0.0070953
-0.0065002,-0.0043945,-0.0032959,-0.00085449,-0.0016785,-0.004364
-0.0035248,-0.0036011,-0.0029755,0.00073242,0.0014954,-0.0028229
-0.0026855,-0.0034027,-0.00015259,0.0045624,0.0029602,-0.0014191
-0.0032501,-0.0016022,0.002121,0.0061493,0.003418,0.001358
-0.0010834,0.0007019,0.0022125,0.0056152,0.0039978,0.0028076
0.0025177,0.0023956,0.0035095,0.0066833,0.0051727,0.0042419
0.0058899,0.004776,0.0058899,0.0079346,0.0084381,0.0074005
0.0093079,0.0078125,0.0086212,0.0093842,0.011292,0.0085297
0.010834,0.01062,0.011536,0.011322,0.012375,0.010178
0.010284,0.012299,0.013336,0.011932,0.014297,0.013138
0.010498,0.012207,0.012924,0.011703,0.014175,0.013397
0.011475,0.012192,0.011093,0.010925,0.011917,0.011673
0.011917,0.012238,0.010483,0.01001,0.011093,0.010086
0.011047,0.0093994,0.0099792,0.0089722,0.010345,0.0091858
0.0083923,0.0063782,0.0073547,0.006134,0.0084076,0.0077209
0.0053406,0.0048523,0.0061798,0.0036774,0.0065918,0.0069427
0.0035095,0.0033722,0.0047607,0.0028839,0.0062561,0.0068512
0.0038757,0.0032806,0.0024109,0.002594,0.0062866,0.0055542
0.0051422,0.003067,0.0035248,0.0026093,0.0049896,0.0048065
0.003891,0.0011444,0.0027313,0.0020294,0.0036774,0.0035858
0.00053406,-0.00024414,0.00056458,0.00091553,0.0024719,0.0012665
-0.0013428,-0.00061035,0.00042725,-0.0015564,0.00071716,0.00050354
-0.0021057,-0.0013428,-0.0021515,-0.0045929,-0.00033569,-0.00028992
-0.0033264,-0.0023651,-0.0039825,-0.0055695,-0.0027618,-0.0030212
-0.00383,-0.0026855,-0.0023041,-0.0056152,-0.0058289,-0.0045013
-0.0040131,-0.0020599,-0.0017395,-0.0053253,-0.005249,-0.0048828
-0.0041351,-0.0025024,-0.0036011,-0.0036621,-0.0038452,-0.0063629
-0.0049591,-0.0046387,-0.003418,-0.0022736,-0.0037079,-0.0052338
-0.0059967,-0.0059814,-0.0022125,-0.0027313,-0.0024872,-0.0020599
-0.004715,-0.0061035,-0.0049438,-0.003479,-0.00094604,-0.0019531
-0.003067,-0.0049133,-0.0056458,-0.0023041,-0.0007782,-0.002533
-0.0015717,-0.0028687,-0.00065613,0.0005188,-0.00033569,-0.00056458
-0.00013733,-0.00076294,0.0028534,0.0018921,0.0016937,0.00067139
0.00048828,0.0015717,0.0030975,0.0018768,0.0024414,0.0010529
0.0023346,0.0029449,0.0041199,0.0025177,0.0015411,0.0028381
0.0044098,0.0035553,0.0038605,0.0019531,0.0023499,0.0028381
0.0050507,0.0040436,0.0020752,0.001236,0.002533,0.001236
0.0037079,0.004776,0.0041809,0.0023804,0.00071716,0.00028992
0.0019989,0.0057831,0.0058136,0.0019226,-0.00065613,-0.0011292
0.0014191,0.0049744,0.0033112,-0.0010529,-0.002182,-0.0020599
-0.00045776,0.0014954,0.00027466,-0.0042114,-0.0027771,-0.0023193
-0.0030518,-0.0026245,-0.0038757,-0.0055237,-0.0036774,-0.0037231
-0.0041351,-0.0055542,-0.0075989,-0.0061493,-0.0058289,-0.0045929
-0.004837,-0.0063782,-0.0084076,-0.0082703,-0.0054932,-0.0041046
-0.006012,-0.005127,-0.0077209,-0.009201,-0.0052338,-0.004715
-0.0061493,-0.0050201,-0.0064087,-0.0075073,-0.0070343,-0.0042267
-0.0046692,-0.0069885,-0.0069427,-0.006073,-0.0071564,-0.0025024
-0.0033875,-0.0077209,-0.0089569,-0.006424,-0.0059357,-0.0024872
-0.0031433,-0.0066071,-0.0085144,-0.0063629,-0.00383,-0.0016327
-0.0024719,-0.0049591,-0.0071106,-0.0053864,-0.0014648,-0.00064087
-0.0012665,-0.0030975,-0.006012,-0.0047455,-0.0016022,-0.00062561
-0.0015411,-0.0023804,-0.0045319,-0.0033875,-0.0032654,-0.00045776
-0.0026703,-0.0032196,-0.003891,-0.0018616,-0.0040588,-0.0018311
-0.0027771,-0.0041199,-0.0041199,-0.002121,-0.0033112,-0.0035858
-0.0025635,-0.0045013,-0.0053711,-0.0028839,-0.0031586,-0.003067
-0.0024261,-0.0042114,-0.0054932,-0.0032196,-0.0033569,-0.0019531
-0.0023041,-0.003952,-0.0051422,-0.0036316,-0.0039978,-0.0026093
-0.0032654,-0.0040131,-0.006012,-0.0036774,-0.0060425,-0.0036316
-0.0054169,-0.0045471,-0.0045929,-0.0031281,-0.0066528,-0.0041046
-0.0070038,-0.0059357,-0.00354,-0.001709,-0.0053253,-0.0058746
-0.0069733,-0.0054626,-0.0036774,-0.00080872,-0.0026398,-0.0070038
-0.0065308,-0.0041046,-0.0023956,-0.00039673,-0.0022278,-0.0050964
-0.0049896,-0.005127,-0.002655,-0.00047302,-0.0042419,-0.0029449
-0.0028687,-0.0063324,-0.0039978,-0.0017548,-0.0031433,-0.0014801
-0.0037842,-0.0055389,-0.0045624,-0.0015106,-0.0011292,-0.0015259
-0.0050354,-0.0046692,-0.0038452,-0.00056458,-0.001709,-0.0044708
-0.0052032,-0.0044861,-0.0034332,-0.00090027,-0.0039368,-0.0062714
-0.0061188,-0.0049591,-0.0051117,-0.0027466,-0.0060425,-0.0050507
-0.005722,-0.0062256,-0.0061951,-0.0047913,-0.0066376,-0.0056305
-0.0062866,-0.0058899,-0.0057068,-0.0037384,-0.0071411,-0.0084381
-0.0079041,-0.0051117,-0.005188,-0.0024414,-0.0082092,-0.0092621
-0.0081024,-0.0056915,-0.005127,-0.0032196,-0.0085144,-0.0088196
-0.0090027,-0.0068054,-0.0053406,-0.0050659,-0.0092621,-0.0092468
-0.0096588,-0.0076447,-0.0060883,-0.0066223,-0.010727,-0.011185
-0.0097046,-0.0072632,-0.0066986,-0.0048828,-0.011642,-0.011856
-0.0090485,-0.0068054,-0.0067902,-0.0035706,-0.011017,-0.0095215
-0.0071869,-0.0059357,-0.0065765,-0.0042572,-0.0079956,-0.0082092
-0.0062408,-0.005188,-0.0053101,-0.0032806,-0.0061188,-0.0071411
-0.0053253,-0.004837,-0.0043793,-0.0027161,-0.0057678,-0.0044708
-0.0040894,-0.0038452,-0.0050201,-0.0028534,-0.0041962,-0.0023651
-0.0027313,-0.0033569,-0.0048065,-0.00177,-0.0031128,-0.0012207
-7.6294e-05,-0.0020599,-0.0038147,0.00015259,-0.0019684,0.00018311
0.0022888,-0.00018311,-0.0025177,0.0025177,0.00074768,0.0018311
0.0025482,0.0014801,0.00079346,0.0042877,0.0034637,0.003067
0.0028381,0.0031281,0.0028687,0.0057678,0.0052948,0.0050354
0.0046387,0.0024567,0.0023956,0.0070801,0.0068207,0.0066223
0.0049744,0.0015106,0.0011902,0.0061035,0.0070801,0.0067749
0.004837,0.0020599,-0.00024414,0.0034485,0.005249,0.0062714
0.0041199,0.0023193,0.00045776,0.0027008,0.0024719,0.0043793
0.00028992,0.00083923,0.0028839,0.0036926,0.00013733,0.00082397
-0.0021362,-0.0012054,0.0029144,0.0031891,-0.0007782,-0.0023041
-0.0020599,-0.0015564,-0.00015259,0.0016937,-0.00027466,-0.0023956
-0.0023193,-0.0025787,-0.0014801,0.0017242,0.00036621,-0.00082397
-0.0018921,-0.0028839,-0.0015106,0.0020752,0.0002594,0.00047302
0,-0.0016937,-0.0031433,0.00024414,0.0011139,0.0013123
0.0020142,-0.0018311,-0.0029449,-0.0010071,0.00068665,0.0010986
0.0014191,-0.00041199,-0.00088501,-7.6294e-05,-0.0014801,-0.00038147
-0.0010834,0.00093079,0.00048828,0.00030518,-0.0012207,-0.0019379
-0.0023804,-0.00074768,0.0014496,0.0015564,-0.00080872,-0.0009613
-0.0023193,-0.0017853,0.0014801,0.0027008,-0.00056458,-0.00033569
-0.0019989,-0.00033569,0.00074768,0.0010376,-1.5259e-05,-0.0018616
-0.001709,0.00062561,6.1035e-05,-0.00010681,-0.00076294,-0.0017853
-0.0018158,9.1553e-05,-0.00059509,0.0011749,-0.0015106,-0.0025024
-0.0025482,0.0002594,0.00082397,0.0016632,-0.0023346,-0.0040283
-0.0019989,0.00028992,0.0018005,-0.00068665,-0.002121,-0.0019684
-0.00010681,0.00045776,-0.00041199,-0.0024109,-0.00085449,-4.5776e-05
0.0010986,0.0015717,-0.0009613,-0.0020142,-0.00090027,-0.00015259
0.0020905,0.0019073,-0.00030518,-0.00074768,-0.0018921,0.00015259
0.0037994,0.0025024,-0.00013733,0.0010986,-0.0015564,-6.1035e-05
0.0050812,0.0041351,0.0024261,0.0019226,0.00062561,0.00080872
0.005249,0.0050964,0.0056,0.0028687,0.0028839,0.0043335
0.0064087,0.0061951,0.0064697,0.0048523,0.0051575,0.0064697
0.0076752,0.008316,0.0067902,0.006897,0.0075989,0.0069427
0.0085144,0.0086212,0.0075378,0.0085754,0.009491,0.0079803
0.0090179,0.0065918,0.0072937,0.0089264,0.010757,0.0086365
0.0067902,0.0051422,0.0076752,0.0083466,0.010376,0.0089111
0.0052185,0.0048981,0.0083771,0.0077515,0.0082092,0.0076904
0.005127,0.0046539,0.0066681,0.0063629,0.0059509,0.0059662
0.0047607,0.0041199,0.0043182,0.0033264,0.0049744,0.0061646
0.0054321,0.0041351,0.0037537,0.001709,0.0042267,0.0056
0.0055542,0.0045624,0.005127,0.0033722,0.0030365,0.0040436
0.004364,0.0051117,0.0066071,0.0049896,0.0032501,0.0040131
0.0037079,0.0057068,0.0069885,0.005127,0.004837,0.0050049
0.0044098,0.0055389,0.0066528,0.0044556,0.0059814,0.0045166
0.0052032,0.0054932,0.0060577,0.0041809,0.0051422,0.0021057
0.0044708,0.0053864,0.0055695,0.0045166,0.0029907,0.001358
0.0020752,0.0039063,0.0045471,0.0020447,0.0016327,0.0009613
-0.00019836,0.0023651,0.0023956,-0.0011139,0.0013123,-0.00076294
-0.0011444,0.00086975,0.00065613,-0.0012512,0.00090027,-0.00076294
-0.0018158,-0.0015564,0.00059509,-0.00086975,-0.00050354,-0.0019226
-0.0031128,-0.0033875,6.1035e-05,-0.00061035,-0.0027313,-0.0039978
-0.0050507,-0.0041351,-0.0016632,-0.0014038,-0.0031586,-0.003479
-0.0060272,-0.0046997,-0.0038147,-0.0036316,-0.0019684,-0.0033569
-0.0059204,-0.0053101,-0.0047913,-0.0034332,-0.0019684,-0.0045471
-0.0063934,-0.0057068,-0.0032349,-0.0019379,-0.0021515,-0.0044861
-0.0054779,-0.0047913,-0.0019531,-0.0027313,-0.0014038,-0.0028229
-0.0020752,-0.0029144,-0.0014191,-0.0028687,-0.00076294,-0.001297
0.00065613,-0.0002594,-0.0011139,-0.0014496,-0.00093079,-0.00030518
0.0025177,0.0022278,0,-0.00038147,3.0518e-05,0.00065613
0.0039978,0.0038757,0.0021515,0.0014038,0.0014191,0.0011902
0.0041962,0.005188,0.00354,0.0016785,0.0010223,0.002121
0.00383,0.0042725,0.0040283,-0.00012207,0.00018311,0.0024109
0.0028229,0.0029602,0.0014496,-0.00032043,-0.00032043,0.0012817
0.0017242,0.0019073,0.00030518,-0.00047302,0.00047302,0.0015564
0.0013733,-0.00033569,0.00074768,-0.0020294,0.00099182,0.0021362
0.0012054,-0.00094604,-0.0029755,-0.0031738,0,0.001236
0.00038147,-0.0015259,-0.0048523,-0.0039215,-0.00093079,6.1035e-05
-0.0015717,-0.0035553,-0.0046997,-0.0043793,-0.0022736,-0.0007782
-0.0036316,-0.0056152,-0.0051117,-0.0046082,-0.0033722,-0.0015717
-0.0045776,-0.00737,-0.0049286,-0.0036621,-0.003891,-0.0032501
-0.0058899,-0.007843,-0.0061646,-0.0025482,-0.0037689,-0.0048828
-0.0083466,-0.0080414,-0.0074463,-0.0041199,-0.0029907,-0.0054932
-0.0088654,-0.0080261,-0.0074463,-0.0055542,-0.0043945,-0.0063477
-0.0083313,-0.007019,-0.0064545,-0.0057526,-0.0076447,-0.008728
-0.009201,-0.0058899,-0.0062103,-0.006546,-0.0095673,-0.010498
-0.0099792,-0.0074921,-0.0063171,-0.006424,-0.010193,-0.010147
-0.010651,-0.0099182,-0.006424,-0.0059662,-0.0098114,-0.0096283
-0.010101,-0.0092316,-0.0078735,-0.0063324,-0.0084686,-0.0092773
-0.0083466,-0.0081635,-0.0083923,-0.0069733,-0.0078583,-0.0081177
-0.0069733,-0.0069885,-0.0068817,-0.0069275,-0.0076447,-0.006134
-0.004837,-0.0046082,-0.0046387,-0.0048218,-0.0067444,-0.004715
-0.0026398,-0.0024872,-0.0041046,-0.0015106,-0.0056152,-0.0036774
-0.00056458,-0.0017548,-0.0029602,0.00028992,-0.0031738,-0.0023193
0.00057983,-0.0016479,-0.0011292,0.00047302,4.5776e-05,-0.0005188
0.00018311,-9.1553e-05,-0.0010681,0.0016174,0.00050354,0.00097656
0.00035095,0.0013123,0.00068665,0.0019836,-0.00035095,0.0014954
0.001358,0.0013733,0.00061035,-0.00013733,0.00057983,0.0013885
0.0023041,0.0018158,-0.00028992,-0.00048828,-0.00038147,0.00019836
0.002243,0.0023956,0.0027618,0.0017395,-0.0035095,0.00057983
0.0022888,0.0017548,0.0029144,0.0023346,-0.0018616,0.0018311
0.0032654,0.0020142,0.00016785,0.0019684,0.0025482,0.0016937
0.0039673,0.0034943,6.1035e-05,0.0028687,0.003479,0.0036011
0.0041809,0.0028687,0.00068665,0.0025482,0.0031128,0.0058899
0.0041199,0.0014954,0.0005188,0.0011292,0.0035248,0.0058746
0.0036011,0.00093079,-0.00033569,0.0011444,0.00354,0.0052032
0.0028534,-0.00048828,-0.0018005,0.0016327,0.0018921,0.0044098
0.0022583,-0.0015106,-0.0028076,0.0013275,0.0004425,0.0038757
0.0015259,-0.00074768,-0.0028534,0.00039673,0.0016022,0.0027161
0.0010834,-0.00059509,-0.0010376,6.1035e-05,0.001236,0.002243
0.0011749,-0.00080872,0.00080872,0.00047302,0.0007782,0.003067
0.0011444,0.00093079,0.00048828,0.0012207,0.0022125,0.0020294
0.00050354,0.0020752,0.0012665,0.0028992,0.0014954,0.00073242
7.6294e-05,0.0009613,0.0027008,0.0031891,0.0024567,0.00048828
0.00082397,0.0013275,0.0010834,0.0020599,0.0038605,0.00083923
0.0013123,0.0031891,0.0018311,0.0029297,0.0014801,0.0018616
0.0011292,0.0031128,0.0051575,0.0036621,-0.00015259,0.00080872
0.00028992,0.0026093,0.0052795,0.0038757,0.00050354,-0.00041199
0.00039673,0.0024872,0.0048676,0.0044556,0.002655,0.0010071
0.0019989,0.0022736,0.00383,0.0032654,0.0037689,0.0020599
0.0016937,0.0027466,0.0024414,0.002594,0.0028534,0.0017548
0.00035095,0.0027618,0.0022278,0.0029297,0.0023041,0.0010986
-0.00045776,0.0016022,0.0014343,0.002533,0.0014496,-4.5776e-05
-0.00094604,-0.0007019,0.0017242,0.0022278,-3.0518e-05,-0.00059509
-0.0020599,-0.0023804,0.0020294,0.0014496,-0.0010376,-0.00177
-0.00354,-0.0030518,-0.00073242,0.00030518,-0.0010071,-0.0040131
-0.0037994,-0.0029907,-0.0048676,-0.002243,-0.0018921,-0.0046844
-0.0049744,-0.0024261,-0.0054016,-0.0050201,-0.0044556,-0.0054626
-0.0063782,-0.004776,-0.0033722,-0.0040588,-0.0061188,-0.0058746
-0.0071869,-0.007019,-0.0033569,-0.0030365,-0.0061951,-0.0058746
-0.0069427,-0.0065155,-0.004776,-0.0044556,-0.0058594,-0.0080109
-0.0057678,-0.0056915,-0.0051575,-0.0041046,-0.0063477,-0.0076904
-0.0069427,-0.0048828,-0.003952,-0.0030365,-0.0050964,-0.0054626
-0.0073395,-0.0049744,-0.003418,-0.0018768,-0.0015564,-0.0056763
-0.0050812,-0.0039673,-0.0013428,0.0020142,-9.1553e-05,-0.003952
-0.0029907,-0.0019379,0.0032806,0.0041656,0.00080872,-0.0004425
-0.0015564,0.0004425,0.004715,0.0035095,0.0022125,0.00015259
-0.00048828,0.0034332,0.0046387,0.00383,0.0014191,-0.00048828
0.0007019,0.0034943,0.0045013,0.0034332,0.00086975,-0.00022888
0.0017395,0.0023041,0.0024719,0.0023651,0.0021057,0.00088501
0.0029297,0.0016785,0.0026703,0.0035095,0.0038605,0.0031738
0.0036774,0.0018921,0.0039978,0.0050507,0.0052338,0.0045319
0.0035553,0.0041046,0.0046997,0.0049286,0.0048981,0.0041351
0.0046692,0.0051117,0.0065308,0.0051575,0.0042419,0.0043182
0.0068207,0.0056915,0.00737,0.0058594,0.0051727,0.005722
0.0084839,0.0075684,0.0067139,0.0054016,0.0068054,0.0081329
0.0094757,0.008667,0.006073,0.0054626,0.0079651,0.0094452
0.0099182,0.0090332,0.006958,0.0063782,0.0088501,0.0096893
0.0088196,0.0092316,0.0086823,0.0064697,0.0087128,0.0088196
0.0070496,0.0092163,0.0090942,0.0070038,0.0067444,0.0061646
0.0077972,0.0080261,0.0088654,0.0068207,0.0056763,0.006485
0.0092163,0.0071411,0.0075226,0.0046387,0.006424,0.0080109
0.0089417,0.0075073,0.0048523,0.0043335,0.0071564,0.0079803
0.0084229,0.0070496,0.0047455,0.0050049,0.007782,0.0083008
0.0069122,0.006958,0.0062866,0.0041199,0.0072327,0.0080566
0.005722,0.0069733,0.0060883,0.0033417,0.0057983,0.0078735
0.0064392,0.0056458,0.0054169,0.0027313,0.005661,0.0075684
0.0068359,0.0046234,0.0055084,0.0033264,0.0058746,0.0066528
0.0060883,0.0058289,0.0071106,0.0048676,0.0057526,0.0062408
0.0045471,0.0066681,0.0073242,0.0047913,0.0061798,0.0056915
0.0036469,0.0049133,0.0053253,0.0041962,0.0062561,0.0045929
0.0035248,0.00354,0.0052185,0.003479,0.0053253,0.0034943
0.0028839,0.0031891,0.0049438,0.0024109,0.0040741,0.0034637
0.0037537,0.0034637,0.0038605,0.0015564,0.0038452,0.0052948
0.0065765,0.0046997,0.0038147,0.00093079,0.0045013,0.0071411
0.0085907,0.0065918,0.0042419,0.0010681,0.0053864,0.0079498
0.0089722,0.0086212,0.0065308,0.0021515,0.0062103,0.0078125
0.008728,0.0089264,0.0073547,0.0039825,0.0060425,0.0058899
0.0082703,0.0084381,0.006424,0.0048828,0.0054779,0.0050354
0.0068359,0.0079193,0.0075684,0.0036011,0.0045166,0.0058289
0.006485,0.0063477,0.00737,0.0014954,0.0033875,0.0058746
0.0066528,0.0054779,0.0054321,0.0007019,0.0039215,0.0066681
0.0050964,0.0050812,0.0044556,0.0012054,0.0048981,0.0067444
0.0057983,0.0049438,0.0032196,0.0013275,0.0057983,0.0053253
0.0082092,0.0058594,0.0030518,0.001358,0.0062561,0.0062714
0.0079498,0.0064697,0.0049591,0.0019226,0.0052948,0.0074463
0.0060272,0.0064392,0.0049438,0.0022278,0.004364,0.0059814
0.004837,0.0044861,0.0038605,0.0013275,0.0033264,0.0045624
0.0038147,0.0013428,0.0031586,-0.0007019,0.0035858,0.0048523
0.0025787,-0.00071716,0.0002594,-0.0016937,0.0043182,0.0053253
0.0013275,-0.0018616,-0.0012512,-0.00079346,0.0023346,0.002533
-0.00045776,-0.0010529,0.00073242,-3.0518e-05,0.00028992,-9.1553e-05
-0.00012207,0.00010681,0.0027924,-0.00062561,0.00062561,0.00093079
0.0022125,9.1553e-05,0.0022583,-0.00080872,0.0021515,0.0019226
0.0041656,0.0016785,0.0012512,0.00035095,0.0032959,0.0041199
0.0047913,0.0036621,0.0028992,0.00086975,0.003952,0.0060272
0.0032349,0.0037994,0.0035248,0.00021362,0.0033722,0.0040131
0.0019226,0.0029449,0.0028992,-0.0010223,0.00061035,0.00053406
0.00068665,0.00177,0.0018921,-0.0017853,-0.0010376,-0.0023193
-0.00085449,0.0007019,-0.00018311,-0.0023499,-0.00071716,-0.0027161
-0.0018311,-0.0011292,-0.00090027,-0.0035858,-0.0010834,-0.0013428
-0.0027161,-0.0020905,-0.0015259,-0.0045471,-0.0015106,-0.0017242
-0.003479,-0.0014191,-0.0026855,-0.0056,-0.0020905,-0.0037079
-0.0036163,-0.002655,-0.0033569,-0.0060577,-0.0028687,-0.0035248
-0.0024414,-0.0036316,-0.0041504,-0.005661,-0.0032196,-0.0023193
-0.0024414,-0.0029297,-0.0039368,-0.004715,-0.0031586,-0.0029907
-0.0032959,-0.0035248,-0.0023499,-0.0032043,-0.0018158,-0.0032806
-0.0028229,-0.0042114,-0.0025635,-0.0024109,-0.00018311,-0.0018768
-0.0023193,-0.0032043,-0.0026855,-0.0010529,0.0010834,0.00022888
-0.0014801,-0.0013885,-0.00065613,0,0.002121,0.0010834
0.00022888,-0.00016785,-0.0012512,-0.0010529,0.0019989,-0.00022888
0.00091553,0.00019836,-0.0018616,-0.0015869,6.1035e-05,-0.0010376
0,-0.00027466,0.00033569,-0.0014343,-0.0019226,0.00028992
0.00086975,-0.00048828,0.00056458,-0.0027008,-0.0014038,0.001709
0.0022888,6.1035e-05,-0.0013733,-0.0030823,0.00065613,0.0009613
0.00097656,0.00067139,-0.0011444,-0.0014343,0.00080872,-0.00015259
0.0005188,0.00099182,0.00062561,-0.0011597,-0.0010834,-7.6294e-05
0.00057983,4.5776e-05,-4.5776e-05,-0.0024261,-0.00062561,-0.00085449
-0.00079346,-0.00024414,-0.0010986,-0.0033875,0.00018311,-0.0019531
-0.00076294,0.00076294,-0.0013123,-0.0040283,-0.0021973,-0.0013123
-0.00045776,0.00038147,-0.0016174,-0.0045319,-0.0027771,-0.00097656
-0.0016174,-0.00061035,-0.0012817,-0.0037384,-0.0026855,-0.0023956
-0.0040894,-0.0019379,-0.0018768,-0.0029755,-0.0055389,-0.0055084
-0.0066681,-0.0040131,-0.0037537,-0.0049438,-0.0068207,-0.007782
-0.0063171,-0.0050964,-0.0055237,-0.006424,-0.0064545,-0.0073547
-0.0048981,-0.0051575,-0.0061035,-0.0056763,-0.0067291,-0.0065155
-0.0047302,-0.0049591,-0.0056152,-0.005127,-0.0050659,-0.0043488
-0.0041199,-0.0047607,-0.0045319,-0.0041962,-0.0022888,-0.0029602
-0.0037231,-0.0037079,-0.003891,-0.0026093,-0.0017395,-0.0028839
-0.0036621,-0.0026398,-0.002533,-0.0019684,-0.0022736,-0.0023956
-0.0028534,-0.0025177,-0.00064087,-0.0010986,-0.0019531,-0.0033875
-0.0022583,-0.0014191,0.00022888,0.0010681,-0.00090027,-0.0020294
-0.00080872,-0.00039673,0.002243,0.0031128,0.00088501,0.00068665
0.0013885,0.00083923,0.0029755,0.0034637,0.0020447,0.00076294
0.0021057,0.0034027,0.0029907,0.0026855,0.0017548,0.0009613
0.0023499,0.005188,0.0055695,0.002594,0.0014801,0.0022736
0.0043488,0.0071716,0.0071564,0.0029755,0.0021362,0.0026703
0.0069885,0.0097046,0.0077057,0.004303,0.0032959,0.0026855
0.0080261,0.010422,0.0088806,0.0065918,0.0052032,0.0055237
0.009552,0.0098572,0.0095673,0.008194,0.0091858,0.0097198
0.012085,0.0097504,0.0091248,0.0086212,0.012665,0.012512
0.01265,0.0095062,0.0090027,0.0084991,0.012314,0.013458
0.012177,0.0089569,0.0096893,0.0087128,0.010925,0.012772
0.011368,0.0089569,0.0088806,0.0077972,0.010742,0.011261
0.0088043,0.0080872,0.0080719,0.0055084,0.009613,0.0098267
0.0066223,0.0062256,0.0070496,0.0037842,0.0079041,0.0085297
0.0051727,0.0062408,0.0050354,0.0036774,0.0068054,0.0056763
0.0037231,0.0062408,0.0045166,0.0034485,0.0054932,0.0036469
0.0040588,0.0033112,0.0028992,0.00068665,0.0039215,0.0039368
0.0031738,0.0014496,0.00082397,-0.0012665,0.00177,0.0026855
-0.00047302,0.0010223,0.0019836,-0.00086975,-0.0011444,-0.00082397
-0.00354,-0.00074768,0.0025177,-0.0014496,-0.0031281,-0.0037079
-0.0059967,-0.0029755,-0.00074768,-0.0032349,-0.0036011,-0.0061798
-0.0085144,-0.0054169,-0.0046539,-0.0042877,-0.0050201,-0.0087433
-0.0094147,-0.0070801,-0.0059509,-0.0053558,-0.0064545,-0.0088806
-0.0089111,-0.0072784,-0.0052948,-0.007309,-0.007019,-0.0081024
-0.0084229,-0.0061798,-0.0043335,-0.007843,-0.0077209,-0.0082855
-0.0067596,-0.0048218,-0.0039063,-0.0063171,-0.006546,-0.0074005
-0.0044403,-0.0041046,-0.0046997,-0.004303,-0.0042572,-0.0053406
-0.0025482,-0.0029297,-0.0044556,-0.0029144,-0.0023956,-0.0032043
-0.0015564,-0.001236,-0.0021362,-0.0025787,-0.0024261,-0.0027924
-0.0021057,0.00019836,-0.00021362,-0.0030518,-0.0045929,-0.0039673
-0.0014954,0.0007019,-0.00061035,-0.00354,-0.0056763,-0.0042572
-0.0007019,0.0002594,-0.0024261,-0.0037231,-0.0052643,-0.0036469
-0.0022278,-0.0013733,-0.0032349,-0.0043945,-0.0035706,-0.0025635
-0.0034027,-0.0040283,-0.0049896,-0.0050354,-0.0025635,-0.0018311
-0.0030518,-0.0062103,-0.00737,-0.0058136,-0.0031433,-0.0019531
-0.0022278,-0.0064697,-0.0069275,-0.0062256,-0.0028229,-0.0010529
-0.0018921,-0.0046692,-0.0066986,-0.004715,-0.0025482,-0.00091553
-0.0031738,-0.0035858,-0.0069122,-0.0035095,-0.0025787,-0.0036469
-0.0046844,-0.0049591,-0.0054321,-0.0040283,-0.0033569,-0.0039368
-0.0041809,-0.0059967,-0.005722,-0.0046844,-0.0042419,-0.0015259
-0.0027008,-0.005127,-0.0055695,-0.0041656,-0.0032196,-0.001297
-0.0026855,-0.0043488,-0.00354,-0.0039825,-0.0028229,-0.0014191
-0.0032196,-0.00383,-0.0045471,-0.0049591,-0.0033417,-0.0022736
-0.003067,-0.0032501,-0.0059662,-0.0050201,-0.0042877,-0.0045166
-0.0040283,-0.0034485,-0.005249,-0.0045776,-0.006424,-0.004837
-0.0051422,-0.00383,-0.004364,-0.0039825,-0.0057678,-0.0042572
-0.003891,-0.0040741,-0.0031128,-0.0024414,-0.0027008,-0.0035095
-0.0022125,-0.0021057,-0.0016785,-0.00019836,-0.00080872,-0.0022278
1.5259e-05,0.0009613,0.00056458,0.0024414,0.00039673,-0.00074768
0.0033112,0.002533,0.0019989,0.0033264,0.0011902,0.0019836
0.003479,0.0034485,0.0018158,0.0028992,0.0024109,0.0036926
0.0014496,0.0019836,0.0017395,0.0034637,0.0032654,0.002594
0.00022888,-6.1035e-05,0.00090027,0.0029755,0.0028229,0.0016632
0.00022888,-0.00042725,-0.00016785,0.0005188,0.0027466,0.0025787
0.0019836,-0.00027466,-0.00083923,-0.00054932,0.0024719,0.004303
0.0031281,0.0014496,-0.00093079,0.00064087,0.0020599,0.0039978
0.0036011,0.0029907,0.00027466,0.0016327,0.0021057,0.0027008
0.0039368,0.0027924,0.0016022,0.0016022,0.0021515,0.0027161
0.0037689,0.0026245,0.0021362,0.0015106,0.0026245,0.0024414
0.0034943,0.0032806,0.003067,0.0027008,0.0022888,0.0028229
0.0029755,0.0045319,0.004425,0.0042267,0.0017242,0.0037689
0.004303,0.0044403,0.0041809,0.0037231,0.0040436,0.0036774
0.0042877,0.0031586,0.0033112,0.0033112,0.0049896,0.0029602
0.0011749,0.0023651,0.0034943,0.0039215,0.0013885,0.0016937
0.00015259,0,0.0027008,0.0018158,6.1035e-05,0.0007782
-0.00035095,-0.0020752,-0.00013733,-0.00045776,0.0017548,6.1035e-05
-0.0018921,-0.0016174,-0.0018921,-0.00018311,0.0011902,3.0518e-05
-0.0018463,-0.0016632,-0.0014954,-0.00065613,4.5776e-05,0.00024414
-0.0018463,-0.0014801,-0.0015717,-0.0015106,-4.5776e-05,-0.0015411
-0.0029907,-0.00068665,-0.00091553,-0.0010986,-0.0022736,-0.003891
-0.0031738,-0.0014038,0.00012207,-0.0014648,-0.0044403,-0.0047913
-0.0029297,-0.0020599,-0.0017853,-0.003006,-0.0030823,-0.0054779
-0.0036469,-0.0019989,-0.0024872,-0.0024719,-0.0029449,-0.0061798
-0.0051117,-0.0023804,-0.00099182,-0.0018768,-0.0045471,-0.0066071
-0.0069733,-0.0031891,-0.0016174,-0.0032349,-0.0054779,-0.0081329
-0.0070648,-0.004425,-0.002655,-0.0035248,-0.0070801,-0.0083313
-0.0055389,-0.0059204,-0.0026703,-0.0045929,-0.0076141,-0.006485
-0.0057678,-0.0066071,-0.0034332,-0.006073,-0.0071259,-0.0058441
-0.0065613,-0.0057373,-0.0053558,-0.0049744,-0.0070648,-0.0065765
-0.0060272,-0.0054932,-0.0058594,-0.0036621,-0.0069427,-0.0071716
-0.0068207,-0.0062103,-0.0059509,-0.0045013,-0.0066986,-0.0062714
-0.0079498,-0.0068054,-0.0073242,-0.0060883,-0.0063629,-0.0066833
-0.00737,-0.0074768,-0.0082245,-0.0067444,-0.0067139,-0.0079041
-0.00737,-0.0075836,-0.0099182,-0.0066528,-0.0073853,-0.007019
-0.008255,-0.009552,-0.010925,-0.0067444,-0.0083923,-0.0085907
-0.010422,-0.011444,-0.010437,-0.0073395,-0.0094299,-0.0097504
-0.011703,-0.010406,-0.010712,-0.0075226,-0.008606,-0.0078125
-0.010208,-0.011017,-0.010956,-0.0072021,-0.0078278,-0.008255
-0.010056,-0.011215,-0.010223,-0.006424,-0.008316,-0.0082245
-0.0094147,-0.0087738,-0.0084991,-0.0058899,-0.0076904,-0.0059967
-0.0071869,-0.0071564,-0.0084839,-0.0055237,-0.0065308,-0.0060425
-0.0070648,-0.0068359,-0.0083618,-0.0043335,-0.0072327,-0.0074921
-0.0078888,-0.0075684,-0.0063324,-0.0036163,-0.0073242,-0.0074921
-0.0079803,-0.0072021,-0.0070343,-0.003418,-0.0069275,-0.0072174
-0.0079803,-0.0059967,-0.0071106,-0.0037994,-0.0086823,-0.0084686
-0.0085602,-0.0057678,-0.0050659,-0.0045319,-0.0099487,-0.0099792
-0.0085754,-0.0057831,-0.0059204,-0.0042877,-0.0089264,-0.0097046
-0.0070343,-0.0060883,-0.0072784,-0.0029449,-0.0062256,-0.0079498
-0.0063477,-0.0060272,-0.0070801,-0.0010071,-0.0047607,-0.0062256
-0.0069275,-0.0070953,-0.0061951,-0.0011444,-0.0050812,-0.0040283
-0.0064545,-0.0073547,-0.0059814,-0.0027618,-0.0043182,-0.0033264
-0.0066681,-0.0049286,-0.0057068,-0.002182,-0.004776,-0.0059967
-0.0076141,-0.0043793,-0.0048828,-0.0014648,-0.006897,-0.0072784
-0.0060883,-0.0064087,-0.0069275,-0.0024567,-0.0070648,-0.0064392
-0.0045166,-0.0091095,-0.0095673,-0.0033875,-0.0060425,-0.0058136
-0.0049286,-0.0097504,-0.010223,-0.0043945,-0.0061188,-0.0038147
-0.0056305,-0.0082703,-0.0093689,-0.0043793,-0.0068054,-0.0022278
-0.0055084,-0.0072632,-0.0082855,-0.0037537,-0.0065308,-0.0028687
-0.0036926,-0.0059204,-0.0075836,-0.0041962,-0.0050659,-0.0035095
-0.0024109,-0.0041046,-0.006134,-0.0028381,-0.004425,-0.0028381
-0.0016785,-0.0033417,-0.0051422,-0.0007019,-0.0039368,-0.00042725
0.00010681,-0.0037231,-0.0046387,-0.00057983,-0.00073242,0.0027313
0.00080872,-0.0021667,-0.003952,0.0009613,0.0024719,0.004303
0.001709,0.0015106,-9.1553e-05,0.0046997,0.0023193,0.0032349
0.0036316,0.0039825,0.0045471,0.0064392,0.0017242,0.0028687
0.0051422,0.006012,0.0045776,0.0065308,0.004364,0.0050659
0.0068665,0.0068817,0.004715,0.00737,0.0073853,0.0066681
0.0080109,0.0059967,0.005249,0.0082855,0.0079041,0.0091705
0.009079,0.0065308,0.0045624,0.0094452,0.0098724,0.012299
0.011047,0.0072174,0.0062408,0.010223,0.012604,0.013382
0.012405,0.0081177,0.0087891,0.010788,0.013229,0.01442
0.013031,0.010925,0.01033,0.012695,0.014191,0.014236
0.012894,0.012115,0.012009,0.014465,0.014603,0.01358
0.012009,0.011154,0.012878,0.014099,0.014542,0.014099
0.011368,0.01091,0.012024,0.012207,0.014679,0.013519
0.011108,0.011307,0.010849,0.010956,0.013245,0.012497
0.010788,0.010513,0.01004,0.0099335,0.011093,0.010056
0.0088959,0.0091095,0.0089264,0.0080261,0.0073242,0.0063782
0.0066986,0.0075378,0.0080414,0.0052795,0.0032349,0.0043793
0.0055389,0.0056915,0.0081329,0.0034027,0.0018616,0.0033264
0.0045166,0.0068665,0.0084381,0.0038757,0.0021667,0.0029907
0.0053864,0.0085907,0.0092316,0.0041809,0.0032349,0.00354
0.0063629,0.0084991,0.0098267,0.0044556,0.0038452,0.0036926
0.0067749,0.008667,0.0088806,0.0054474,0.0038757,0.0037079
0.0076599,0.0076141,0.0072632,0.005127,0.0050659,0.0050201
0.0072937,0.0075684,0.0063934,0.0047302,0.0065918,0.0062866
0.0075531,0.0081635,0.0076752,0.0058441,0.0075836,0.0066833
0.0074158,0.0071259,0.0085602,0.0070648,0.0085754,0.0075531
0.0063019,0.0062103,0.0068665,0.0067291,0.0083008,0.0073242
0.0064392,0.0053253,0.0059967,0.0049591,0.0070953,0.0069885
0.0058136,0.0057068,0.0066376,0.0041656,0.0068207,0.0067596
0.0048218,0.0066528,0.0069275,0.0049438,0.0057831,0.0044708
0.0052948,0.006012,0.0068054,0.0043182,0.0037689,0.0039368
0.0061493,0.0059967,0.0057373,0.00086975,0.0028839,0.0043335
0.0050049,0.0066681,0.0043793,-0.0011749,0.0014038,0.0016632
0.0018616,0.0049438,0.0043182,-0.00071716,-0.001358,-0.00093079
-0.00074768,0.0014496,0.0031586,-0.0022888,-0.0031128,-0.0022278
-0.0028229,-0.0010071,-0.00028992,-0.0049286,-0.0042267,-0.0038605
-0.0051727,-0.0026398,-0.0018616,-0.0055695,-0.0049896,-0.0058441
-0.0068665,-0.0032196,-0.0019531,-0.0040588,-0.0056,-0.0077667
-0.0067444,-0.00354,-0.002243,-0.0031128,-0.0058441,-0.0080566
-0.0065308,-0.004776,-0.0018768,-0.0047913,-0.0052338,-0.0065765
-0.0058289,-0.0047913,-0.0030212,-0.0058899,-0.0050049,-0.0048676
-0.0027008,-0.00383,-0.0029755,-0.0040741,-0.0035858,-0.0033112
-0.0014496,-0.0019073,-0.00021362,-0.00093079,-0.0018768,-0.002243
-0.0025482,-0.00068665,0.001297,0.00091553,-0.00091553,-0.001709
-0.0026093,-0.0011749,0.0014191,0.00061035,0.00090027,-0.0012054
-0.0010834,0.00035095,0.00082397,-0.00019836,0.00090027,3.0518e-05
0.0004425,0.00076294,0.00022888,-0.00048828,1.5259e-05,0.00074768
0.00061035,-0.0005188,-0.00022888,-0.00073242,0.0002594,-0.00022888
-0.00010681,-0.00073242,-0.0012817,-0.0007782,-0.00047302,-0.0004425
-0.0016327,-0.0014954,-0.0019379,-0.00061035,-0.0012817,-0.00012207
-0.0011597,-0.0023346,-0.0023499,-0.0011139,-0.00079346,-0.00076294
-0.00073242,-0.0040588,-0.0039215,-0.0019531,0.00010681,-0.00074768
-0.0036163,-0.0049286,-0.0042114,-0.0025635,-0.00041199,-0.00045776
-0.0043945,-0.0039825,-0.0028687,-0.0035858,-0.0018311,-0.00085449
-0.002121,-0.0035553,-0.0037231,-0.0039673,-0.0018768,-0.00082397
-0.00059509,-0.0027161,-0.0042419,-0.003006,-0.0019226,-0.00048828
-0.00042725,-0.0020905,-0.0030212,-0.0029907,-0.0012512,-0.00057983
-0.00059509,-0.00099182,-0.0029449,-0.0028839,-0.00018311,-0.00038147
-0.00045776,-0.00097656,-0.0027008,-0.0019073,-0.0009613,0.00018311
-0.00080872,-0.0027618,-0.0022583,-0.0019989,-0.00027466,-7.6294e-05
-0.0016327,-0.0023804,-0.0028839,-0.0022736,0.00013733,-0.00094604
-0.0012054,-0.0021362,-0.0031281,-0.0024567,-0.0014496,-0.0010071
-1.5259e-05,-0.0031281,-0.0029144,-0.0032043,-0.0023804,-0.00088501
-0.0012207,-0.0030975,-0.0035248,-0.003952,-0.0048981,-0.0032501
-0.0044556,-0.0031281,-0.0037079,-0.004303,-0.0078125,-0.0053253
-0.0057373,-0.0052185,-0.004837,-0.0060883,-0.0076294,-0.005249
-0.0058899,-0.0072327,-0.0074463,-0.0076599,-0.0062103,-0.0061493
-0.0065002,-0.0061798,-0.0068665,-0.0054779,-0.0061951,-0.005661
-0.0048523,-0.0057831,-0.0059204,-0.00383,-0.0066681,-0.0043793
-0.0030365,-0.00737,-0.007431,-0.0046997,-0.0056915,-0.0044098
-0.0042419,-0.006424,-0.0076599,-0.005249,-0.0045929,-0.0042572
-0.0061188,-0.003418,-0.006012,-0.0047913,-0.0045929,-0.005249
-0.0062714,-0.0035248,-0.0037842,-0.0037689,-0.0060272,-0.0058594
-0.0046844,-0.0052338,-0.003479,-0.00354,-0.0068359,-0.0053558
-0.0044403,-0.0052032,-0.0042114,-0.0022736,-0.0053864,-0.0053406
-0.0058289,-0.0046692,-0.0037689,-0.00024414,-0.0049896,-0.0057983
-0.005127,-0.0047302,-0.0042572,-0.0013275,-0.0041809,-0.0062866
-0.0035706,-0.0054016,-0.0049896,-0.0027313,-0.0028992,-0.0038605
-0.0032196,-0.0040894,-0.0041809,-0.0031433,-0.0039368,-0.0013428
-0.0026245,-0.0020752,-0.0034332,-0.0040588,-0.0045319,-0.0015717
-0.00099182,-0.0019073,-0.0036316,-0.0029144,-0.0034027,-0.0010376
1.5259e-05,-0.0023956,-0.0046539,-0.0010834,-0.00094604,-0.00086975
-0.001297,-0.0034637,-0.0039978,0.00030518,0.0002594,-0.00033569
-0.0027313,-0.0044098,-0.0014191,0.001709,-0.00019836,0.00015259
-0.0036926,-0.0032196,-0.0012207,0.0017395,-0.00041199,-0.0019073
-0.003479,-0.0016632,-0.0011139,0.0010529,-0.0016174,-0.0019379
-0.00016785,-0.0018768,0.00039673,0.0007019,-0.001236,7.6294e-05
0.0010986,-0.00041199,0.00068665,0.0015564,0.0013275,0.00045776
-0.0002594,0.002243,0.00091553,0.0031891,0.0015869,0.00022888
0.00030518,0.0027466,0.0020294,0.0038147,0.00039673,-7.6294e-05
0.0012054,0.0023193,0.0032654,0.0033722,-6.1035e-05,-0.00064087
0.0015411,0.0023499,0.0046082,0.0036011,-0.00076294,-0.00035095
0.0019226,0.0030518,0.006546,0.0044861,-0.0002594,0.00083923
0.002655,0.0052032,0.0060883,0.005188,0.0027618,0.0027008
0.0045624,0.0069427,0.0047455,0.0060272,0.0056458,0.0059052
0.0072784,0.0061798,0.0055542,0.006073,0.0079803,0.0093079
0.0098114,0.0073547,0.0054474,0.0064697,0.0097809,0.010727
0.011093,0.010162,0.0067444,0.0079803,0.0094757,0.010757
0.011993,0.011032,0.009552,0.0083923,0.0088348,0.010651
0.012878,0.011581,0.010712,0.00914,0.0097656,0.010696
0.012299,0.011887,0.011322,0.010239,0.011063,0.011597
0.012436,0.012299,0.010864,0.0099945,0.011688,0.013672
0.014236,0.012863,0.010971,0.0093842,0.013184,0.015244
0.014862,0.013123,0.012421,0.0094299,0.014832,0.01474
0.014465,0.013474,0.013092,0.010513,0.014236,0.013763
0.013199,0.013184,0.012863,0.010422,0.013153,0.012512
0.011307,0.012222,0.01178,0.0088654,0.011749,0.010574
0.009552,0.011459,0.011841,0.0076141,0.0084839,0.009552
0.0075531,0.010651,0.012451,0.0066986,0.0060272,0.0076904
0.0073547,0.0091705,0.009964,0.0055237,0.0065765,0.0051117
0.0074768,0.0087891,0.0084076,0.004303,0.0069427,0.0048523
0.0075989,0.0089569,0.0092316,0.0043335,0.0056763,0.0058899
0.008606,0.0090485,0.0090637,0.0041504,0.0054474,0.0061188
0.0080719,0.010559,0.010681,0.0043488,0.0056763,0.0056915
0.008316,0.010971,0.012039,0.0066223,0.0052643,0.004776
0.0088654,0.009613,0.011337,0.0071259,0.0051575,0.0041962
0.0081635,0.0091248,0.01207,0.0052338,0.0048676,0.0054626
0.0080719,0.0096283,0.011139,0.0040741,0.0053253,0.0059052
0.0071564,0.0092621,0.0093231,0.003891,0.0064545,0.0052795
0.0059814,0.0075226,0.010468,0.004837,0.0066833,0.0055542
0.006073,0.0070343,0.010757,0.0060883,0.007843,0.0053711
0.0070953,0.0095825,0.009491,0.0059814,0.0095673,0.0065308
0.0090637,0.011353,0.0097351,0.0049896,0.0099335,0.0085754
0.010086,0.010071,0.0094452,0.0038757,0.0094757,0.0094299
0.0092163,0.0088959,0.0079651,0.0029144,0.0083313,0.0088501
0.0082397,0.0072479,0.0070038,0.001709,0.0071716,0.0069885
0.0064087,0.0045319,0.0048676,0.0013733,0.0056152,0.0052338
0.0025177,0.003952,0.0038452,0.0022888,0.0037231,0.003067
0.00041199,0.0033875,0.0046844,0.00091553,0.003479,0.0019836
0.00056458,0.00074768,0.0033417,-0.0017242,0.0035095,0.0013885
-0.0005188,-0.0015106,0.0011444,-0.0023651,0.0018463,-0.00064087
-0.0019684,-0.0033112,-0.00088501,-0.0029449,0,-0.0012207
-0.0027618,-0.0046082,-0.002655,-0.0039063,-0.00018311,-0.00035095
-0.0033417,-0.0051117,-0.0036926,-0.0045319,0.00053406,-0.0005188
-0.0041504,-0.0053253,-0.0048523,-0.0052185,-0.00083923,-0.0018311
-0.0043335,-0.0051575,-0.0057068,-0.006485,-0.0033264,-0.0035095
-0.0040894,-0.0057526,-0.0069427,-0.0080109,-0.0046692,-0.0051422
-0.0050812,-0.0067444,-0.0065308,-0.0072479,-0.0060272,-0.0060883
-0.0065765,-0.0065308,-0.0039978,-0.006134,-0.006546,-0.0062561
-0.0071716,-0.0054321,-0.0039978,-0.0062561,-0.0061646,-0.0069122
-0.0066986,-0.0045929,-0.0047913,-0.0066681,-0.0066986,-0.0079498
-0.0063782,-0.0040588,-0.0044098,-0.0081635,-0.0081024,-0.0081635
-0.0067596,-0.004776,-0.0048676,-0.0090332,-0.0097504,-0.0081482
-0.0062866,-0.0057526,-0.0065613,-0.0092468,-0.0094299,-0.0074921
-0.0038147,-0.0050049,-0.0083923,-0.0080566,-0.0070496,-0.0063477
-0.0033875,-0.0049438,-0.0077057,-0.0058746,-0.0065155,-0.0066681
-0.0055542,-0.0052185,-0.0062408,-0.0062561,-0.0063477,-0.0066071
-0.0056305,-0.0046082,-0.0068512,-0.0068207,-0.0053406,-0.0052032
-0.0045776,-0.0044556,-0.006958,-0.0066223,-0.0059662,-0.003891
-0.003891,-0.0039978,-0.0058136,-0.0070496,-0.005722,-0.0036774
-0.0035095,-0.0035248,-0.0060883,-0.0063477,-0.0055542,-0.004776
-0.0031586,-0.0054321,-0.0069275,-0.004776,-0.0071411,-0.0041962
-0.0036011,-0.0076294,-0.0071716,-0.004715,-0.0057526,-0.0035858
-0.0053864,-0.0080872,-0.0084229,-0.0060883,-0.0034943,-0.0048218
-0.0060425,-0.0080719,-0.0095215,-0.0066071,-0.0046539,-0.0041199
-0.0067902,-0.0066681,-0.0097351,-0.0067749,-0.0062408,-0.0052185
-0.0083771,-0.006958,-0.0094604,-0.0074463,-0.0084076,-0.0087738
-0.009079,-0.010544,-0.0094299,-0.0081024,-0.011108,-0.0092163
-0.0096283,-0.011612,-0.011108,-0.0087128,-0.011475,-0.0086365
-0.0093231,-0.010666,-0.012192,-0.0092316,-0.0099792,-0.008194
-0.0087738,-0.010284,-0.0121,-0.0093536,-0.0082245,-0.0077057
-0.0096588,-0.0089722,-0.012283,-0.0076599,-0.0078125,-0.0084839
-0.010956,-0.0088196,-0.0097504,-0.0056,-0.0087585,-0.0099945
-0.012543,-0.010101,-0.0070953,-0.0051575,-0.0099945,-0.012329
-0.013687,-0.011383,-0.0094299,-0.0058441,-0.0112,-0.014267
-0.013947,-0.01358,-0.012161,-0.0071716,-0.012497,-0.013687
-0.013535,-0.014114,-0.013229,-0.0086212,-0.012955,-0.011887
-0.011642,-0.01268,-0.013489,-0.0086365,-0.011871,-0.010269
-0.010376,-0.0112,-0.011047,-0.0066376,-0.010818,-0.0089722
-0.010345,-0.009079,-0.008728,-0.0049896,-0.0098114,-0.0085144
-0.0085144,-0.008667,-0.0088043,-0.0032196,-0.0086365,-0.0084076
-0.0063934,-0.0091553,-0.0091095,-0.0023346,-0.0078583,-0.0081787
-0.0074921,-0.0074615,-0.0081635,-0.0036011,-0.0074463,-0.0071869
-0.0094299,-0.0066833,-0.0066376,-0.0029297,-0.0072784,-0.0064087
-0.0091095,-0.0072632,-0.006073,-0.0009613,-0.006546,-0.0080719
-0.008728,-0.0070648,-0.0064697,-3.0518e-05,-0.005127,-0.0079803
-0.0084076,-0.0071411,-0.0071716,0.00027466,-0.0033569,-0.0055542
-0.006546,-0.0066376,-0.0074005,0.00033569,-0.0031891,-0.0049438
-0.0050049,-0.0057831,-0.0058899,0.0010681,-0.0036926,-0.0029297
-0.0036469,-0.0053253,-0.00383,0.0016785,-0.0024719,-0.00091553
-0.0023041,-0.0037842,-0.0031891,0.0028229,-0.00080872,-0.0011597
-0.0024109,-0.0016022,-0.0010681,0.0051117,0.0010529,-0.00059509
-0.0019379,0.00036621,0.0028687,0.0061493,0.0018616,-0.00032043
-0.00015259,0.0022278,0.0035553,0.0057831,0.0018158,-7.6294e-05
0.0015411,0.0042572,0.00354,0.0066071,0.0024567,0.0014496
0.0038757,0.0056,0.0053253,0.0079193,0.0031586,0.0039063
0.0063629,0.0063477,0.006012,0.0080719,0.0045776,0.0059509
0.0079346,0.008194,0.0075989,0.0083771,0.0065613,0.0072632
0.010498,0.010544,0.0091095,0.0085144,0.0087585,0.010132
0.01355,0.012146,0.0092163,0.009201,0.011292,0.012665
0.014359,0.013504,0.011353,0.012238,0.012894,0.013214
0.014206,0.014435,0.014603,0.015015,0.012619,0.013474
0.014343,0.013855,0.015778,0.014999,0.012848,0.01329
0.013962,0.013931,0.014282,0.013641,0.014252,0.012787
0.013199,0.013641,0.013535,0.013428,0.014191,0.012405
0.012222,0.010925,0.013702,0.012741,0.013397,0.012085
0.011368,0.0099182,0.012177,0.010437,0.012405,0.012772
0.011047,0.010208,0.011826,0.0092163,0.011307,0.012726
0.011169,0.0112,0.012665,0.0088043,0.010757,0.010605
0.011429,0.012512,0.0121,0.0087585,0.0097961,0.010391
0.011551,0.010223,0.010391,0.0076447,0.0097351,0.0121
0.011246,0.0088196,0.0086823,0.0056305,0.011124,0.011841
0.01152,0.010071,0.0093842,0.0072021,0.011566,0.011108
0.012711,0.010895,0.011307,0.0097351,0.012039,0.012024
0.013306,0.012314,0.012787,0.010345,0.014008,0.012924
0.013397,0.013794,0.014694,0.01152,0.015686,0.013153
0.013947,0.015121,0.016388,0.013535,0.016281,0.014267
0.015152,0.014542,0.016479,0.012604,0.016022,0.015518
0.013992,0.012894,0.014084,0.0085144,0.014404,0.013977
0.011047,0.012085,0.011612,0.0062256,0.010986,0.0103
0.0097351,0.0088501,0.0093536,0.004364,0.0065918,0.0078125
0.0076447,0.0050354,0.0056305,0.00086975,0.0034332,0.006073
0.0049286,0.003418,0.0025787,-0.0022583,0.0016174,0.0030212
0.0020752,0.0023346,0.0011292,-0.0052338,-0.00099182,0.00048828
-0.0005188,0.00061035,-0.00045776,-0.006958,-0.0031891,-0.0013275
-0.0021515,-0.0012512,-0.0031433,-0.0066376,-0.0038452,-0.0034332
-0.0051575,-0.0037231,-0.0040741,-0.006424,-0.0048981,-0.0045166
-0.0061035,-0.0071564,-0.0044556,-0.0073853,-0.0051575,-0.0047302
-0.0046997,-0.0083618,-0.0080719,-0.008316,-0.0040436,-0.0039825
-0.0056,-0.00737,-0.0095825,-0.0083466,-0.0036316,-0.0044403
-0.0074005,-0.0059967,-0.0068665,-0.007843,-0.0051422,-0.0068512
-0.0075073,-0.0048065,-0.0042267,-0.0067291,-0.0078888,-0.0074158
-0.0061493,-0.0049438,-0.0028076,-0.0054779,-0.0083771,-0.0079803
-0.0062256,-0.0043335,-0.0025024,-0.0045776,-0.0065308,-0.0088348
-0.006958,-0.0033722,-0.0018768,-0.0038757,-0.0053864,-0.0084229
-0.0058899,-0.0028534,-0.00088501,-0.0025787,-0.0054016,-0.0071106
-0.003952,-0.0019073,-0.00016785,-0.0021515,-0.0050201,-0.0042267
-0.0022125,-0.0018616,0.00030518,-0.0030975,-0.0041809,-0.0029755
-0.0023499,-0.0015717,-0.00039673,-0.0021973,-0.0026245,-0.0031433
-0.002533,-0.0011139,-0.0011597,-0.0012054,-0.00093079,-0.0025177
-0.0020447,-0.00085449,-0.0011749,-0.0013275,-0.0013275,-0.0014954
-0.0014038,0.00018311,0.00010681,-0.0011139,-0.0010376,9.1553e-05
0.00090027,0.00093079,0.0014496,-0.00059509,0.00085449,0.00050354
0.0023041,0.0018311,0.0018768,0.001236,0.0016022,0.00062561
0.0027466,0.0024261,0.0020599,0.0015411,0.001358,0.0014801
0.0027618,0.0016937,0.00056458,-0.00045776,0.00073242,0.0016632
0.0013885,0.0010834,-0.00076294,-0.0017395,-0.00013733,0.0012817
0.0012207,0.0012665,-0.0012054,-0.0027466,-0.0016632,0.00057983
0.0021057,0.0012207,-0.001709,-0.0036621,-0.0028687,0.00039673
0.0019073,0.0002594,-0.0021667,-0.0039368,-0.003479,3.0518e-05
0.00093079,-0.0011292,-0.0031281,-0.0042419,-0.0041656,-0.0010376
0.0004425,-0.0014954,-0.0034943,-0.0048523,-0.0031281,-0.00099182
-1.5259e-05,-0.00045776,-0.0034485,-0.0043945,-0.002243,-0.00094604
-0.0014648,-0.00038147,-0.0025177,-0.0025787,-0.0021515,-0.0018768
-0.0024261,-0.0019531,-0.0016022,-0.0014343,-0.0011444,-0.001709
-0.0028687,-0.0030975,-0.0029602,-0.0020142,-0.0019531,-0.0012665
-0.0033722,-0.0034943,-0.0046234,-0.0033875,-0.0031738,-0.003067
-0.003418,-0.0040131,-0.0040741,-0.0036469,-0.003479,-0.0041809
-0.003479,-0.0038757,-0.0028229,-0.002594,-0.0037994,-0.002655
-0.0034332,-0.0035706,-0.0032654,-0.0013428,-0.0019989,-0.0020447
-0.0029602,-0.0036621,-0.0029755,-0.00086975,7.6294e-05,-0.0022583
-0.0027161,-0.0026245,-0.0015717,-0.00050354,0.0002594,-0.0015869
-0.0022736,-0.0015717,-0.0010376,0.00079346,-0.00015259,-0.00080872
-0.0014191,-0.00090027,-4.5776e-05,0.00030518,-0.00050354,-0.00065613
-0.00056458,-0.00067139,0.00022888,-0.00057983,-0.00088501,-0.0018463
-0.00030518,-0.0016174,-0.00062561,0.00059509,-0.0014191,-0.0020142
-0.0020142,-0.0021973,-0.00015259,0.00062561,-0.00067139,-0.00033569
-0.0033417,-0.0027924,0.0010071,0.0013123,0.0013275,0.00018311
-0.0024261,-0.0019836,0.0016632,0.0028839,0.0028839,0.00035095
-1.5259e-05,0.00041199,0.0020905,0.0028381,0.0043488,0.0015411
0.0032806,0.0019684,0.0018463,0.0027924,0.004715,0.0036011
0.0044861,0.0031281,0.0018616,0.0024567,0.0042572,0.0051422
0.004715,0.0027618,0.0023804,0.0026855,0.0044556,0.0053253
0.006134,0.0022583,0.0025635,0.0026245,0.0042725,0.0062561
0.0063629,0.0036926,0.002533,0.0015869,0.0049896,0.0062714
0.0049591,0.0044708,0.0019531,0.0019073,0.0058594,0.0044556
0.0039825,0.0034637,0.0019531,0.0022583,0.0043335,0.0033264
0.0037537,0.00091553,0.0020142,0.0020142,0.0028992,0.0024109
0.0024261,-0.00042725,0.0011444,0.0011444,0.0012207,0.0017395
0.0007782,0.00061035,0.00099182,4.5776e-05,-0.0016479,0.0015106
0.00073242,0.00019836,0.00022888,-0.0015717,-0.0019073,0.00050354
0.0013885,-0.00045776,-0.00091553,-0.0027924,0.00027466,0.00042725
0.0027466,0.00016785,0.00015259,-0.00067139,0.002121,0.0020599
0.003418,0.0014038,0.0015106,0.0011444,0.0030365,0.0031128
0.0026398,0.0036926,0.0028381,0.0017242,0.0018921,0.0030823
0.0024414,0.0045776,0.0045166,0.0020294,0.0011444,0.0029602
0.0027008,0.0038757,0.0039368,0.00050354,0.0019836,0.0022125
0.0041351,0.0029144,0.0027161,0.00056458,0.00083923,0.0016022
0.0051575,0.0019684,0.0020905,0.0014038,0.0004425,0.0021362
0.0023346,0.0027313,0.0013123,0.0010223,0.0016937,0.00071716
-0.0012207,0.0023041,0.0020447,0.001236,0.0010223,-0.0020447
-0.0030365,-0.0013123,0.0025024,0.00030518,-0.00099182,-0.003418
-0.0043793,-0.0031433,-0.00027466,-0.0017395,-0.0039825,-0.0052185
-0.0045624,-0.0035706,-0.0036011,-0.0032196,-0.0050659,-0.0059052
-0.0039673,-0.0041962,-0.0050049,-0.0047607,-0.003891,-0.0042267
-0.0036011,-0.0040741,-0.0054779,-0.0049591,-0.0043945,-0.0028839
-0.0026703,-0.0045624,-0.0045624,-0.0035706,-0.0036621,-0.0022736
-0.0021515,-0.0036011,-0.0036011,-0.0040436,-0.0014954,-0.0023193
-0.0029755,-0.002533,-0.0045624,-0.0054932,-0.0022736,-0.0026245
-0.0031891,-0.0035858,-0.0053406,-0.0050964,-0.0044556,-0.0032959
-0.0030975,-0.0042267,-0.0046234,-0.0048828,-0.0056152,-0.0044708
-0.0043945,-0.0053406,-0.0043335,-0.0047913,-0.0061951,-0.0041046
-0.0045776,-0.005661,-0.005249,-0.0040436,-0.0053558,-0.0032654
-0.0036469,-0.0039978,-0.0049438,-0.0037689,-0.0032654,-0.0040894
-0.005127,-0.0030823,-0.0039368,-0.0026398,-0.0040436,-0.0056305
-0.0063629,-0.0033264,-0.0029907,-0.0022736,-0.0063629,-0.0058899
-0.0054779,-0.0037079,-0.0026245,-0.0031281,-0.0054626,-0.0054321
-0.0051422,-0.0034637,-0.0032196,-0.0020599,-0.0041199,-0.0056305
-0.0045929,-0.0035553,-0.0029907,-0.0012207,-0.0042267,-0.0049133
-0.0039215,-0.0050964,-0.0039673,-0.0026703,-0.0042572,-0.0037842
-0.0046082,-0.0059357,-0.0047607,-0.0035858,-0.0043335,-0.0041351
-0.0054169,-0.004837,-0.0043335,-0.0029449,-0.0042725,-0.0058441
-0.0054779,-0.003891,-0.0039978,-0.0017853,-0.0057678,-0.007782
-0.005722,-0.0038147,-0.0023499,-0.0014191,-0.0070648,-0.0076447
-0.0067444,-0.0042114,-0.0029144,-0.0029449,-0.0059052,-0.0062408
-0.0073395,-0.004837,-0.0056915,-0.0047302,-0.004837,-0.0061798
-0.0072632,-0.0065155,-0.0067139,-0.0055237,-0.0050354,-0.0071106
-0.007309,-0.0080261,-0.0068817,-0.005127,-0.0066376,-0.0076447
-0.0086975,-0.0073242,-0.0072327,-0.0034943,-0.0066833,-0.0084381
-0.010086,-0.0079956,-0.007309,-0.0030212,-0.0061035,-0.0086975
-0.0094299,-0.0092468,-0.0075378,-0.0043182,-0.0073547,-0.0080566
-0.00914,-0.0084229,-0.0080261,-0.0046692,-0.0066986,-0.0076294
-0.0075378,-0.0076752,-0.0068359,-0.0031281,-0.0047913,-0.0057983
-0.0045929,-0.0065918,-0.0049591,-0.00097656,-0.0026855,-0.0031891
-0.0034027,-0.0048828,-0.0030975,0.0011749,9.1553e-05,-0.0010986
-0.0015411,-0.002594,-0.00065613,0.0025635,0.0021515,0.0010986
0.00030518,0.00062561,0.00061035,0.0036011,0.0030823,0.0020752
0.0018921,0.0024414,0.0020905,0.0046692,0.0019073,0.002182
0.0044556,0.0029297,0.0031128,0.0044861,0.0016785,0.0029755
0.0051117,0.003891,0.0026093,0.0043335,0.0032349,0.0028687
0.0036163,0.0041504,0.0031433,0.0046234,0.0038605,0.0027161
0.0029755,0.0034637,0.0030212,0.003891,0.0044708,0.0042725
0.0031433,0.0025635,0.0018616,0.0031738,0.0047302,0.0045166
0.0014801,0.0014343,0.0019379,0.0033875,0.0036163,0.0029144
-0.00080872,0.00024414,0.0017242,0.0031738,0.0016022,0.00097656
-0.00067139,-0.0021362,-0.00010681,0.0020294,0.00080872,0.0010529
0.00035095,-0.0035095,-0.0024261,0.0011749,0.0020752,0.0028992
-0.00067139,-0.0020142,-0.002594,0.0010681,0.002243,0.0011139
-0.0018311,-0.0014954,-0.00080872,0.0011444,0.0010529,-0.0011597
-0.0014343,-0.001358,-0.00083923,0.00018311,0.0010986,-7.6294e-05
0.00015259,-0.00062561,-0.0017242,-0.00056458,0.0013428,0.0016327
0.0025024,7.6294e-05,-0.00071716,0.00097656,0.0014648,0.0028992
0.0031281,0.0013733,0.0014801,0.002655,0.0032959,0.0040588
0.0023499,0.00067139,0.0030823,0.0031128,0.0040131,0.0045471
0.0017853,0.0014496,0.0018005,0.0026093,0.002655,0.0019836
0.00042725,0.0032959,0.00048828,0.0013123,0.0013885,-0.00068665
-0.0002594,0.00050354,0.00064087,0.0002594,-0.00053406,-1.5259e-05
0.00057983,-0.00085449,-0.001236,-0.0009613,-0.0007019,0.00091553
0.0011597,0.00076294,-0.0020294,-0.001236,0.0011597,0.001297
0.0018768,-9.1553e-05,-0.00085449,-0.00076294,0.00094604,0.0020599
0.0018463,-0.00048828,-0.0011292,-0.00065613,-0.00015259,0.0010071
0.00088501,0.0010376,-0.001297,-0.00012207,-0.00062561,-0.0012054
0.00073242,0.0018158,0.00015259,-0.00038147,-0.001709,-0.0014038
0.00085449,0.0020752,0.0020142,-0.00079346,-0.0023499,-0.00086975
0.0014343,0.0015717,0.0020294,-0.00018311,-0.0013123,-0.0012817
0.00048828,0.0011597,0.00054932,0.00076294,-0.00054932,-0.0016174
-0.0011444,0.0014191,-0.00016785,0.00054932,-0.0016632,-0.0019989
-0.00030518,0.00097656,-0.00016785,-0.00091553,-0.0023499,-0.0025482
-0.00082397,0.00099182,-0.00019836,-0.0014343,-0.0015717,-0.0027161
-0.0016479,0.0015564,0.00050354,-0.0019989,-0.0020905,-0.0021515
0.00027466,0.0011749,6.1035e-05,-0.0017853,-0.0031433,-0.0013885
0.0010986,0.00028992,-0.001297,-3.0518e-05,-0.0020294,-0.00085449
4.5776e-05,0.0004425,0.00018311,0.00053406,-7.6294e-05,6.1035e-05
-0.00019836,0.0011597,0.0020294,0.00074768,0.00027466,-0.00027466
0.0012207,0.0019226,0.0028229,0.001709,0.0004425,-0.00019836
0.0030975,0.0034027,0.0043182,0.0022125,0.0020599,0.0028381
0.004303,0.0043335,0.003952,0.0023804,0.0031586,0.0039368
0.0045471,0.0049286,0.0026398,0.0029449,0.0037231,0.0032806
0.0037231,0.0049133,0.0026245,0.0019073,0.0033417,0.0037079
0.0022888,0.0030975,0.0019073,-4.5776e-05,0.00079346,0.0013123
0.00042725,0.0010376,0.0011902,-0.00032043,-0.0016632,-0.0018768
-0.0016174,-0.00094604,0.0005188,-0.00033569,-0.0028076,-0.0023804
-0.0031891,-0.0025482,-0.0020447,-0.00080872,-0.0020905,-0.0036926
-0.0040588,-0.0025787,-0.0037537,-0.0018768,-0.0012512,-0.0041504
-0.0034943,-0.0029755,-0.0033417,-0.003418,-0.0028229,-0.0024261
-0.0025635,-0.004364,-0.0038147,-0.0045471,-0.0047607,-0.0022736
-0.0028381,-0.00354,-0.004303,-0.004364,-0.0053558,-0.0032654
-0.002243,-0.0015259,-0.0026245,-0.0029755,-0.0042725,-0.0030518
-0.0017242,-0.0010071,-0.0014648,-0.0024414,-0.0028229,-0.001709
-0.0027008,-0.00099182,-0.0017242,-0.0025177,-0.0024719,-0.0024109
-0.0035553,-0.0024872,-0.0024414,-0.0027466,-0.0027771,-0.0041656
-0.0055847,-0.0046997,-0.0050964,-0.0037994,-0.0045013,-0.0049438
-0.0078888,-0.0069122,-0.0082855,-0.0048065,-0.0061035,-0.0063171
-0.0091553,-0.010452,-0.0103,-0.0060883,-0.0066528,-0.007782
-0.011261,-0.011871,-0.011719,-0.0080566,-0.0078888,-0.0094299
-0.012421,-0.0121,-0.011978,-0.0091095,-0.010223,-0.010254
-0.011185,-0.013885,-0.012939,-0.0098877,-0.012238,-0.0098724
-0.010483,-0.013428,-0.014648,-0.010788,-0.011856,-0.010086
-0.011765,-0.011673,-0.014816,-0.010361,-0.010391,-0.010056
-0.01268,-0.012589,-0.014008,-0.0093842,-0.0098267,-0.0096588
-0.011307,-0.01413,-0.013184,-0.0082245,-0.0097809,-0.0095978
-0.011032,-0.014038,-0.013077,-0.0069733,-0.011215,-0.010269
-0.012695,-0.013016,-0.012161,-0.0067291,-0.011963,-0.011002
-0.011185,-0.010757,-0.010651,-0.0059509,-0.0087128,-0.0099792
-0.0085754,-0.0076599,-0.0088196,-0.0031281,-0.0060883,-0.0085754
-0.0073395,-0.0052948,-0.004776,-0.00083923,-0.0065918,-0.0074005
-0.0047302,-0.0033264,-0.002243,-0.00028992,-0.0057983,-0.0050507
-0.002243,-0.0015411,-0.0019073,0.00094604,-0.0026398,-0.0024872
-0.0016174,-0.00065613,-0.001358,0.0015564,-0.0016327,-0.00068665
-0.00177,-0.0018005,-0.0015564,0.0010986,-0.0021515,-0.00010681
-0.0013428,-0.0028992,-0.0023804,0.0010681,-0.00021362,0.00032043
-0.0017242,-0.0021973,-0.0039673,0.00041199,0.00054932,0.00018311
-0.0020294,-0.0024567,-0.0048523,0.0004425,-0.00099182,-0.0016632
-0.0014038,-0.0028534,-0.0036621,-0.00013733,-0.0018616,-0.0030823
-0.0030823,-0.0011444,-0.0027313,-0.0016632,-0.0040131,-0.0036926
-0.0029602,-0.00064087,-0.0027161,-0.0019836,-0.0070648,-0.0037231
-0.0007019,-0.0016174,-0.0033112,-0.0027161,-0.0068359,-0.0038452
-0.0015106,-0.0013733,-0.0040283,-0.0019531,-0.0039215,-0.0025024
-0.0021362,-0.0028992,-0.0039673,-1.5259e-05,-0.00088501,-0.00013733
-0.0018005,-0.0043488,-0.005249,-6.1035e-05,0.00039673,-0.00038147
-0.0020599,-0.0032349,-0.0062256,-0.00086975,-0.00093079,-0.00038147
-0.0010834,-0.0028839,-0.005188,-0.0015411,-0.0022888,0.00064087
0.00083923,-0.0016479,-0.0036774,-0.0007782,-0.0021515,0.0007019
0.0017395,0.00010681,-0.0014801,0.0012817,-0.0007019,0.0010529
0.0012665,-0.00018311,-0.00010681,0.0028534,0.00039673,0.0019989
0.0012207,-0.00032043,0.00082397,0.005127,0.0019073,0.0022736
0.00059509,0.0014038,0.0023804,0.0067444,0.0040741,0.0015259
-0.00073242,0.0020142,0.0038605,0.0063171,0.0036163,0.0017853
-3.0518e-05,0.00028992,0.0034943,0.0056305,0.0028992,0.002594
0.0014801,0.00045776,0.0018005,0.004776,0.0033722,0.0028534
0.0018158,0.00177,0.0025177,0.0053101,0.0040436,0.0025482
0.00068665,0.0017853,0.0027466,0.0067902,0.0059204,0.00090027
-0.00050354,0.0017853,0.0025177,0.0066223,0.0059662,0.00027466
9.1553e-05,0.002533,0.0052795,0.0069427,0.0040131,0.0019226
0.0019531,0.0038452,0.0071564,0.0074005,0.0042572,0.0034943
0.0039215,0.005127,0.0066223,0.006958,0.0057983,0.0041504
0.0048523,0.0058289,0.0065765,0.0077362,0.0066376,0.0046997
0.0052185,0.005188,0.0075073,0.0083466,0.0065613,0.0053558
0.0052948,0.0047607,0.0067596,0.0076141,0.006897,0.0055542
0.0048981,0.0046234,0.0050507,0.0059357,0.0070801,0.006424
0.0056763,0.0033264,0.0042572,0.0035248,0.0061951,0.0080414
0.0064087,0.0033875,0.003067,0.0028992,0.0063629,0.0077667
0.0061798,0.0042725,0.0027161,0.0037689,0.0056305,0.0065765
0.0060425,0.0046844,0.0031128,0.0028992,0.004364,0.0061493
0.004776,0.004776,0.0037231,0.0018921,0.0047607,0.0046997
0.0030975,0.0050201,0.0050201,0.0025635,0.0037994,0.0023193
0.0032349,0.0056305,0.0050659,0.0025482,0.001297,0.0015259
0.0040436,0.0036163,0.0043335,0.0015259,0.00030518,0.0022736
0.0024567,0.0024567,0.0025177,0.00028992,0.00045776,0.00093079
-0.00033569,0.0031433,0.0009613,-0.00035095,-0.00036621,-0.0012817
-0.0011444,0.0015259,0.0016327,0.00035095,-0.0011292,-0.0015869
-0.0014191,0.00022888,0.0013885,0.00028992,-0.001709,-0.0027313
-0.0020447,0.0005188,0.0013885,-0.00018311,-0.0022736,-0.0036011
-0.0017395,0.00035095,0.0026093,-1.5259e-05,-0.0021973,-0.0023956
-0.0014954,-0.00015259,0.0016785,-0.0010223,-0.0027313,-0.0029755
-0.0029144,-0.00064087,-0.00035095,-0.0020752,-0.0032043,-0.0044098
-0.0041656,-0.0027008,-0.0028687,-0.0027466,-0.0027313,-0.0033875
-0.0036926,-0.0050964,-0.0059204,-0.0040283,-0.0018158,-0.0017395
-0.0038452,-0.0052032,-0.006546,-0.0043182,-0.00085449,-0.00094604
-0.0040436,-0.0049744,-0.0050354,-0.003952,-0.00083923,-0.00091553
-0.0024414,-0.0050201,-0.0044708,-0.0028534,-0.0017395,-0.0014954
-0.0011902,-0.0037537,-0.0040283,-0.0014954,-0.0016785,-0.0015259
-0.0013123,-0.0022125,-0.0027618,-0.0021667,-0.0017853,-0.0011444
-0.0016022,-0.0016022,-0.0031281,-0.0035095,-0.0026093,-0.0018311
-0.0018921,-0.0019379,-0.0038452,-0.0041504,-0.0025482,-0.0028687
-0.0025787,-0.0028534,-0.0028992,-0.0041046,-0.0039215,-0.0029449
-0.0023956,-0.0029602,-0.0026855,-0.0039673,-0.0064545,-0.0031281
-0.0026093,-0.0026703,-0.0032196,-0.0043182,-0.0068054,-0.0041046
-0.0040131,-0.0026398,-0.0024261,-0.0036316,-0.006134,-0.0054016
-0.0035553,-0.0019226,-0.0013733,-0.0032043,-0.0062103,-0.0071869
-0.0035095,-0.00082397,-0.0015411,-0.0042419,-0.0072021,-0.0082703
-0.0046082,-0.0014496,-0.0027313,-0.0050964,-0.0088806,-0.0071259
-0.0042877,-0.0041962,-0.0047302,-0.0061493,-0.0089722,-0.0062866
-0.004715,-0.0056763,-0.006073,-0.0063171,-0.0076447,-0.0073853
-0.0059357,-0.0050659,-0.0049591,-0.0048065,-0.0070953,-0.0077209
-0.0061035,-0.0035706,-0.003418,-0.0035858,-0.0057373,-0.0068512
-0.0038605,-0.0018463,-0.0030518,-0.0033569,-0.0043488,-0.0059204
-0.0019531,-0.0014191,-0.0023804,-0.0035248,-0.0047913,-0.0051727
-0.0036621,-0.0013123,-0.0020142,-0.0028534,-0.0055847,-0.004776
-0.0043488,-0.0025635,-0.0022125,-0.002121,-0.0066986,-0.0049744
-0.0045929,-0.0037842,-0.0020752,-0.0022888,-0.0068054,-0.0066376
-0.0064087,-0.0022736,-0.002243,-0.0018921,-0.0055084,-0.0076599
-0.0062866,-0.0029755,-0.0032806,-0.0020142,-0.0053864,-0.0059204
-0.0046387,-0.0049286,-0.005188,-0.0029297,-0.0050354,-0.0046234
-0.0034943,-0.0048523,-0.0057068,-0.0024109,-0.003891,-0.0037384
-0.0036621,-0.0048065,-0.0046539,-0.0011139,-0.0031128,-0.0015869
-0.0032501,-0.0039368,-0.0034943,0.00088501,-0.0010071,-0.0009613
-0.001709,-0.0028381,-0.0010376,0.0031586,0.0014954,-0.00065613
-0.0009613,-0.0025024,-0.00071716,0.0035858,0.0025482,3.0518e-05
-0.0018463,-0.0023651,-0.0024567,0.0026245,0.0026093,0.00022888
-0.0035858,-0.0028076,-0.0017395,0.0019836,0.0022736,0.0014954
-0.0035095,-0.0032349,-0.0014496,0.0019989,0.0009613,0.00071716
-0.0029602,-0.0032043,-0.0015411,0.0018158,-0.0010529,-0.0025024
-0.0034332,-0.0023499,-0.00097656,0.0010986,-0.0018921,-0.0040283
-0.0028992,-0.0018311,-0.0024872,-0.0010071,-0.0030823,-0.0032501
-0.0021057,-0.002182,-0.0045776,-0.0032654,-0.0049133,-0.0032043
-0.0028381,-0.0024719,-0.0056763,-0.0034485,-0.0059052,-0.0048218
-0.0044403,-0.0041504,-0.0058594,-0.0040283,-0.0070648,-0.0051422
-0.0052032,-0.0067139,-0.006012,-0.0052643,-0.0076904,-0.0045624
-0.0041809,-0.0067749,-0.0073547,-0.0055237,-0.0074463,-0.0031128
-0.0027466,-0.0044556,-0.0084076,-0.0055847,-0.0057373,-0.0013733
-0.0017242,-0.0033569,-0.0080719,-0.0044556,-0.0022736,-0.00035095
0.00018311,-0.0023804,-0.006424,-0.0014038,0.00041199,0.0015259
0.0018616,-0.00074768,-0.0039673,0.0014496,0.0013733,0.0020599
0.0016022,-0.00033569,-0.0013275,0.0031738,0.0021973,0.00177
0.00054932,0.00057983,0.00048828,0.0029602,0.0019379,0.0014801
-0.00016785,0.0016022,0.0011292,0.0019531,-0.00050354,0.00018311
0.0010529,0.001709,0.0022888,0.0028992,-0.0010986,0.00097656
0.0033112,0.0021057,0.0013123,0.0034027,0.0017242,0.0027008
0.0031281,0.0017395,-0.0010529,0.0034943,0.0043335,0.0037689
0.0028839,0.0012054,0.0012207,0.0042267,0.0044861,0.0056458
0.0048676,0.0030823,0.0030365,0.0031433,0.0034485,0.0059204
0.0065002,0.0050354,0.0017853,0.0023956,0.0023956,0.0046539
0.0063324,0.0053864,0.0024261,0.0033722,0.0020752,0.0046997
0.0045776,0.0054474,0.0031128,0.0037689,0.0036469,0.004364
0.0035553,0.003891,0.0028381,0.0036163,0.0047455,0.0041199
0.0041809,0.002533,0.0024872,0.0039215,0.0043945,0.0055084
0.0041504,0.003067,0.0026703,0.0050354,0.0055237,0.0055847
0.0045929,0.0037384,0.0039825,0.0058899,0.0071259,0.0057068
0.0056305,0.0053558,0.0053864,0.0062561,0.0068512,0.0061493
0.0055237,0.0066833,0.006546,0.0077362,0.0065308,0.0052185
0.0051422,0.0052338,0.0069427,0.0080414,0.0072632,0.0056
0.004837,0.0039825,0.0069275,0.0065765,0.0068207,0.0063782
0.0054321,0.0057526,0.0069733,0.0059052,0.005661,0.0061951
0.0048828,0.0065308,0.006485,0.0052338,0.0056,0.0046387
0.0020905,0.0048218,0.0048523,0.0045624,0.0044556,0.0022888
0.0025482,0.0041809,0.0032196,0.0034027,0.0031738,0.0014343
0.0033264,0.0030518,0.0026398,0.0023651,0.0039063,0.0009613
0.00024414,0.00076294,0.0031738,0.0032806,0.0029602,0.00080872
-0.001358,-0.00065613,0.0031433,0.0024414,0.0011597,0.00028992
-0.0018921,-0.00079346,0.00042725,0.00016785,4.5776e-05,-0.0013885
-0.0021973,-0.00099182,-0.0015411,-0.0022278,-0.0015869,-0.0019989
-0.0018921,-0.0019684,-0.0029907,-0.0052643,-0.0023804,-0.0015411
-0.0015717,-0.0018616,-0.0044098,-0.005127,-0.0037231,-0.0018463
0.00036621,-0.0021515,-0.0025635,-0.0042267,-0.0045166,-0.0023346
0.00024414,-0.0020142,-0.00177,-0.0043335,-0.0038452,-0.0011139
-0.0012817,-0.00039673,-0.0020447,-0.0030823,-0.0035706,-0.0014191
-0.00086975,-0.00076294,-0.00059509,-0.0026703,-0.0034485,-0.0027161
-0.0010834,-0.0019836,-0.00083923,-0.0030823,-0.0036926,-0.0017242
-0.0028992,-0.0018921,-0.0025482,-0.0028076,-0.0031586,-0.0030365
-0.0041199,-0.002243,-0.0024261,-0.0018463,-0.0027924,-0.0053253
-0.0036163,-0.0026855,-0.00047302,-0.00086975,-0.0038452,-0.0041046
-0.0029602,-0.0018768,-0.00032043,-0.00085449,-0.0025177,-0.0025177
-0.0023041,-0.0015564,-0.00053406,0.00035095,0.00059509,-0.0021515
-0.0017853,-0.0010223,0.0017242,0.002594,0.0012512,-0.0012512
-0.0020905,3.0518e-05,0.0028534,0.0026093,0.0007782,-0.00028992
-0.00074768,0.00056458,0.0013275,0.0010986,0.0015717,0.0002594
0.0018311,0.0022736,-0.00048828,0.00030518,0.0024261,0.0011902
0.0025482,0.0029297,0.00080872,0.0012817,0.0024719,0.0021362
0.0024109,0.0019379,0.003418,0.0026703,0.0025787,0.0035858
0.0030975,0.002243,0.0036469,0.0027771,0.0034637,0.0046539
0.0030365,0.0024567,0.0026245,0.0023193,0.0037079,0.0034637
0.001297,0.0017548,0.0010376,0.0015259,0.0023346,0.0015106
-0.0007019,0.00033569,0.00024414,-0.0002594,0.00028992,7.6294e-05
-0.0015106,-0.0020447,-0.00068665,-0.0028534,-0.0025177,-0.0016022
-0.0028687,-0.0033264,-0.0033722,-0.0045471,-0.0049438,-0.0036163
-0.0055542,-0.0036926,-0.0045013,-0.0052795,-0.0061188,-0.005722
-0.0065155,-0.004837,-0.0041809,-0.0054626,-0.0058899,-0.007309
-0.0057526,-0.0054474,-0.004303,-0.0036469,-0.0052795,-0.0064392
-0.0034637,-0.00383,-0.0048828,-0.0024719,-0.0044403,-0.0040588
-0.00073242,-0.0019073,-0.0049438,-0.0027618,-0.0015411,-0.0019226
-0.00038147,-0.0012054,-0.0019684,-0.0014038,-0.00039673,-0.00016785
-0.00042725,0.0007019,0.001709,-0.00022888,-0.0007019,0.00032043
-0.00015259,0.0022583,0.0031586,0.00099182,-0.00010681,-0.00094604
-0.00059509,0.0013123,0.0028076,0.002594,-0.00083923,-0.0027771
-0.0011902,0.0013123,0.0018921,0.0013428,-0.0010986,-0.0031586
-0.0010376,0.0013885,0.0022736,0.0010223,-0.00080872,-0.0016479
-0.00032043,0.00027466,0.0021362,0.0022125,-0.00061035,-0.0011749
-0.0002594,0.0011139,0.0015869,0.0010223,6.1035e-05,-0.0015717
0.00059509,0.002594,0.0024872,0.00056458,-3.0518e-05,-1.5259e-05
0.0023956,0.0031891,0.0021362,0.00091553,0.00016785,0.00091553
0.0032806,0.0035706,0.0012817,0.00065613,0.0013428,0.0011749
0.0032196,0.0026093,0.0021667,0.001358,0.0029297,0.0029755
0.002121,0.0016327,0.0016785,0.0019989,0.0043488,0.0037537
0.00094604,0.0015259,0.0010529,0.0022583,0.004425,0.00354
0.00013733,0.00061035,0.0020752,0.0024414,0.0035553,0.0027618
1.5259e-05,0.00028992,0.0022278,0.0021973,0.003479,0.002121
0.001709,0.002243,0.0019531,0.0014191,0.0045929,0.002121
0.0029144,0.004364,0.0013885,0.0019073,0.0042572,0.0011749
0.0034943,0.0036163,0.0035248,0.0039978,0.0025177,0.0021057
0.0040283,0.0020447,0.0059052,0.0042725,0.0029907,0.0036926
0.0022583,0.0029297,0.0046844,0.0041504,0.0047302,0.0029297
0.00054932,0.0031738,0.0056,0.0051117,0.0052795,0.0026703
0.0018005,0.0023041,0.0059814,0.0045166,0.0050049,0.0037994
0.0040283,0.0028229,0.0027924,0.0029907,0.0048676,0.0050964
0.0057068,0.0032196,0.0021057,0.0024261,0.0050812,0.0057373
0.006546,0.0028229,0.003952,0.0033875,0.0050964,0.0051575
0.0046539,0.0038757,0.0043488,0.0042114,0.0051727,0.0040588
0.0023041,0.0057526,0.0059509,0.0036774,0.0048676,0.0037537
0.0027313,0.0049133,0.0075073,0.0029602,0.0040436,0.0033112
0.0029907,0.0028381,0.0049896,0.0030212,0.0036316,0.0021973
0.0023499,0.0021362,0.00354,0.0036926,0.00354,0.002655
0.002243,0.0015869,0.0030365,0.0028381,0.0032654,0.0025024
0.0010529,0.0011902,0.0014496,9.1553e-05,0.0026093,0.00088501
-0.0012054,0.0012512,0.0014801,-0.0019226,0.00067139,-0.00022888
-0.0028229,-0.00021362,0.00038147,-0.0034027,-0.0028229,-0.0028229
-0.0030212,-0.0027771,-0.0034637,-0.0054169,-0.0053864,-0.0045929
-0.0032043,-0.0046234,-0.0068817,-0.0070038,-0.0045929,-0.003418
-0.0031128,-0.0056,-0.0088348,-0.0079651,-0.0029297,-0.0014801
-0.0023956,-0.0061035,-0.0097351,-0.0081787,-0.0028534,-0.0013885
-0.0030212,-0.0065613,-0.009491,-0.0072784,-0.0032959,-0.0030975
-0.0031281,-0.0068512,-0.0086212,-0.0066833,-0.003891,-0.0013733
-0.0026855,-0.0070343,-0.007431,-0.0067139,-0.0036163,-0.00021362
-0.0044403,-0.0063629,-0.006073,-0.0055389,-0.0040283,-0.0031433
-0.0059662,-0.0061493,-0.0048676,-0.0038605,-0.0051422,-0.0039368
-0.0056,-0.0068512,-0.0048828,-0.0037842,-0.0046844,-0.0046997
-0.0054321,-0.0057526,-0.0052795,-0.0043793,-0.0049744,-0.0066986
-0.0053558,-0.0041046,-0.0053711,-0.0054626,-0.0064087,-0.0066986
-0.0037994,-0.0033417,-0.0074463,-0.0071106,-0.0069885,-0.0051575
-0.0021667,-0.0033112,-0.0080872,-0.0071106,-0.0058746,-0.0027313
-0.0014648,-0.0037842,-0.0063934,-0.0053406,-0.003891,-0.0014496
-0.00067139,-0.0033569,-0.0062561,-0.0021057,-0.00094604,-0.00088501
-0.0018768,-0.0031433,-0.0053864,-0.00019836,0.00079346,-0.00090027
-0.0041656,-0.0037231,-0.0038452,-0.00061035,-0.00082397,-0.0025635
-0.0039825,-0.0039978,-0.0033722,-0.00015259,-0.002533,-0.0030518
-0.0033875,-0.0041504,-0.0029907,-0.00064087,-0.0037842,-0.0023041
-0.0026703,-0.0036316,-0.0023346,-0.0011139,-0.0024414,-0.0019226
-0.0012665,-0.0021667,-0.0021667,0.00016785,0.00076294,-0.0013428
-0.0011139,-0.00039673,-0.0018463,0.00091553,0.00064087,-0.0007782
-0.0017395,0.0011902,0.00074768,0.0016632,0.00038147,-1.5259e-05
-0.0013733,0.0014496,0.0020447,0.0025787,0.00065613,-9.1553e-05
0.00012207,0.0018158,0.0020599,0.003418,-0.00061035,-0.00094604
0.0018005,0.0028534,0.0039063,0.0034485,-0.00054932,0.00085449
0.0036774,0.0031128,0.0040283,0.003006,0.0013733,0.0029907
0.004776,0.0042419,0.0032501,0.0039978,0.0036011,0.003952
0.0053864,0.0050049,0.0041046,0.0045013,0.0043793,0.0058594
0.0063477,0.0053406,0.0045624,0.0042572,0.0044098,0.0068359
0.0067596,0.0066833,0.0050049,0.0050507,0.0059357,0.006424
0.006424,0.0075684,0.0060883,0.0058594,0.0062866,0.0058746
0.0062561,0.0082245,0.0069733,0.0062103,0.0046387,0.0052948
0.0061188,0.0066223,0.0070496,0.0054016,0.0048218,0.0045319
0.0055084,0.0056458,0.0067291,0.0048676,0.0056,0.0048676
0.0053253,0.0075073,0.0077057,0.006485,0.0048828,0.0055847
0.0050049,0.0072632,0.008667,0.0073547,0.0059662,0.0051422
0.0058289,0.0075531,0.0084076,0.0066223,0.0079346,0.0047607
0.0073395,0.0088196,0.009201,0.0070648,0.0080566,0.005188
0.0065155,0.0075989,0.0103,0.0085449,0.0070496,0.0068512
0.0058136,0.0065613,0.0087738,0.007782,0.0072479,0.0071411
0.0060425,0.0070343,0.0061035,0.0056458,0.0090637,0.0052795
0.0054321,0.0069885,0.0061951,0.0049286,0.0075226,0.0046844
0.0048065,0.0054474,0.006546,0.0038757,0.0050201,0.0048828
0.004425,0.0035858,0.0047455,0.0024567,0.0049286,0.0046387
0.0030975,0.0031281,0.0041504,0.0023346,0.0042725,0.0034943
0.0023041,0.0039673,0.0049133,0.0018311,0.0046082,0.0023499
0.0029297,0.0044556,0.0049438,0.0015106,0.0036774,0.0024872
0.003067,0.0036926,0.0037842,0.0014343,0.0012665,0.0027313
0.0028992,0.0028229,0.0014496,-0.00097656,0.0010529,0.0020599
0.00067139,0.0021667,0.00053406,-0.0020752,0,0.00019836
-0.0014191,0.0007019,0.0021057,-0.0007019,-0.0013733,-0.00062561
-0.00019836,-0.00010681,0.0029755,-0.00045776,-0.0015564,-0.0002594
0.00041199,0.00065613,0.0024261,0.00024414,-0.00028992,-0.00082397
-3.0518e-05,0.0013733,0.0012207,0.001358,0.0023804,-0.00021362
-0.00035095,0.0014343,0.00027466,0.00093079,0.0027161,0.0011749
0.00019836,0.00079346,0.00012207,-0.00086975,0.002121,0.00036621
0.0011292,0.00053406,0.00013733,-0.0018311,0.0016174,-0.00035095
0.00035095,-6.1035e-05,0.00090027,-0.00088501,-0.00015259,0.00041199
-0.00024414,-0.00038147,0.0005188,-0.0013123,-4.5776e-05,-0.00030518
0.00038147,0.00045776,-0.00045776,-0.0018005,0.00045776,-0.00074768
0.00061035,-0.0004425,-0.00033569,-0.0016479,-0.00022888,-4.5776e-05
-0.00047302,-0.00076294,-0.0025482,-0.0032959,0.00010681,-0.00041199
7.6294e-05,-0.0002594,-0.0036469,-0.0037689,-0.00042725,0.00050354
0.0023041,-0.00057983,-0.0014648,-0.0026855,-0.00035095,0.0015106
0.0026398,0.0013733,0.00033569,-0.0004425,0.0014648,0.0016479
0.0029449,0.0032806,0.0034637,0.0022736,0.002533,0.0030823
0.0041962,0.0037231,0.0050507,0.001709,0.0041809,0.0039368
0.0045776,0.0050049,0.0044098,0.0011902,0.0039063,0.0032349
0.0040588,0.0057983,0.0052032,0.0023651,0.0016785,0.0031281
0.0050201,0.0055237,0.0045929,0.0014496,0.0027161,0.0043488
0.0075989,0.0053253,0.0033112,0.00079346,0.004364,0.0052795
0.0072937,0.0055847,0.0043945,0.0027008,0.0048981,0.0062714
0.0067749,0.0053711,0.0053864,0.0044098,0.0066071,0.00737
0.0076447,0.004715,0.0045013,0.0044556,0.0080719,0.0071564
0.0059052,0.0045319,0.0046844,0.0044098,0.0073395,0.0062714
0.0054016,0.004425,0.0060425,0.0048218,0.0053864,0.0062866
0.0066681,0.0048523,0.0050659,0.0036011,0.0059814,0.0070648
0.0066376,0.004837,0.0033875,0.0019073,0.0077057,0.008316
0.007431,0.004776,0.0034943,0.0023804,0.0074463,0.0089722
0.0069122,0.006012,0.0045166,0.0038452,0.0077209,0.0063782
0.0045471,0.0055695,0.0058289,0.0040894,0.0065613,0.0040588
0.0035553,0.003952,0.0044403,0.0019684,0.0033569,0.0036926
0.0018158,0.0019531,-0.00073242,-0.0018158,0.001236,0.0010376
-0.0010834,-0.0023193,-0.0045319,-0.0055542,-0.0016174,-0.0012665
-0.0033569,-0.0067444,-0.0068207,-0.0083313,-0.0046082,-0.002182
-0.0057983,-0.0087891,-0.0099792,-0.010681,-0.0069885,-0.0047913
-0.0074158,-0.009613,-0.011017,-0.012421,-0.0089569,-0.006897
-0.0088196,-0.011139,-0.010941,-0.011887,-0.0085297,-0.0083923
-0.011353,-0.012024,-0.012283,-0.010208,-0.0088959,-0.010315
-0.01239,-0.012497,-0.013184,-0.010574,-0.010834,-0.011337
-0.012238,-0.01326,-0.013016,-0.012238,-0.011536,-0.012146
-0.012558,-0.012009,-0.011841,-0.012604,-0.012466,-0.012939
-0.011734,-0.009903,-0.0099487,-0.012329,-0.013504,-0.013107
-0.010529,-0.0091095,-0.0090332,-0.010788,-0.014206,-0.01297
-0.0093079,-0.0086823,-0.0084991,-0.0083008,-0.013763,-0.012619
-0.0084839,-0.0066986,-0.0076752,-0.0073242,-0.010544,-0.011154
-0.0088501,-0.004776,-0.0065002,-0.0062256,-0.0080719,-0.0098572
-0.0080414,-0.0055237,-0.0040894,-0.0051575,-0.008194,-0.0099945
-0.0068512,-0.006134,-0.0029755,-0.0045776,-0.0090179,-0.0082245
-0.0058136,-0.0052948,-0.0040741,-0.0033112,-0.0088959,-0.0057068
-0.0042725,-0.0039215,-0.0039215,-0.0023346,-0.0062408,-0.0059662
-0.0036926,-0.00177,-0.0023956,-0.00062561,-0.0035248,-0.0052338
-0.0029144,-0.00042725,-0.00097656,0.00091553,-0.0020752,-0.0015717
-0.00027466,-0.00027466,0.00022888,0.0010834,0.0012817,0.0014496
0.0023041,-1.5259e-05,-7.6294e-05,0.0022736,0.0034943,0.0023193
0.0020752,0.00079346,0.00028992,0.0040741,0.0027161,0.0024719
0.0005188,0.00071716,0.0019836,0.004776,0.0033264,0.0028076
-4.5776e-05,-0.00041199,0.0014191,0.0043945,0.003891,0.0021362
-0.00093079,-0.00062561,0.0019379,0.0040894,0.0029297,-0.00042725
-0.0028992,-0.0002594,0.0039215,0.0042114,0.0014343,-0.0031128
-0.0028992,-0.00080872,0.0023956,0.00354,-0.00082397,-0.0027008
-0.0012207,-0.002121,6.1035e-05,0.0012817,-0.0005188,0.00032043
-0.0010376,-0.0026398,-0.0017853,-0.0005188,0.002594,0.0016785
-0.00090027,-0.0024109,-0.0032043,0.00068665,0.0028076,0.0022125
-0.00024414,-0.0019836,-0.0015717,0.0020142,0.0019989,0.0027313
-0.00048828,-0.0014038,-9.1553e-05,0.0020294,0.0027924,3.0518e-05
-0.0016479,-0.0015411,0.00088501,0.0031586,0.0011902,-0.0027008
-0.0028076,-0.0015411,0.0018463,0.0036774,9.1553e-05,-0.0023499
-0.0014648,-0.0012665,-0.00021362,0.0020905,0.0013885,-0.00083923
0.00064087,-0.00090027,-0.0014801,0.0007782,0.00073242,0.00010681
0.00093079,0.00068665,-0.00048828,0.0007019,-4.5776e-05,0.00030518
0.00064087,0.0018463,0.0011749,0.0013885,0.00071716,0.00018311
0.00076294,0.0024719,0.0036316,0.0032196,0.00064087,-0.00033569
0.0023956,0.0033264,0.0048065,0.0048218,0.0010986,0.00027466
0.0033112,0.0046234,0.0057068,0.0048828,0.0024719,0.0012054
0.0034637,0.0062256,0.0066376,0.0048218,0.0027008,0.0014648
0.0042725,0.004776,0.0053711,0.0046844,0.0024567,0.0025177
0.0027618,0.0032501,0.0040894,0.0047913,0.003067,0.0027008
0.0018921,0.0039978,0.0047302,0.0050354,0.0042267,0.002533
0.0034027,0.003952,0.0046692,0.0036926,0.0044708,0.0042267
0.0041199,0.0036316,0.0032806,0.00177,0.0042419,0.0054626
0.0057831,0.0029907,0.0023193,0.00065613,0.0036163,0.0059509
0.0068054,0.003067,0.0014191,0.00088501,0.0028229,0.0065765
0.0054169,0.003952,0.0012207,0.0018768,0.0035248,0.0053253
0.0050354,0.004364,0.0025787,0.0024261,0.0045166,0.003952
0.0045471,0.0045013,0.0031738,0.0017242,0.0045776,0.0043945
0.0041351,0.003418,0.002594,0.0002594,0.003418,0.0054626
0.0056,0.0026703,0.0023346,0.00054932,0.0023651,0.0059204
0.0057678,0.0035248,0.0016937,0.0020599,0.0036163,0.0045319
0.0051117,0.0035248,0.001297,0.0029144,0.0048981,0.0040741
0.0058594,0.0034332,0.0013885,0.002182,0.0043488,0.0055695
0.0067902,0.0036926,0.0010376,0.00053406,0.0043793,0.0055695
0.0060272,0.0026855,0.00074768,0.00080872,0.0046997,0.0049744
0.0029602,0.0026245,0.0012665,0.00177,0.0037079,0.0043182
0.0016937,0.002121,0.0027924,0.0012665,0.0021667,0.0020447
0.0025482,0.00047302,0.0027008,1.5259e-05,-0.00039673,-0.00021362
0.0010529,0.0010071,0.00065613,-0.00099182,-0.0024719,-0.0015411
-0.00057983,0.0007019,-0.00073242,-0.0024719,-0.0026398,-0.0032043
-0.00177,-0.0011902,-0.0028534,-0.0048828,-0.0032806,-0.0043182
-0.00354,-0.0021362,-0.004425,-0.0054169,-0.0047455,-0.0039673
-0.0034943,-0.0034485,-0.0032959,-0.0050201,-0.0049591,-0.0041504
-0.0031738,-0.0032806,-0.0026855,-0.0046844,-0.0034027,-0.0041656
-0.0021667,-0.00082397,-0.0017395,-0.0022125,-0.0022736,-0.0031281
9.1553e-05,0.00016785,0.00090027,0.00012207,-0.0016327,-0.0017853
0.00061035,0,0.0017242,0.00082397,0.00067139,-0.00022888
0.00079346,-0.0002594,0.00079346,0.00076294,0.0032806,0.0012665
0.0020599,-1.5259e-05,0.00057983,0.00093079,0.0041199,0.0024261
0.0040131,0.0025177,0.0018311,0.0019989,0.0034027,0.0031586
0.0056305,0.0041199,0.0039825,0.0019073,0.0027924,0.0039673
0.0048523,0.0042877,0.0052032,0.0024109,0.0030823,0.0042114
0.0042572,0.0050812,0.0058441,0.0045929,0.0040741,0.0035095
0.0044098,0.0044098,0.0059814,0.0047913,0.0043945,0.0024872
0.0032043,0.0039673,0.0055695,0.0042419,0.0039368,0.0025635
0.0036163,0.0041809,0.0049133,0.0038605,0.0054321,0.0036469
0.0045471,0.0035248,0.0030518,0.0029602,0.0053101,0.0040741
0.0031281,0.0034027,0.0033569,0.0021057,0.0029449,0.0031128
0.0012207,0.0033722,0.0047455,0.0014801,0.0028839,0.00097656
0.00053406,0.0023956,0.0037689,0.0019073,0.0028381,0.001236
0.0011902,0.00086975,0.0034332,0.002182,0.0036774,0.0022736
0.0020752,0.00091553,0.0030212,0.0022278,0.0051422,0.0020294
0.0030518,0.0024414,0.0019073,0.0027466,0.0044861,0.0037079
0.0038452,0.0028076,0.0019073,0.0014954,0.0043793,0.0053253
0.004303,0.0027466,0.0015106,-0.00093079,0.0041199,0.0041962
0.003952,0.0032196,0.0010986,-0.0010986,0.0022736,0.0024567
0.0029602,0.0027771,0.0015259,-0.00057983,0.0005188,0.0014954
0.0028381,0.001236,0.00021362,-0.0023499,-0.00054932,0.00030518
0.0015259,1.5259e-05,-0.00073242,-0.003479,-0.0016174,-0.00086975
-0.00042725,-0.00016785,0.00027466,-0.0029297,-0.0031586,-0.0010376
-0.00042725,-0.0015411,-0.0014191,-0.0035858,-0.0033569,-0.0014648
-0.00073242,-0.0041046,-0.0050201,-0.0041046,-0.0023956,-0.0028534
-0.0028076,-0.0039673,-0.0063324,-0.0041656,-0.002182,-0.003418
-0.0048218,-0.0033417,-0.0047607,-0.0050812,-0.0032959,-0.0034027
-0.004837,-0.0048065,-0.0037079,-0.0057373,-0.0047607,-0.0032196
-0.0047455,-0.0046539,-0.0041199,-0.0041962,-0.0042419,-0.0037689
-0.0052643,-0.0041962,-0.0026703,-0.00053406,-0.0041656,-0.0056152
-0.0046387,-0.0052032,-0.002121,4.5776e-05,-0.0039978,-0.0054626
-0.0050201,-0.0048523,-0.0037231,-0.0025024,-0.0021057,-0.0046082
-0.005127,-0.0043182,-0.003952,-0.0036621,-0.0030518,-0.0037689
-0.0041199,-0.0046997,-0.0037079,-0.0043335,-0.0050507,-0.0023041
-0.0031433,-0.004364,-0.0044403,-0.0051727,-0.0050201,-0.0022583
-0.001358,-0.0022583,-0.0032806,-0.0039978,-0.0039368,-0.002533
-0.0013123,0.00054932,0.00027466,-0.0011139,-0.0022888,-0.0030212
-0.0021362,0.0015717,0.0023346,0.0013885,-0.0017242,-0.0032501
-0.0014496,0.0015411,0.0036469,0.0020905,-0.00041199,-0.0014648
0.0009613,0.0031433,0.0050812,0.002594,0.0032196,0.00053406
0.0037842,0.005661,0.0057068,0.0055847,0.0048523,0.0016327
0.0045471,0.0066528,0.0077209,0.0080261,0.0048828,0.004303
0.006073,0.0072021,0.0098114,0.0077209,0.0072784,0.0070953
0.0084381,0.0094299,0.010605,0.0077972,0.0093994,0.0071564
0.0089722,0.011078,0.010971,0.0084229,0.0088806,0.0084839
0.010269,0.0097046,0.0094757,0.0069122,0.0084686,0.0103
0.011307,0.0090027,0.0079041,0.0053864,0.0092316,0.0097351
0.010635,0.010498,0.0093536,0.0064697,0.0094147,0.010529
0.011139,0.010147,0.01001,0.0073547,0.0093689,0.011063
0.010513,0.0086212,0.0085754,0.0062866,0.010086,0.0096283
0.0088959,0.0085602,0.008667,0.0048828,0.0091553,0.0088806
0.009552,0.008606,0.0076141,0.0043488,0.0066528,0.0085907
0.0093079,0.0069427,0.0044098,0.0026855,0.0061646,0.0085449
0.0078278,0.0048981,0.0032959,0.0007782,0.0069427,0.0089569
0.0073853,0.0051575,0.0038452,0.0023041,0.0069275,0.0080872
0.0074005,0.0066376,0.0052643,0.0045013,0.0065765,0.0061188
0.0074615,0.0069122,0.0077515,0.0045166,0.0065002,0.0054779
0.0065765,0.0062408,0.0073853,0.003067,0.0059204,0.0049591
0.0054932,0.0048523,0.0044861,0.002121,0.0046082,0.0037689
0.0042267,0.0031128,0.0027618,0.00088501,0.0039673,0.004303
0.001297,0.0018768,0.0015869,-0.0018768,0.0035553,0.0037994
-0.00062561,0.00035095,0.00067139,-0.0024109,0.0016327,0.0007782
1.5259e-05,-0.0011139,-0.00024414,-0.0017853,-0.00030518,-0.0015259
-0.0007019,-0.0016479,-0.0016785,-0.0025024,-0.0012512,-0.0022278
-0.0031281,-0.0021057,-0.0019531,-0.0031128,-0.0026855,-0.0019836
-0.003479,-0.0025482,-0.0010681,-0.0035248,-0.0024872,-0.0028992
-0.0027466,-0.0017395,-0.0010223,-0.0033264,-0.00056458,-0.00383
-0.0029144,-0.0010071,-0.0016174,-0.0036469,-0.00050354,-0.0029755
-0.0027161,-0.0016785,-0.0021973,-0.004776,-0.0024414,-0.0020905
-0.0018463,-0.0023651,-0.0037537,-0.0056458,-0.0035248,-0.0015869
-0.0016632,-0.0030975,-0.005249,-0.0060577,-0.0041351,-0.0026703
-0.003006,-0.0035248,-0.0053406,-0.0048676,-0.0054932,-0.0045929
-0.0047302,-0.003891,-0.0041962,-0.0043945,-0.0048981,-0.0056915
-0.0058746,-0.0052643,-0.0030823,-0.0044861,-0.0039978,-0.0062714
-0.0070343,-0.0056458,-0.0041351,-0.0040588,-0.0046082,-0.0061188
-0.0062561,-0.0052338,-0.0065002,-0.0059052,-0.0051422,-0.0056
-0.0045929,-0.0050507,-0.0071869,-0.0076141,-0.0066376,-0.005249
-0.0057068,-0.0051422,-0.006485,-0.0070801,-0.0081024,-0.0064392
-0.0068359,-0.0067444,-0.0059662,-0.0057983,-0.0083313,-0.0080414
-0.0068054,-0.0077057,-0.0062866,-0.0053253,-0.0081482,-0.0085907
-0.0083771,-0.0074921,-0.0071564,-0.0061188,-0.0070801,-0.0089874
-0.0094604,-0.0078735,-0.0080872,-0.006424,-0.0065155,-0.0086212
-0.0079041,-0.0077667,-0.0094299,-0.0073853,-0.0082092,-0.008194
-0.0064697,-0.0075378,-0.0094147,-0.0085602,-0.0099945,-0.0076904
-0.0064697,-0.0073242,-0.0081024,-0.0080719,-0.0098572,-0.0073395
-0.0068359,-0.0067139,-0.0079041,-0.0071259,-0.0090179,-0.0087128
-0.007019,-0.0072479,-0.0079346,-0.006073,-0.0080872,-0.0095062
-0.007782,-0.0079498,-0.0075684,-0.0054321,-0.0070648,-0.0090027
-0.0091553,-0.0075684,-0.0069427,-0.0052185,-0.0076447,-0.0084076
-0.0089417,-0.0068665,-0.0048065,-0.0041046,-0.0077515,-0.0078735
-0.0066223,-0.005249,-0.0030212,-0.0022125,-0.0055389,-0.0066681
-0.0041656,-0.002655,-0.0028381,-0.0010834,-0.0032806,-0.0045471
-0.0020447,-0.00039673,-0.00093079,-0.00033569,-0.0015717,-0.0024261
0.00036621,0.00056458,0.0014343,0.0017548,-0.00083923,-0.00061035
0.00012207,0.0019073,0.001709,0.0029755,-0.00047302,-0.0011139
-0.0010681,0.0033417,0.0025635,0.0029297,0.0005188,-0.0018005
0.00012207,0.00094604,0.0038757,0.004364,0.00082397,-0.00090027
-0.0004425,-0.0018005,0.0031128,0.0048523,0.00038147,-0.00097656
-0.0023804,-0.0010681,0.0020599,0.0034637,0.00018311,-0.0010376
-0.0020447,-0.00048828,0.0019226,0.0025024,0.00086975,-0.0012054
-0.0014038,-0.00048828,1.5259e-05,0.0017853,0.00079346,-0.0026245
-0.0020599,-0.00033569,-0.0010071,0.0010376,-0.0011902,-0.0032501
-0.00099182,-0.00027466,0.00021362,-0.00047302,-0.0016937,-0.0012665
0.0018768,0.0012817,0.00021362,-0.0007019,-0.00056458,0.0004425
0.0045624,0.0030823,0.0010223,0.00177,0.00056458,0.0018158
0.0075531,0.0042725,0.0022278,0.0030823,0.0031586,0.0056152
0.0088348,0.0057526,0.0025024,0.003479,0.0055695,0.0076599
0.0075531,0.0057983,0.0035248,0.0042267,0.0065308,0.0075226
0.0064545,0.0045471,0.003891,0.0045319,0.0067444,0.0082855
0.0067139,0.0041962,0.00354,0.005722,0.0072479,0.0081635
0.0078583,0.005127,0.0051422,0.0066986,0.0086212,0.0080872
0.0084229,0.0075073,0.0077057,0.0069733,0.0090485,0.0091248
0.0083466,0.008255,0.0084686,0.0071564,0.0083923,0.0094147
0.0083466,0.0069427,0.0070801,0.0062866,0.0075073,0.0086975
0.0073242,0.0067139,0.0051422,0.004715,0.0076294,0.0079498
0.0057831,0.0060272,0.0049744,0.0039978,0.0073395,0.0065155
0.0047302,0.0048981,0.0049133,0.0045471,0.0055695,0.0052948
0.0038605,0.0029602,0.0036774,0.0042877,0.0053253,0.0053558
0.0032196,0.0010376,0.0030823,0.0045929,0.0056763,0.0039368
0.001709,0.002182,0.0046539,0.0056915,0.0055847,0.0017853
-0.00015259,0.0031433,0.006546,0.0046234,0.005127,0.0011292
0.00019836,0.0027466,0.0038605,0.0024414,0.0039673,0.00097656
-3.0518e-05,0.0018616,0.00094604,0.00061035,0.0023499,-0.0002594
-0.0021057,0.00048828,0.0016174,-7.6294e-05,-0.00068665,-0.0019684
-0.0029907,-0.00061035,0.0011292,-0.00036621,-0.0017548,-0.0029907
-0.0039063,-0.0020752,0.00061035,-0.00053406,-0.0012207,-0.0044098
-0.0037231,-0.0018616,0.0012207,-0.00032043,-0.0016479,-0.0041351
-0.0017395,-7.6294e-05,0.00059509,-0.00094604,-0.0009613,-0.0018463
-0.00053406,0.00053406,-0.00038147,-0.0017548,-0.00097656,-0.00036621
0.00012207,0.00067139,-0.00047302,-0.0029755,-0.0015259,7.6294e-05
-0.0010681,0.0002594,4.5776e-05,-0.0025787,-0.0016022,-0.0019379
-0.0037079,-0.0019531,0.00022888,-0.0013123,-0.0027466,-0.0046234
-0.0052338,-0.0038147,-0.0018158,-0.0033417,-0.003418,-0.0047607
-0.005249,-0.0045319,-0.0051422,-0.0051117,-0.0033112,-0.0042725
-0.0038757,-0.0053711,-0.006012,-0.0049286,-0.0037384,-0.0036774
-0.0022888,-0.0045929,-0.0053101,-0.0047913,-0.0037689,-0.0024719
-0.0014343,-0.0031281,-0.0047607,-0.0039368,-0.0018311,-0.0014801
-0.00065613,-0.0023499,-0.0034943,-0.0031738,0.00033569,-0.00057983
0.00018311,-0.00068665,-0.002182,-0.0029449,-0.00086975,0.0004425
0.00035095,-0.00035095,-0.0020447,-0.0023956,-0.0024109,0.0005188
-0.00027466,-0.0024567,-0.0032349,-0.0019531,-0.00012207,-0.00056458
-0.0016632,-0.0034637,-0.0041199,-0.0016937,0.0011902,-0.00080872
-0.0020599,-0.0029297,-0.0026855,-0.0011902,6.1035e-05,-0.00059509
-0.0009613,-0.0019836,-0.0012207,-0.00038147,0.00021362,-0.00068665
-0.00083923,0.00016785,-0.0007782,0.00033569,0.00065613,-0.00064087
-0.0010529,0.0014954,0.00019836,0.00071716,0.00047302,-0.00099182
-0.00062561,0.00048828,0.0012512,0.00076294,0.00013733,-0.00047302
-0.00012207,-0.00064087,0.0013123,0.00094604,0.00088501,0.0010681
0.00074768,-0.00062561,-0.00024414,0.0016937,0.0027771,0.0022125
0.0016632,-0.00027466,-0.001236,0.0021973,0.0037689,0.0024872
0.0016174,0.0004425,0,0.0015717,0.0032806,0.002594
0.0012665,0.0010834,0.0010529,0.00053406,0.0016785,0.0028687
0.0018768,0.00062561,0.00071716,0.0010529,0.00086975,0.0016174
0.0019836,0.0016327,0.0010223,0.0016174,0.0010376,-0.00085449
0.0012054,0.002655,0.0014343,0.00024414,0.00053406,-0.0005188
0.001358,0.0016022,-0.0012207,-0.0016479,-0.00033569,0.0027618
0.0023956,0.00065613,-0.0034637,-0.0037079,-0.00042725,0.0031891
0.0020142,-0.0011902,-0.0033417,-0.0049286,-0.00071716,0.0010376
0.00050354,-0.0024567,-0.004425,-0.0045319,-0.0016785,0.00088501
0.00062561,-0.0027008,-0.0052032,-0.0040741,-0.001297,0.00073242
0.00033569,-0.0027008,-0.0050659,-0.0035858,-0.00064087,-0.00088501
-0.0015717,-0.0016632,-0.0039978,-0.0025635,-0.0009613,-0.0015564
-0.0016174,-0.0025787,-0.0019684,-0.0018005,-0.0011902,-0.00062561
-0.00027466,-0.0028992,-0.0016632,-0.0014496,-0.001709,-0.00024414
-0.0004425,-0.00047302,-0.0010834,-0.0013733,-0.0013885,-0.0010376
-0.0014954,0.00035095,0.00042725,-0.0010529,-0.0011902,-0.0015259
-0.0013428,0.00010681,0.00071716,-0.0010986,-0.0023651,-0.0014191
0.00038147,0.00067139,0.00032043,-0.0016937,-0.00083923,0.00018311
0.0024872,0.0018005,-7.6294e-05,-0.00094604,0.0012665,0.0023499
0.0037384,0.0034332,0.0014954,0.0015259,0.0015106,0.0026093
0.003952,0.0044708,0.0039063,0.0034027,0.0023651,0.0029602
0.0044098,0.0050964,0.0041504,0.003479,0.0031738,0.0042572
0.0062866,0.0053711,0.0046844,0.0038605,0.004303,0.0044403
0.0072021,0.0057831,0.0048981,0.0045929,0.0049133,0.0049896
0.0067596,0.0057373,0.0040131,0.0045624,0.004715,0.0067596
0.0074768,0.0044861,0.0045166,0.0042877,0.0060883,0.0077972
0.0079956,0.0057983,0.0053406,0.0043182,0.0077972,0.0078735
0.0076904,0.007431,0.0069427,0.0054779,0.0081787,0.0078125
0.0081787,0.0070953,0.0088196,0.0069427,0.0079803,0.0077515
0.008194,0.0081635,0.0085297,0.0074158,0.0071411,0.0065155
0.0070343,0.0085297,0.0066528,0.0054779,0.0052795,0.0049438
0.0062408,0.0068054,0.0048828,0.0018921,0.0041962,0.0051117
0.006073,0.0039063,0.0040283,0.00038147,0.0044556,0.0057526
0.0041504,0.0013275,0.0024719,0.0020752,0.0031128,0.0044708
-0.00030518,-0.00013733,0.0014648,0.0030212,0.00076294,0.0010986
-0.0034485,-0.0017242,0.00056458,0.00048828,0.00079346,-0.0018463
-0.0038605,-0.0019989,-0.0023499,-0.0023804,0.00035095,-0.0026245
-0.003479,-0.0027618,-0.0023804,-0.0040131,-0.0016022,-0.0021057
-0.0020599,-0.0037994,-0.0018616,-0.0043945,-0.0017853,-0.0018463
-0.0014648,-0.0026855,-0.0033112,-0.0035248,-0.0019379,-0.001297
-0.0028381,-0.0028076,-0.0026703,-0.0029297,-0.0036926,-0.00050354
-0.0024261,-0.0032196,-0.0033417,-0.0032196,-0.003891,-0.0024719
-0.0013275,-0.0027924,-0.0052185,-0.0040741,-0.0018311,-0.0041199
-0.002182,-0.0037994,-0.0039215,-0.0030975,-0.0018463,-0.0024261
-0.0029297,-0.0035095,-0.0017853,-0.0018158,-0.0031586,-0.0020294
-0.0034637,-0.0023651,-0.0019226,-0.0026398,-0.0033569,-0.0038452
-0.0050812,-0.0027008,-0.0017242,-0.0028687,-0.0043488,-0.0049286
-0.0064087,-0.0034637,-0.0012512,-0.0031891,-0.0043793,-0.0049591
-0.0057678,-0.0045013,-0.0027161,-0.0040894,-0.0036469,-0.0052338
-0.0045013,-0.0042725,-0.0026093,-0.0031281,-0.004425,-0.0060425
-0.0054321,-0.0032196,-0.0014801,-0.0014191,-0.0054321,-0.00737
-0.0063782,-0.0028992,-0.0016022,-0.0018463,-0.0065308,-0.0086365
-0.0054932,-0.0037231,-0.0029144,-0.00383,-0.0065765,-0.0073395
-0.0059509,-0.0053864,-0.0057831,-0.0059357,-0.0053711,-0.005661
-0.0075836,-0.005722,-0.0075073,-0.006897,-0.0055389,-0.0062561
-0.0084229,-0.0077209,-0.0075531,-0.0052032,-0.0064392,-0.0063477
-0.0088043,-0.011246,-0.0085144,-0.004303,-0.0060425,-0.0066833
-0.0099487,-0.011017,-0.0087738,-0.0052338,-0.0057068,-0.0084534
-0.010864,-0.0093994,-0.0074005,-0.0053406,-0.0067291,-0.0088348
-0.0090637,-0.0079956,-0.0074463,-0.0052643,-0.0072174,-0.0082092
-0.0074768,-0.0062256,-0.0074921,-0.0056305,-0.007019,-0.0078888
-0.008255,-0.0065155,-0.006424,-0.0058136,-0.0089111,-0.0081635
-0.0096436,-0.0083008,-0.0065308,-0.0051117,-0.011246,-0.010193
-0.011475,-0.0095367,-0.0072784,-0.0054016,-0.010452,-0.012466
-0.011826,-0.0095673,-0.0075073,-0.0059662,-0.0092926,-0.012161
-0.010056,-0.0090179,-0.0070801,-0.004837,-0.0093384,-0.010559
-0.0089874,-0.0084991,-0.0065918,-0.003891,-0.0081787,-0.0099335
-0.0092926,-0.0067596,-0.0057678,-0.003479,-0.0081024,-0.0093536
-0.0091553,-0.0054169,-0.004425,-0.0040894,-0.009964,-0.0087128
-0.0072937,-0.0056152,-0.0049438,-0.0053101,-0.0097046,-0.0084229
-0.0062103,-0.0052185,-0.0067596,-0.004715,-0.0079346,-0.0079498
-0.0066986,-0.0053711,-0.0070801,-0.0034637,-0.0080109,-0.0078278
-0.006424,-0.0065002,-0.0065308,-0.0037994,-0.0087891,-0.0072784
-0.006958,-0.0063019,-0.0065613,-0.0047302,-0.0084534,-0.0069122
-0.0079193,-0.0062561,-0.0067444,-0.0047455,-0.0080109,-0.0071564
-0.0072479,-0.0075836,-0.007019,-0.0046844,-0.0081329,-0.0066376
-0.0069885,-0.0077057,-0.0090332,-0.0053101,-0.0087738,-0.0070038
-0.006897,-0.0079803,-0.010239,-0.0058441,-0.0092926,-0.0078583
-0.0072784,-0.0090637,-0.0084229,-0.0064697,-0.0097656,-0.008606
-0.0095215,-0.0081482,-0.0081329,-0.0064087,-0.011154,-0.010406
-0.0098724,-0.0073547,-0.0091705,-0.0054626,-0.011581,-0.010498
-0.0078278,-0.0080566,-0.0093231,-0.0056915,-0.0099945,-0.0084381
-0.0064545,-0.0077209,-0.009552,-0.0053558,-0.0077667,-0.0061188
-0.0052032,-0.006073,-0.0086212,-0.0037537,-0.0063324,-0.004425
-0.003891,-0.0051727,-0.0066681,-0.0029144,-0.0067444,-0.0044098
-0.0024414,-0.0040283,-0.0046997,-0.002121,-0.0080414,-0.0044098
-0.00082397,-0.0010834,-0.0036163,-0.0010529,-0.0072479,-0.0041962
-0.0005188,0.00039673,-0.0031433,6.1035e-05,-0.0036163,-0.0033417
-0.00039673,-3.0518e-05,-0.0026245,0.0019379,-0.00036621,-0.00028992
0.00093079,-0.00022888,-0.0015411,0.0038605,0.00090027,0.0016937
0.0018005,-0.00057983,0.00074768,0.0049286,0.0018005,0.0030365
0.0026093,7.6294e-05,0.0019684,0.0054169,0.0040436,0.0050507
0.0041351,0.0021515,0.0016022,0.0062103,0.0053864,0.0053406
0.0047302,0.0032349,0.0031128,0.0084686,0.0045166,0.0050659
0.0046539,0.0041504,0.0056763,0.0096893,0.0054474,0.0053253
0.0045624,0.0055389,0.0048676,0.0082245,0.0077362,0.0058289
0.0048828,0.0045624,0.0042419,0.0077362,0.0080872,0.0061798
0.0054321,0.0043793,0.0062714,0.0088196,0.0072784,0.0068512
0.0061035,0.006134,0.0063019,0.0094299,0.0081329,0.008606
0.0079956,0.0060883,0.0056305,0.0093536,0.01033,0.0099945
0.0086975,0.0063324,0.0066833,0.0097351,0.011185,0.010757
0.008194,0.0063477,0.007431,0.010574,0.011536,0.011124
0.0091705,0.0061798,0.007843,0.010498,0.011032,0.011017
0.0097961,0.0076447,0.0087738,0.010315,0.0092926,0.010727
0.0092926,0.008255,0.0091553,0.0096283,0.0097961,0.0097961
0.0088806,0.0085144,0.0089111,0.0085449,0.011414,0.0094757
0.008194,0.0079651,0.0088501,0.0094757,0.010757,0.0097809
0.0072937,0.0070496,0.0096436,0.010056,0.0098724,0.0089264
0.0074615,0.0078278,0.01088,0.0090027,0.010025,0.0085754
0.008667,0.0086975,0.011276,0.0090179,0.0097656,0.0084229
0.0095367,0.0097809,0.010849,0.0095062,0.010147,0.0085602
0.010391,0.011154,0.010361,0.0096588,0.011673,0.011017
0.010849,0.011536,0.010757,0.0091858,0.013107,0.011719
0.010315,0.010681,0.011398,0.0088043,0.013214,0.010239
0.0093536,0.0093842,0.011017,0.0096283,0.01152,0.010208
0.0088196,0.0082703,0.0098267,0.0079498,0.0098267,0.010086
0.0095673,0.0071259,0.0081787,0.0050201,0.0093079,0.0089874
0.0095062,0.0066986,0.0068512,0.0048523,0.0095673,0.0086365
0.0080109,0.0066528,0.0062408,0.0046539,0.010773,0.0096588
0.0081635,0.0066071,0.0063477,0.0043793,0.011139,0.010391
0.0097504,0.0074615,0.0077057,0.005249,0.011032,0.01004
0.01088,0.0081024,0.0087585,0.0063477,0.011826,0.010452
0.012253,0.0080414,0.0087738,0.0064392,0.011734,0.011765
0.012512,0.0085602,0.0087738,0.004837,0.011429,0.012192
0.0099792,0.0090637,0.0093536,0.0045776,0.010849,0.011887
0.0078583,0.0085449,0.010025,0.0049133,0.0094757,0.01004
0.0083008,0.0081177,0.0081635,0.0032043,0.0085144,0.0071564
0.0080109,0.0081482,0.0058899,0.0015259,0.0072632,0.0050964
0.0059357,0.0074615,0.0056763,0.0011444,0.0052795,0.0041504
0.0060272,0.005127,0.0050964,0.00039673,0.0037384,0.0052338
0.0065155,0.00354,0.0048676,0,0.0045013,0.0054169
0.0045471,0.0044708,0.0060425,0.002594,0.0065155,0.0053558
0.0037537,0.0050964,0.0068054,0.0049286,0.0076599,0.0057678
0.004364,0.0059052,0.0066986,0.0039063,0.007782,0.0040588
0.0048523,0.0075073,0.0074768,0.0026398,0.0067596,0.0040131
0.0062866,0.0073547,0.0083618,0.0024719,0.0058594,0.0059204
0.0084839,0.0072937,0.0075684,0.0025482,0.0072174,0.0081024
0.0098114,0.0081329,0.0069275,0.0036469,0.009613,0.010132
0.0095673,0.0089417,0.0083008,0.0057068,0.010315,0.010315
0.0099792,0.010361,0.011505,0.0066681,0.010452,0.010818
0.011292,0.011047,0.012375,0.0062714,0.011246,0.011185
0.012268,0.011292,0.011078,0.0061798,0.01062,0.010361
0.012665,0.0121,0.01207,0.0060883,0.0088196,0.01062
0.011612,0.012146,0.012497,0.0050354,0.0087891,0.010071
0.0092926,0.011292,0.010559,0.0039673,0.0093079,0.0074768
0.0070343,0.0088959,0.0085907,0.0032501,0.008194,0.0059052
0.0057831,0.0058594,0.0062103,0.0016632,0.0070801,0.0049744
0.0043335,0.0040131,0.0036011,-0.00010681,0.0052185,0.0039215
0.0032043,0.0013123,0.0021057,-0.0023651,0.0028076,0.0038147
0.0026245,-0.00042725,-0.00019836,-0.0057526,0.00074768,0.0030365
0.0015106,1.5259e-05,-0.0023193,-0.0072632,-0.0021515,0.0009613
0.0011292,-0.0010376,-0.0026703,-0.0072937,-0.0025177,-0.00050354
0.00073242,-0.002182,-0.0036163,-0.0068054,-0.0023041,-0.0004425
-0.00024414,-0.0024872,-0.0037231,-0.0059509,-0.0042572,-0.00091553
-0.002182,-0.0033417,-0.0035095,-0.0067139,-0.0039368,-0.0024567
-0.0041046,-0.0041046,-0.0044556,-0.0075989,-0.0022736,-0.0033417
-0.0037689,-0.0039673,-0.0046234,-0.0068817,-0.0012207,-0.0039368
-0.0027618,-0.0023041,-0.0038452,-0.0054321,-0.0018768,-0.0031891
-0.0015106,-0.0010986,-0.0021057,-0.0055847,-0.0040131,-0.0022583
-0.00080872,-0.00061035,-0.00062561,-0.0054321,-0.0045013,-0.0030823
-0.0025787,-0.00010681,-1.5259e-05,-0.0034485,-0.0047455,-0.0035553
-0.003891,-0.0010376,-0.00048828,-0.0036774,-0.0044556,-0.00383
-0.0021973,-0.0023499,-0.0020142,-0.004425,-0.002533,-0.0025177
-0.0014191,-0.0031433,-0.0028839,-0.0039215,-0.001236,-0.00062561
-0.0027161,-0.0024414,-0.0032349,-0.0037231,-0.0012512,-0.0010986
-0.0024719,-0.0019073,-0.0024567,-0.0026398,-0.0012207,-0.00079346
-0.0029755,-0.0040894,-0.0020599,-0.0029144,-0.0012665,-0.0013733
-0.005249,-0.0056,-0.0038605,-0.0045166,-0.0025024,-0.0031891
-0.0053406,-0.0051117,-0.0051575,-0.0049591,-0.0027008,-0.0034943
-0.0043335,-0.005188,-0.0059814,-0.0058289,-0.0028839,-0.004303
-0.0047913,-0.0059509,-0.0063477,-0.0063477,-0.0046082,-0.0048065
-0.006073,-0.0056,-0.0059662,-0.0071716,-0.0061798,-0.0047913
-0.0068665,-0.0054016,-0.0065765,-0.0084534,-0.007843,-0.0060425
-0.0064545,-0.0062408,-0.0065155,-0.0079651,-0.0077057,-0.0071106
-0.0063934,-0.0057831,-0.0055389,-0.007431,-0.006546,-0.0070038
-0.0066681,-0.0041046,-0.0045166,-0.0057678,-0.0070496,-0.006546
-0.0046234,-0.002655,-0.003418,-0.0043945,-0.0068207,-0.0054779
-0.0011292,-0.0022125,-0.004303,-0.0053253,-0.0054932,-0.0042572
-0.00053406,-0.0010834,-0.0041656,-0.0041351,-0.0042572,-0.00383
-0.0026245,7.6294e-05,-0.0017242,-0.0022736,-0.0036316,-0.0031433
-0.0027313,-0.0020599,-0.00061035,-0.0020447,-0.0033569,-0.0022736
-0.0014648,-0.0033112,-0.00038147,-0.0020294,-0.002121,-0.0019531
-0.0015411,-0.00090027,-0.00057983,-0.0011139,-0.0014648,-0.0023193
-0.0014343,0.00032043,0.00045776,0.00082397,-0.0015564,-0.0027771
-0.0007782,-0.00015259,0.0015564,0.00041199,-0.00061035,-0.0021057
-0.0013428,0.00024414,-0.00056458,-0.00064087,-0.00027466,-0.0016327
-0.0029907,-0.00097656,-0.002243,-0.00099182,-0.0022125,-0.0027618
-0.0040283,-0.0041962,-0.002121,-0.0031738,-0.0051422,-0.0036163
-0.0046234,-0.0059662,-0.0034332,-0.0052643,-0.0065155,-0.0049438
-0.0063629,-0.006134,-0.0058899,-0.005661,-0.0066986,-0.0070953
-0.007782,-0.0058594,-0.0059357,-0.0049744,-0.0075684,-0.0076294
-0.0070038,-0.0061493,-0.0052795,-0.005127,-0.0072632,-0.0070038
-0.0052032,-0.0064087,-0.0063629,-0.0056763,-0.0058899,-0.0057526
-0.0046539,-0.0049591,-0.0050964,-0.0046082,-0.0052032,-0.0046844
-0.0051727,-0.0041656,-0.0032349,-0.0035858,-0.0043945,-0.0040588
-0.0048981,-0.0038452,-0.0035706,-0.0028229,-0.0036163,-0.0029297
-0.0037537,-0.002182,-0.0028381,-0.0017853,-0.0024109,-0.0018768
-0.0026093,-0.0021973,-0.0018311,-0.0010681,-0.0015259,-0.0021362
-0.0023193,-0.0025177,-0.0012054,0.00027466,-0.0021057,-0.0039215
-0.0033722,-0.0016937,-0.00012207,0.00064087,-0.0027618,-0.0048828
-0.0049744,-0.0024567,-0.00093079,-0.00093079,-0.0036316,-0.0054779
-0.0055542,-0.0031433,-0.002243,-0.0013123,-0.0044403,-0.0055695
-0.0045776,-0.0031738,-0.0015869,-0.001297,-0.0047455,-0.0040283
-0.0040283,-0.0032654,-0.0018768,-0.0019531,-0.0040588,-0.0044708
-0.0045471,-0.0027618,-0.0023193,-0.0014648,-0.0036316,-0.0046082
-0.004837,-0.0036163,-0.0013733,-0.0015259,-0.0046082,-0.0032349
-0.004364,-0.0043335,-0.0024719,-0.0028534,-0.0042725,-0.0034485
-0.003418,-0.0035706,-0.00354,-0.0036469,-0.0032501,-0.0028992
-0.0026703,-0.0040283,-0.0042725,-0.0041199,-0.0037079,-0.0028076
-0.0026703,-0.0040283,-0.006485,-0.0036774,-0.0044861,-0.0038452
-0.0022278,-0.003418,-0.0063171,-0.0029602,-0.0035858,-0.0026703
-0.0010376,-0.0036774,-0.0058594,-0.0036774,-0.0029449,-0.0011292
-0.0017242,-0.0030975,-0.0056,-0.0026855,-0.0039368,-0.0018463
-0.003952,-0.0031738,-0.0037537,-0.00090027,-0.0035858,-0.0031891
-0.0051422,-0.0049438,-0.0037537,-0.0015259,-0.0028076,-0.0040131
-0.0053711,-0.0065613,-0.0051575,-0.001709,-0.0033569,-0.0034332
-0.0053253,-0.006424,-0.0066223,-0.002182,-0.0037689,-0.0031281
-0.0051727,-0.0043335,-0.0054932,-0.0032806,-0.003952,-0.0047455
-0.0057068,-0.0039063,-0.0025482,-0.0024261,-0.0045319,-0.0050659
-0.0064545,-0.0054016,-0.0041046,-0.0015564,-0.0036163,-0.0045624
-0.0066833,-0.0065155,-0.0074921,-0.0015259,-0.0019531,-0.005127
-0.0075378,-0.0076752,-0.00737,-0.0012817,-0.0033875,-0.0059967
-0.0077515,-0.007431,-0.005722,-0.0015106,-0.0055847,-0.006134
-0.0066376,-0.0062561,-0.0051117,-0.0029144,-0.005249,-0.0057526
-0.0061798,-0.0053406,-0.0047455,-0.0032349,-0.0046692,-0.0054016
-0.006134,-0.0049286,-0.0045624,-0.002182,-0.0045013,-0.0046539
-0.005661,-0.0054474,-0.0057983,-0.0018921,-0.0029449,-0.0039673
-0.0047455,-0.0053864,-0.0062561,-0.00090027,-0.0014038,-0.0021973
-0.0033417,-0.0057068,-0.0048676,-0.0005188,-0.0018768,-0.001297
-0.0029602,-0.0049438,-0.0040436,-0.0013428,-0.0033875,-0.002533
-0.00354,-0.0026703,-0.0033722,-0.0013885,-0.0049438,-0.0028534
-0.0029297,-0.0024261,-0.0033417,-0.0028992,-0.0046844,-0.0027161
-0.0022125,-0.0023499,-0.0050659,-0.0032043,-0.0027008,-0.0018311
-0.001236,-0.0023804,-0.0048676,-0.00062561,-0.0016479,-0.00028992
0.0013885,-0.002243,-0.0029755,-0.00054932,-0.00086975,0.0015259
0.003067,0.00074768,-0.0020752,-0.00053406,-0.00030518,0.0032349
0.0036011,0.0030212,9.1553e-05,0.001709,-0.0007782,0.0022888
0.0040283,0.0032806,0.0017395,0.0021515,-0.00079346,0.0013275
0.0035706,0.0043182,0.0015564,0.0020294,0.00022888,0.0018005
0.0028839,0.0047607,0.0024414,0.0031738,0.0016022,0.0021667
0.0029602,0.0039063,0.003479,0.0044403,0.0027008,0.0028534
0.0024567,0.0030823,0.003891,0.0047913,0.0025635,0.0018158
0.0017853,0.0030212,0.0044098,0.0046997,0.0017395,0.00088501
0.0030518,0.0038605,0.0050049,0.0053253,0.0024109,0.0021667
0.0041351,0.0046082,0.0052185,0.0053711,0.0037079,0.004303
0.0051727,0.0049438,0.0053101,0.0054779,0.0056763,0.0074921
0.0072632,0.0062714,0.0057831,0.0076141,0.008606,0.0089874
0.0079041,0.0077972,0.006485,0.0097961,0.0095825,0.0088348
0.0081329,0.0079803,0.0077362,0.0092621,0.0093536,0.0090942
0.0093231,0.0076447,0.0068207,0.0072021,0.0093536,0.0097961
0.009613,0.0066223,0.0049286,0.0060577,0.0099335,0.010544
0.0097961,0.0059509,0.005249,0.0060425,0.010834,0.0112
0.010345,0.0067902,0.0054169,0.0066986,0.010361,0.011917
0.0087433,0.0075684,0.0059662,0.0074615,0.0093384,0.0097046
0.0062561,0.0071106,0.0072632,0.0076752,0.0083618,0.0067902
0.005188,0.0054779,0.0069885,0.0069885,0.0079651,0.0060425
0.004303,0.0042114,0.0056915,0.0062103,0.0073853,0.005188
0.0039215,0.0043335,0.0065155,0.0048676,0.006073,0.004715
0.0041656,0.0056915,0.0079651,0.0033264,0.0051575,0.0041809
0.003952,0.0070801,0.0070343,0.0042267,0.0033875,0.00383
0.0039673,0.0071106,0.007843,0.0051727,0.0031586,0.0038605
0.0045013,0.0072632,0.0089722,0.0054321,0.0051422,0.0032806
0.005722,0.0079498,0.0079346,0.0062561,0.006897,0.0045624
0.0083618,0.0079803,0.0079193,0.0053101,0.0085602,0.0080566
0.010117,0.0091705,0.0079498,0.0050049,0.0092773,0.01062
0.0097351,0.010422,0.0086517,0.0054321,0.009552,0.010544
0.0092316,0.0095978,0.0094757,0.0047302,0.0082245,0.0082703
0.0070038,0.0080719,0.0085602,0.0052185,0.0058746,0.005127
0.0040588,0.0053711,0.0070801,0.0048065,0.004425,0.0024261
0.0028687,0.0029755,0.0045624,0.002182,0.0032806,0.0015411
0.0015564,0.0024872,0.003006,0.00012207,0.0033264,0.0019073
0.00013733,0.0007782,0.0020599,-0.00085449,0.0015869,0.0004425
-0.0013885,-0.0011597,-0.00073242,-0.0020905,-0.00097656,-0.0020599
-0.0028992,-0.0024414,-0.0022278,-0.00383,-0.0023193,-0.0029755
-0.0036774,-0.00383,-0.0027466,-0.0060425,-0.0049744,-0.0038147
-0.0037537,-0.0039673,-0.0041199,-0.0082092,-0.0067596,-0.0047455
-0.0032654,-0.0037384,-0.0050354,-0.0085144,-0.0065918,-0.005249
-0.0042267,-0.0034943,-0.0056,-0.0073395,-0.0061646,-0.0062103
-0.0056,-0.0037537,-0.0050354,-0.0060577,-0.0064087,-0.0067444
-0.0042725,-0.0052338,-0.0045929,-0.0057983,-0.0058136,-0.0052185
-0.0031128,-0.0060883,-0.0057373,-0.0065613,-0.0044861,-0.0032806
-0.0046539,-0.0050201,-0.0060883,-0.0062103,-0.0047455,-0.0041046
-0.0048065,-0.0037994,-0.0057068,-0.0059357,-0.0049286,-0.004776
-0.0033569,-0.0040588,-0.006073,-0.0071259,-0.0059509,-0.0044556
-0.0041656,-0.0045929,-0.006134,-0.0070038,-0.0080566,-0.0061035
-0.0061493,-0.0049286,-0.0052032,-0.0055389,-0.0077362,-0.0070038
-0.0071716,-0.0051422,-0.0048828,-0.0054474,-0.0058136,-0.0071869
-0.0061951,-0.0050507,-0.0059357,-0.0058441,-0.0054626,-0.0069885
-0.0040588,-0.004715,-0.0065765,-0.0053101,-0.0061951,-0.0047913
-0.0035248,-0.0038605,-0.0054016,-0.0051117,-0.0054169,-0.0037384
-0.0034332,-0.0033569,-0.0034332,-0.0049133,-0.005127,-0.0032806
-0.0026245,-0.0031128,-0.0027466,-0.0039825,-0.0058441,-0.0028839
-0.0029755,-0.0026245,-0.0038757,-0.0032349,-0.0042114,-0.0041046
-0.0044708,-0.0033569,-0.0050812,-0.002533,-0.0034943,-0.0050201
-0.006012,-0.0056458,-0.0058441,-0.0028229,-0.0048523,-0.0053253
-0.0066833,-0.0082703,-0.0072632,-0.0046997,-0.0051575,-0.0050964
-0.0069122,-0.0092316,-0.0080566,-0.0053864,-0.0064545,-0.006012
-0.0096893,-0.0078888,-0.0076752,-0.0062866,-0.0084076,-0.0081329
-0.012405,-0.0083771,-0.0080872,-0.0088501,-0.0093994,-0.009964
-0.01236,-0.01088,-0.010193,-0.0094147,-0.012085,-0.012802
-0.012985,-0.011765,-0.012802,-0.0094604,-0.013916,-0.013367
-0.012878,-0.012863,-0.013794,-0.01033,-0.012314,-0.010696
-0.011383,-0.014786,-0.014221,-0.009491,-0.010757,-0.0088196
-0.011246,-0.014816,-0.014175,-0.0075226,-0.0094604,-0.008606
-0.011322,-0.012497,-0.011185,-0.0058441,-0.0086823,-0.0088959
-0.01059,-0.0092926,-0.0066833,-0.0037994,-0.0088043,-0.0087585
-0.0089264,-0.0055695,-0.0031586,-0.0010376,-0.0076904,-0.0087128
-0.0065155,-0.0027008,-0.0014801,-0.00010681,-0.0056152,-0.0074158
-0.0039215,-0.0028076,-0.0013275,0.00012207,-0.0029449,-0.004425
-0.0026245,-0.0023193,-0.0013428,0.0016479,-0.0018921,-0.0024567
-0.0025177,-0.0011139,-0.0004425,0.0024872,-0.0015717,-0.0014496
-0.0020752,-0.0010986,0.0007782,0.0030212,0.0007019,-0.0002594
-0.0011292,0.00016785,0.0011444,0.0039215,0.0015411,0.0010681
0.0019684,0.0014954,0.0016327,0.0046844,0.0016937,0.0027618
0.003891,0.0034027,0.0030823,0.0055542,0.0032349,0.0037079
0.0031891,0.0047455,0.0048828,0.0068207,0.0050507,0.0046539
0.0041504,0.0036011,0.0056305,0.0070496,0.0071564,0.0059204
0.0045013,0.0044098,0.0051727,0.0072784,0.0080872,0.0053253
0.0045929,0.0055389,0.0060425,0.0087891,0.0082397,0.0064545
0.0066376,0.0050201,0.0069122,0.0087128,0.0085907,0.0092621
0.007843,0.0061493,0.0068359,0.0083466,0.0085754,0.0091858
0.0086975,0.0071564,0.0080719,0.0087585,0.0091248,0.0087738
0.0092316,0.0069427,0.0076141,0.0081177,0.009079,0.0094299
0.0076599,0.0063629,0.0061493,0.0074005,0.0080719,0.0089111
0.0049591,0.0042419,0.0051575,0.0064545,0.0072937,0.0074921
0.0035248,0.0021973,0.0026703,0.0035095,0.0057983,0.0060425
0.003067,0.0011139,0.0012817,0.0018311,0.0042572,0.0038147
0.0018311,0.00065613,0.0010834,0.002533,0.0021667,0.0017395
0.00021362,0.00090027,0.0014648,0.0014191,-0.00074768,0.00033569
-0.0011444,0.0011444,0.0018158,1.5259e-05,-0.0018768,-0.0010223
-0.00090027,0.00091553,0.00015259,-0.001358,-0.0021057,-0.00067139
0.00038147,0.00028992,-0.0012665,-0.0034332,-0.0025787,-3.0518e-05
0.0012817,0.00036621,-0.00082397,-0.003067,-0.0032043,-0.00059509
0.00076294,0.00068665,-4.5776e-05,-0.0019379,-0.0032806,-0.0011597
-0.0017548,0.0012817,0.00054932,-0.00094604,-0.0018158,-0.0022888
-0.0028229,0.0010529,0.0014343,0.0009613,-0.0010986,-0.0026398
-0.0019531,0.00013733,0.0020599,0.0016937,-0.0004425,-0.0020294
-0.00068665,0.0020142,0.0031433,0.0020294,0.00099182,-0.0018311
0.0016632,0.0037231,0.0043335,0.0030365,0.00064087,-0.00093079
0.0036621,0.0025635,0.0039215,0.0020447,0.00013733,0.0015411
0.0041656,0.0020294,0.0027466,0.00047302,0.0013885,0.0041199
0.0035248,0.0027924,0.0018158,0.0015106,0.0024414,0.0043488
0.003006,0.002594,0.0017853,0.0021667,0.0032959,0.0033875
0.0043793,0.0030212,0.0020294,0.0018158,0.0044098,0.0037842
0.0063019,0.0046539,0.0025177,0.0020294,0.0042114,0.0056763
0.0070343,0.0044098,0.0034485,0.0017395,0.0037079,0.007019
0.0062866,0.0043793,0.0040283,0.0019836,0.0042114,0.0062561
0.0039063,0.0054169,0.0046387,0.0023804,0.0037079,0.0041351
0.0016174,0.0035706,0.0031281,0.00090027,0.0013123,0.0010223
-0.00045776,-0.00048828,1.5259e-05,-0.0014954,-0.0023499,-0.0021057
-0.0031128,-0.0041504,-0.002121,-0.0040436,-0.0050354,-0.0034485
-0.0049744,-0.0064545,-0.0057068,-0.0053864,-0.005188,-0.0040436
-0.0057373,-0.0068207,-0.0080872,-0.0053864,-0.004715,-0.0052032
-0.0057983,-0.0066986,-0.0070496,-0.0058594,-0.0039063,-0.0054016
-0.0054779,-0.0077515,-0.0070801,-0.0054932,-0.0034332,-0.0040283
-0.006424,-0.0079041,-0.0075836,-0.0045471,-0.0040436,-0.0048065
-0.0076294,-0.0078735,-0.0072021,-0.0044403,-0.0054474,-0.0075836
-0.0080872,-0.0093231,-0.0072784,-0.005127,-0.0080719,-0.0084229
-0.010254,-0.0088959,-0.007843,-0.0074921,-0.010193,-0.0093231
-0.011917,-0.008255,-0.0081329,-0.0085297,-0.010513,-0.0103
-0.011093,-0.0096436,-0.0087128,-0.0070648,-0.0092163,-0.0099945
-0.010178,-0.010223,-0.010483,-0.0064545,-0.0082397,-0.0099487
-0.0087585,-0.0097809,-0.0099335,-0.006012,-0.0090179,-0.0088196
-0.0080414,-0.0089874,-0.0087891,-0.0069733,-0.0095062,-0.007782
-0.0086365,-0.0082245,-0.0095825,-0.0088959,-0.0099792,-0.0081635
-0.007019,-0.0080872,-0.0093536,-0.008194,-0.010056,-0.0075226
-0.0048065,-0.0081787,-0.0095062,-0.0068512,-0.0086517,-0.0066528
-0.0052643,-0.0081329,-0.0097351,-0.0049133,-0.0083618,-0.0064087
-0.0061035,-0.0075073,-0.0078735,-0.00354,-0.0082397,-0.0060883
-0.0060883,-0.0061188,-0.0062408,-0.0036774,-0.0069122,-0.0059967
-0.0056458,-0.0053101,-0.0055542,-0.0018463,-0.0049286,-0.0041351
-0.0038452,-0.0052948,-0.0046387,-7.6294e-05,-0.0022278,-0.0018158
-0.0014343,-0.003891,-0.0039063,0.0005188,-0.00099182,-0.00093079
-0.0009613,-0.0024567,-0.0033722,0.00033569,-0.0015411,-0.00012207
-0.0019836,-0.0024261,-0.0039978,-0.0011292,-0.0027008,-0.00083923
-0.0023956,-0.0029144,-0.0050659,-0.0017853,-0.0040436,-0.0024109
-0.0035553,-0.0040436,-0.0047913,-0.0018158,-0.0049591,-0.0044556
-0.0046997,-0.0043488,-0.0038605,-0.0018616,-0.0050812,-0.0059967
-0.0048828,-0.0040741,-0.0030975,-0.0018616,-0.0051575,-0.0048676
-0.0050964,-0.0035248,-0.003418,-0.001236,-0.0064087,-0.0040588
-0.0032196,-0.003067,-0.00383,-0.0010681,-0.0059967,-0.0041351
-0.0023804,-0.0029602,-0.0038147,-0.0015411,-0.004364,-0.0044556
-0.0040436,-0.0029755,-0.0032501,-0.00016785,-0.0044708,-0.0047455
-0.0037384,-0.0040588,-0.003006,-0.00032043,-0.0040741,-0.0032654
-0.0027771,-0.0040436,-0.004837,-0.0020905,-0.0027008,-0.00088501
-0.0015564,-0.003479,-0.0064545,-0.0021362,-0.0025635,0.00022888
-0.00076294,-0.0026855,-0.0068359,-0.0027161,-0.0041962,-0.0015717
-0.0016632,-0.0010071,-0.005127,-0.0027771,-0.0062714,-0.0045929
-0.0018921,-0.0013428,-0.0020752,-0.001297,-0.0068665,-0.0051575
-0.0027008,-0.0021973,-0.002594,-0.0015411,-0.0045319,-0.0036163
-0.0036621,-0.0018463,-0.0038757,-0.0013428,-0.0017242,-0.0022125
-0.0030365,-0.0018463,-0.0019989,0.0010223,-0.0019836,-0.0020294
-0.0018768,-0.0013428,-0.0004425,0.0024109,-0.003006,-0.0019073
-0.00047302,-0.00048828,0.0014038,0.0036011,-0.0019379,-0.00062561
0.00065613,6.1035e-05,0.0032196,0.0045471,3.0518e-05,-0.00012207
0.0016327,0.0019073,0.0023651,0.0042572,0.0014191,0.00035095
0.0033875,0.0035858,0.0027618,0.0055542,0.0031433,0.0034485
0.006073,0.0040741,0.0041199,0.0069122,0.0060272,0.0074768
0.0080719,0.0045624,0.0036469,0.0065002,0.0073853,0.0089264
0.0075684,0.0048828,0.0047455,0.0079498,0.0070953,0.0086365
0.0069427,0.0054474,0.0070038,0.0093842,0.0087128,0.0080872
0.0074158,0.0066986,0.0063324,0.0090027,0.0098877,0.0068665
0.0062561,0.0066986,0.0058899,0.0097046,0.0085144,0.0060425
0.0052643,0.0049133,0.0074005,0.0088959,0.0079498,0.0061493
0.0056305,0.0052032,0.0057068,0.0061798,0.0080872,0.007431
0.0057526,0.0058136,0.00383,0.0050659,0.0087891,0.0081024
0.0064392,0.0050812,0.0041809,0.0057373,0.010406,0.0079803
0.0065613,0.0056,0.0041656,0.0070801,0.0099945,0.0087585
0.0057526,0.004425,0.0048981,0.0077972,0.0079346,0.0072632
0.004776,0.002655,0.0047607,0.0071716,0.006073,0.0049591
0.0029907,0.0021973,0.0032959,0.0052643,0.0042114,0.0044403
0.0016632,0.0011139,0.0013428,0.002182,0.0034943,0.0030823
0.0016022,0.0013123,0.00038147,-3.0518e-05,0.0035553,0.0012817
0.0010986,0.0021667,0.001236,0.00012207,0.0010834,0.00062561
-0.00053406,0.0010223,0.0014801,1.5259e-05,-0.0024109,0.00041199
-0.0017548,-0.00093079,0.00039673,-0.0017242,-0.0031281,-0.0010834
-0.0028839,-0.0011749,-0.00079346,-0.0025177,-0.0028229,-0.0029602
-0.0036774,-0.00099182,-0.00056458,-0.0014038,-0.0027618,-0.0035553
-0.0021515,-0.0014954,-0.00047302,9.1553e-05,-0.0014191,-0.0032501
-0.00042725,-0.00022888,0.00013733,0.00094604,0.00030518,-0.0023956
-0.00053406,0.0018616,0.0021973,0.0016327,0.0010681,-0.0016937
-0.00042725,0.0023499,0.0040741,0.0032043,0.00016785,-0.00074768
0.00097656,0.0016022,0.0055695,0.0036926,0.0004425,0.00088501
0.0023041,0.0023651,0.0043335,0.0031128,0.0033875,0.0014038
0.0027924,0.0049133,0.0039063,0.0048523,0.0047913,0.0013428
0.0040894,0.0050201,0.0058899,0.0055084,0.0041962,0.0036011
0.0045166,0.0036011,0.0049896,0.0039978,0.0034332,0.0042419
0.001358,0.0028687,0.0036926,0.003418,0.0032501,0.0010376
-0.00057983,0.00177,0.0039978,0.0027618,0.0032349,-0.00039673
-0.00048828,0.0018158,0.0042725,0.0027924,0.0018311,-0.0007782
-0.00093079,0.0026398,0.0039825,0.0029449,0.0011749,-0.0016022
0.00033569,0.0027161,0.0029602,0.0026398,0.001297,-0.00038147
0.0020905,0.0020752,0.0038147,0.0025635,0.00079346,0.00033569
0.0019684,0.0022736,0.0048676,0.0012665,0.001709,-0.00018311
0.0016327,0.0036621,0.0034027,0.0004425,0.0015717,0.00019836
0.0023956,0.0033417,0.0018768,0.00019836,0.00039673,0.0007019
0.0024414,0.0026093,0.00053406,-0.00073242,0.0012512,0.0014191
0.0019531,0.0019531,0.00027466,-0.0011902,0.0007019,0.0023041
0.0019989,0.00059509,0.0016327,-0.0011902,0.00065613,0.002533
0.002594,0.0012054,0.0013123,-0.0012512,0.002533,0.0021973
0.0039673,0.0021667,-0.00036621,-0.00038147,0.0018311,0.0029144
0.0046997,0.0019379,9.1553e-05,0.0011444,0.0016632,0.0041351
0.0052185,0.0034943,0.0023041,0.0014343,0.0032501,0.0036469
0.0057526,0.0067444,0.0040741,0.0017548,0.0038147,0.0035553
0.0063934,0.0087128,0.006134,0.001358,0.0040588,0.0045776
0.0073242,0.0084229,0.0067291,0.00056458,0.0032196,0.0048828
0.0072021,0.006897,0.0063782,0.0028381,0.0032196,0.0049591
0.0067902,0.0055695,0.007309,0.0047607,0.0051117,0.006073
0.0068359,0.0055847,0.0066376,0.0050964,0.0066528,0.0076752
0.0065613,0.0063477,0.0060272,0.0055389,0.0083313,0.0069122
0.0061188,0.0068817,0.0065308,0.0054321,0.0087891,0.0059662
0.0066833,0.0068512,0.006424,0.0049591,0.0081329,0.0072632
0.0068817,0.005722,0.0060577,0.0037689,0.0075226,0.0073853
0.0059967,0.0044098,0.005249,0.003479,0.0061798,0.007431
0.0052338,0.0040894,0.0052948,0.0041656,0.0055847,0.006424
0.0037537,0.0044861,0.0058899,0.0037842,0.0051117,0.0032196
0.0021515,0.0047913,0.0056763,0.0024872,0.0040436,0.0019989
0.0018921,0.0036011,0.0051575,0.0016327,0.0032806,0.0011139
0.0012054,0.002182,0.0045166,0.0019073,0.0020294,0.00035095
-0.00048828,0.0023956,0.0036926,0.001709,0.0019989,0.00074768
-0.00057983,0.0017853,0.0021667,0.0016479,0.00383,0.0010223
0.00036621,1.5259e-05,0.0018005,0.0017395,0.0052185,0.002594
0.0010071,-0.00012207,0.0028534,0.001297,0.0054932,0.0029297
0.0016327,0.00057983,0.0021057,0.0022278,0.004715,0.0019531
0.0015411,0.00062561,0.00083923,0.0019379,0.0036621,0.0030823
0.0013885,-0.00018311,0.00027466,-0.00013733,0.0027466,0.0034332
0.00053406,-0.0021515,-0.00059509,-0.00091553,0.0014191,0.00091553
-0.0012817,-0.0031433,-0.00071716,-0.00177,0.00032043,-0.001297
-0.0024414,-0.0025635,-0.00094604,-0.0028076,-0.00018311,-0.0012665
-0.0024567,-0.0027008,-0.0022583,-0.0031433,0.00079346,0.0004425
-0.00080872,-0.0017853,-0.0028687,-0.0040436,0.0020599,0.001297
0.00048828,0.00086975,-0.0023804,-0.0029449,0.00083923,-1.5259e-05
0.00083923,0.0012207,-0.00082397,-0.0011902,-9.1553e-05,-9.1553e-05
0.0021515,0.00042725,-4.5776e-05,-0.0028687,0.00030518,0.0015259
0.0026398,0.00050354,-0.001236,-0.0033417,-6.1035e-05,0.0030212
0.0020294,-0.00068665,-0.00091553,-0.0019836,0.00035095,0.0040741
0.0018768,-0.00048828,-0.00039673,-0.0016937,0.0023956,0.0029755
0.0017548,0.0010223,-0.00048828,-0.00068665,0.0036011,0.0017242
0.0023041,0.0010223,0.00010681,-0.00038147,0.0025177,0.0023956
0.0028229,0.001236,-0.00050354,-0.0016785,0.0015411,0.0025177
0.0030212,0.00019836,-0.00042725,-0.0026855,0.00085449,0.003006
0.0024414,-0.0011139,-0.00067139,-0.0029907,-0.00085449,0.0039215
0.0012665,-0.0014191,-0.00354,-0.0036316,-0.0015259,0.0022736
0.0010071,-0.0028687,-0.0044403,-0.004364,-0.0010071,-0.00050354
-0.00050354,-0.0034027,-0.0034027,-0.0031586,-0.0016327,-0.0017242
-0.0019989,-0.0028534,-0.0037994,-0.0021973,-0.0023804,-0.0017548
-0.0034637,-0.0023041,-0.003952,-0.0035706,-0.0024872,-0.0039063
-0.006073,-0.0026245,-0.0028992,-0.0046539,-0.0040588,-0.0068359
-0.0075684,-0.0042267,-0.0027313,-0.005188,-0.0061188,-0.0082397
-0.0084839,-0.0054779,-0.0044403,-0.0059509,-0.0067902,-0.0089264
-0.0079346,-0.0070343,-0.0057068,-0.0055847,-0.0067902,-0.0074158
-0.0069122,-0.0077057,-0.0063019,-0.0057068,-0.0065765,-0.005722
-0.0059662,-0.0063782,-0.0075989,-0.0078735,-0.0063171,-0.0055542
-0.0045624,-0.0058136,-0.0077362,-0.0081787,-0.0056458,-0.0053406
-0.0046387,-0.0059967,-0.006546,-0.0054626,-0.0046692,-0.0033417
-0.003479,-0.0043945,-0.0056305,-0.0045776,-0.0029755,-0.0005188
-0.0010376,-0.0020599,-0.0048981,-0.0052795,-0.0011444,-0.0010376
-0.0004425,-0.00053406,-0.0030212,-0.0031128,-0.0028229,-0.0019379
-0.0013885,-0.00041199,-0.0010071,-0.0009613,-0.0050812,-0.0017242
-0.0029602,-0.0016174,-0.0014191,-0.0016022,-0.0029449,-0.003479
-0.0034637,-0.0025177,-0.0017853,-0.00022888,-0.0011444,-0.0032043
-0.0028534,-0.0033112,-0.00030518,0.0019073,-4.5776e-05,-0.0011749
-0.0015869,-0.0027313,-0.00050354,0.0011597,0.0025482,-1.5259e-05
0.00047302,7.6294e-05,-0.0011597,0.00054932,0.0015869,0.0021057
0.0019531,0.0014954,-0.00079346,0.00027466,-0.0013275,0.0025024
0.0016022,0.00036621,-0.0021362,-0.0014343,-0.0023499,0.0002594
3.0518e-05,-0.00080872,-0.0025024,-0.0033875,-0.0030518,-0.001236
-0.0013275,-0.0016632,-0.0020294,-0.0035553,-0.0037689,-0.0019379
-0.0034637,-0.0023041,-0.0038605,-0.0030975,-0.0041656,-0.00354
-0.0053711,-0.0034485,-0.0052338,-0.00354,-0.0041046,-0.0049133
-0.0051422,-0.0052338,-0.0049133,-0.0038757,-0.004776,-0.0045471
-0.005127,-0.005249,-0.0046692,-0.0046234,-0.0054016,-0.0040283
-0.0052948,-0.0046844,-0.0055695,-0.0044556,-0.0046844,-0.004364
-0.0036011,-0.003952,-0.004715,-0.0031433,-0.0048981,-0.004364
-0.0027618,-0.0023956,-0.0025787,-0.0026703,-0.0053101,-0.0042877
-0.0038757,-0.0014496,-0.0013885,-0.0017548,-0.005127,-0.0051575
-0.0033112,7.6294e-05,0.00036621,-0.0018463,-0.0053406,-0.0054169
-0.0025787,0.0013275,-0.00016785,-0.0024872,-0.0055237,-0.0045013
-0.002182,0.00035095,-0.0014038,-0.0014038,-0.0051117,-0.0039825
-0.00080872,-0.00071716,-0.0009613,-0.0007019,-0.0037079,-0.0031738
-0.00065613,-0.0010986,-0.001709,-0.00015259,-0.0018768,-0.001297
-0.00021362,-0.0015106,-0.0016479,0.00021362,-0.00041199,0.00016785
-0.00022888,-0.00056458,-0.00091553,0.00059509,-0.00067139,-0.00071716
-0.0021973,0.0004425,-0.00083923,0.0013885,-0.0023804,-0.0030365
-0.003418,-0.0004425,-0.00036621,0.00016785,-0.0034943,-0.0041046
-0.0042267,-0.0020447,-0.0016022,-0.0016632,-0.0042725,-0.0049591
-0.0050659,-0.0048065,-0.0040588,-0.003067,-0.0050354,-0.0062256
-0.0060577,-0.0075836,-0.0066223,-0.0042725,-0.0052795,-0.0067139
-0.0078125,-0.0082397,-0.009613,-0.0056152,-0.0066833,-0.006897
-0.0077667,-0.0083466,-0.010132,-0.0081024,-0.008667,-0.0064392
-0.0067291,-0.0084534,-0.009201,-0.0083618,-0.009201,-0.0066833
-0.007843,-0.0081482,-0.0085297,-0.0067444,-0.009201,-0.0078583
-0.0084991,-0.0076141,-0.0073853,-0.0057983,-0.0088043,-0.0077515
-0.0075531,-0.007431,-0.0084839,-0.005722,-0.0087128,-0.0076447
-0.0077515,-0.0078125,-0.0099792,-0.0071411,-0.0092468,-0.0078125
-0.0081787,-0.008667,-0.0094299,-0.0074005,-0.009491,-0.0079651
-0.0077362,-0.0090179,-0.0089264,-0.0063629,-0.0093994,-0.0083008
-0.0072327,-0.0076752,-0.0073242,-0.0048523,-0.0079956,-0.0074615
-0.006134,-0.0056458,-0.0052948,-0.0020142,-0.0059509,-0.0056458
-0.0044708,-0.0031586,-0.0037994,0.00022888,-0.0033112,-0.0043335
-0.0031738,-0.0011444,-0.001236,0.0015411,-0.00086975,-0.0036011
-0.0029602,-0.00064087,0.00030518,0.0023651,-0.0016479,-0.0023499
-0.0016479,-0.00035095,0.00013733,0.0018463,-0.0027466,-0.00062561
-0.00050354,9.1553e-05,0.00018311,0.00062561,-0.0018463,-0.0010071
-0.0015259,0.0012054,0.00024414,0.0013885,-0.0014801,-0.0031281
-0.0015869,0.0021057,0.00079346,0.0024567,-0.0018005,-0.0032806
-0.0016632,0.00097656,0.00177,0.002182,-0.0017242,-0.0025177
-0.00065613,0.00061035,0.0017242,0.0036926,-6.1035e-05,-0.0016022
0.00099182,0.0016937,0.0028839,0.0050201,0.0012817,-0.00056458
0,0.0018616,0.0036621,0.004776,0.00047302,-0.00076294
-0.00067139,0.0015106,0.0018616,0.0041046,-0.00018311,-0.00045776
0.00033569,0.0011139,0.0019836,0.0027466,0.00079346,0.0011749
0.0010071,0.0010834,0.0016937,0.0029449,0.0037384,0.0025482
0.00050354,0.0010529,0.00030518,0.0041656,0.0048065,0.0021057
0.0010834,0.00035095,0.0012512,0.0040588,0.0039673,0.0025787
0.0015869,0.00015259,0.00093079,0.0030365,0.0046539,0.0040436
0.0012512,0.0005188,-0.00010681,0.0026398,0.0036469,0.0032959
0.0022278,0.00062561,0.00076294,0.0027466,0.0013428,0.0019226
0.00177,0.00062561,0.001236,0.0024414,0.00028992,0.0009613
0.0007019,0.00013733,0.00053406,0.0021667,0.00064087,0.0012665
0.00053406,-0.00061035,-0.00065613,0.0016937,0.0022736,0.0018463
0.00036621,-0.00039673,-0.0015259,0.0015259,0.0025787,0.0020752
0.0015259,0.00048828,-0.00091553,0.0013733,0.0021515,0.002655
0.0022278,0.0011292,-7.6294e-05,0.00056458,0.001709,0.0018768
0.0027924,0.00088501,0.00016785,0.001236,0.00054932,0.0025024
0.0043488,0.00054932,0.00021362,0.0024414,0.0015717,0.0045013
0.0040741,0.0015564,0.00079346,0.0023651,0.0030212,0.0046844
0.0034027,0.0032501,0.0017242,0.0016174,0.0031433,0.0044861
0.0037689,0.0039673,0.00062561,0.0010681,0.0030212,0.0032806
0.0026245,0.0029907,0.0011139,0.0021667,0.0014191,0.0018005
0.00067139,0.001297,0.0039063,0.003418,0.00061035,0.0015259
-0.00016785,0.00027466,0.0036926,0.0040283,0.0010223,0.00036621
0.00033569,0.00013733,0.0027924,0.0042419,0.0021515,-0.00035095
0.0002594,0.0013123,0.0027771,0.0027618,0.0029297,-0.00036621
-0.00010681,0.0030823,0.0024109,0.0015717,0.0005188,-0.0014801
0.00062561,0.0019836,0.0024109,0.0011902,-0.0018005,-0.0019836
-0.00013733,-0.00042725,0.0016632,0.0011597,-0.0015411,-0.0013733
-0.0002594,-0.00022888,0.0012512,0.0021515,0.0010223,0.0007019
0.00082397,-1.5259e-05,0.001358,0.0023651,0.0040283,0.0026398
0.00061035,-0.00036621,0.00088501,0.0027313,0.0046387,0.0019226
0.0011444,-4.5776e-05,0.0019684,0.0042419,0.004303,0.0022736
0.0017548,0.00048828,0.0032043,0.0048523,0.0043945,0.0031738
0.0017395,0.0019531,0.0035706,0.0055847,0.0043793,0.0016022
0.0013885,0.0031738,0.0052795,0.0069733,0.0047455,0.00094604
0.0013428,0.0029144,0.0058899,0.0065002,0.0052948,0.0018616
0.002182,0.0024719,0.0046387,0.0047302,0.0044403,0.0024567
0.0023956,0.0036621,0.0045471,0.0034332,0.0033722,0.0033875
0.003418,0.0036926,0.0054169,0.002655,0.0037384,0.0046844
0.0036469,0.0030212,0.0052032,0.0029144,0.0047607,0.0049133
0.0027313,0.0048981,0.0050659,0.0045471,0.0059357,0.005188
0.0054169,0.0050201,0.005661,0.0055084,0.0075378,0.0068817
0.0083008,0.0041656,0.0043945,0.004837,0.010193,0.0093079
0.0082397,0.0047607,0.0034943,0.004715,0.011246,0.011322
0.008194,0.0050659,0.0054474,0.0045776,0.0085449,0.010147
0.0072632,0.0054932,0.0067596,0.0043488,0.0059814,0.0065918
0.0061646,0.0049591,0.0066223,0.004303,0.0059814,0.0054474
0.0059967,0.0047455,0.0060272,0.0026245,0.0053253,0.0053101
0.0049744,0.004837,0.0043182,0.0018311,0.0041504,0.004715
0.004715,0.0029755,0.0022125,0.0017395,0.0054321,0.0056
0.0046082,0.0025024,0.00085449,0.0011292,0.0063629,0.0057373
0.004303,0.0032806,0.0021362,0.0016479,0.0053253,0.004715
0.005188,0.0036621,0.004364,0.0015106,0.0046082,0.0045776
0.0055389,0.0054779,0.004837,0.0013428,0.004425,0.005127
0.0063324,0.0070343,0.0069427,0.0025024,0.0045929,0.0058289
0.0080872,0.0073547,0.0082397,0.0040436,0.0046997,0.0070038
0.0090332,0.0072784,0.0075836,0.0048218,0.0064392,0.0087128
0.0097961,0.0082703,0.0091705,0.0051117,0.0096588,0.008606
0.0093079,0.011185,0.010681,0.0066071,0.0095215,0.0074005
0.0083618,0.011841,0.011459,0.0066833,0.0079803,0.0081024
0.010178,0.0093536,0.010437,0.0045929,0.0086517,0.0089569
0.010818,0.0085297,0.0085297,0.0042114,0.0085602,0.0082397
0.0087433,0.0089264,0.0089417,0.0051575,0.0071106,0.00737
0.0084229,0.0078735,0.0082397,0.0036774,0.0063629,0.0077362
0.0093536,0.0077972,0.0065155,0.0010681,0.0057831,0.0081329
0.0088348,0.0081329,0.0066376,0.00061035,0.0054779,0.0074768
0.0071106,0.0063477,0.0057678,0.00050354,0.0049438,0.0058594
0.004837,0.0032043,0.0030823,0.00012207,0.0026855,0.0026245
0.0005188,-4.5776e-05,0.0023804,-0.0004425,0.00013733,0.00010681
-0.0017853,-9.1553e-05,0.00177,-0.0032349,-0.0015259,-0.0010834
0.00024414,0.0014496,-0.0011749,-0.0059052,-0.0018921,-0.0022278
0.0010529,0.00094604,-0.0024109,-0.0060577,-0.0017853,-0.0016174
0.0012817,4.5776e-05,-0.0015259,-0.0053558,-0.0022125,9.1553e-05
0.0015259,-0.0014343,-0.0035553,-0.0056458,-0.00091553,0.0015259
0.00047302,-0.0018921,-0.0050354,-0.0048828,0.00073242,0.0024719
-1.5259e-05,-0.0010834,-0.0011902,-0.0021973,0.0012054,0.0016785
-0.0007019,-0.00036621,0.0012512,-0.001236,0.001358,-0.00053406
-0.00086975,0.00097656,0.0021057,-0.00047302,-0.00062561,-0.0019684
1.5259e-05,0.0009613,0.0032349,0.00028992,-0.0023956,-0.0023041
-0.00068665,0.00079346,0.0016785,-0.0011749,-0.0018463,-0.0030212
-0.002121,0.00071716,0.00035095,-0.0016174,-0.0019989,-0.0032654
-0.0011902,-0.00071716,1.5259e-05,-0.002533,-0.0023346,-0.0022125
0.00086975,-0.00048828,-0.00030518,-0.0042267,-0.0012512,-0.00039673
0.0029755,0.0013275,-0.00028992,-0.003067,0.00062561,0.0023804
0.0045166,0.0021515,0.00041199,-0.0011292,0.0024261,0.0046082
0.0045776,0.0024872,0.0020447,0.00024414,0.0030975,0.0045929
0.0050659,0.0037689,0.0036621,0.0012054,0.003418,0.0043488
0.0045624,0.0049744,0.0046844,0.0016327,0.0045929,0.0050354
0.00354,0.0051422,0.0048218,0.0019836,0.004303,0.0042725
0.0039978,0.0041504,0.0044403,0.0018768,0.0015869,0.0022278
0.0030975,0.0025177,0.0028229,0.00038147,0.00012207,0.0012207
0.0015411,0.0024261,0.00074768,-0.0027008,0.00057983,0.00068665
0.0010986,0.0022125,7.6294e-05,-0.0032501,-7.6294e-05,-4.5776e-05
0.0014038,-6.1035e-05,-0.00039673,-0.0016327,-0.00090027,0.00036621
0.001709,-0.0020142,-0.00056458,-0.0014801,-0.00064087,0.0010986
0.00076294,-0.0023346,-0.00033569,-0.00076294,-0.00085449,0.0007782
-0.00036621,-0.0012817,-0.001709,-0.00097656,-0.0011902,0.0011902
-0.0010223,-0.0016937,-0.0033875,-0.0036774,-0.0014954,0.00050354
-0.0019684,-0.0036163,-0.0036774,-0.0055237,-0.002182,-0.0023804
-0.0036469,-0.0044556,-0.0039978,-0.0056915,-0.0042114,-0.0040131
-0.005722,-0.0063477,-0.0057678,-0.0063324,-0.0067596,-0.0053406
-0.0065308,-0.0082855,-0.0078125,-0.0072174,-0.0066681,-0.0057831
-0.0063019,-0.0080414,-0.0079803,-0.0070648,-0.0058594,-0.0047607
-0.006424,-0.0065765,-0.0069733,-0.0065002,-0.0065308,-0.0059357
-0.0065613,-0.0054932,-0.0050049,-0.0056763,-0.006485,-0.0071564
-0.006134,-0.0053558,-0.0035706,-0.0046082,-0.0048523,-0.0060883
-0.0052795,-0.0050049,-0.0038605,-0.0022888,-0.0029297,-0.0046539
-0.0046387,-0.0045319,-0.0035095,-0.00018311,-0.0012817,-0.0036621
-0.004364,-0.0034332,-0.0023346,-0.00090027,0.00016785,-0.0028229
-0.0034332,-0.0026245,-0.0013733,-0.0010223,0.00018311,-0.0017853
-0.0028381,-0.0040588,-0.001709,-0.00028992,-0.0016632,-0.0017242
-0.0039063,-0.0050964,-0.0021973,-0.00074768,-0.003067,-0.0035553
-0.0046234,-0.0041351,-0.0019989,-0.0012817,-0.0032501,-0.0049896
-0.0048065,-0.0038147,-0.0019226,-0.0014954,-0.0033112,-0.005127
-0.0046539,-0.003479,-0.0015717,-0.00097656,-0.0031586,-0.0040283
-0.0027008,-0.0012817,-0.0015106,-0.0014496,-0.0023651,-0.0019379
-0.00028992,-0.00059509,-0.0014038,-0.0028381,-0.001236,-0.00083923
0,-0.0015564,-0.0022888,-0.0029297,-0.0018311,-0.00054932
-0.0014191,-0.0020752,-0.0027466,-0.0031281,-0.0023956,-0.00039673
-0.0020447,-0.0034485,-0.0025787,-0.0027008,-0.00097656,-0.001297
-0.0029907,-0.0034332,-0.0044861,-0.0015259,-0.001297,-0.0029602
-0.004425,-0.0021057,-0.0042572,-0.0015411,-0.002243,-0.0037384
-0.0045013,-0.0030212,-0.0014343,-0.0014343,-0.0024719,-0.0042419
-0.0047455,-0.0033264,-0.00016785,-0.0014038,-0.0030212,-0.004776
-0.0040741,-0.0018768,-0.00039673,-0.0010681,-0.0025635,-0.0026245
-0.0013123,-0.0017395,-0.00093079,-0.00061035,-0.00085449,0.0007782
0.0010071,-0.0012817,-0.001709,-0.0009613,0.0012817,0.0019379
0.0016785,-0.00015259,-0.0023193,0.00010681,0.0018768,0.002121
0.0018921,-0.00028992,-0.0010071,0.0014954,0.0019379,0.0029907
0.0020294,0.00032043,0.00076294,0.0023041,0.0019531,0.0026093
0.00086975,0.0017242,0.0018616,0.0021973,0.0012207,0.00073242
0.00028992,0.001358,0.0018768,0.00085449,0.00073242,0.0010223
0.0014038,0.00012207,-0.00038147,1.5259e-05,0.00083923,0.002182
0.0012054,0.00064087,-0.002121,-0.00093079,0.00093079,0.0018616
0.00056458,0.00079346,-0.0013733,-0.00064087,0.00054932,0.0010376
0.00074768,-0.0013123,-0.00083923,0.00076294,0.00062561,-0.00035095
0.00042725,-0.0022125,-0.0020294,0.0010834,-4.5776e-05,-0.00050354
-0.00032043,-0.0024719,-0.0018158,0.00082397,0.00015259,0.0014801
-0.00047302,-0.0035706,-0.00093079,0.0007019,0.0023956,0.0033569
0.00027466,-0.0020447,-0.00091553,0.0022736,0.0034637,0.0014038
3.0518e-05,0.00094604,0.0020142,0.0045166,0.0032349,-0.00074768
1.5259e-05,0.0018311,0.0045929,0.0046082,0.0018158,0.0012512
0.0020142,0.0020905,0.0032501,0.0021973,0.00038147,0.0015106
0.0030365,0.003952,0.0035858,0.00050354,0.0004425,0.00090027
0.0022888,0.0053101,0.0049896,0.0026245,0.0011444,0.0020752
0.0028839,0.004364,0.0046387,0.0051117,0.0025024,0.0025482
0.0052032,0.0043182,0.0060883,0.0056763,0.0040588,0.0039368
0.0065002,0.0066071,0.0084076,0.0062866,0.0059662,0.0058289
0.0071869,0.0089264,0.0089569,0.0064697,0.00737,0.0056
0.007843,0.0096436,0.0085297,0.0062866,0.0064697,0.0043182
0.0067596,0.008728,0.0080719,0.0053864,0.0039215,0.004425
0.0049286,0.0062256,0.007843,0.0035248,0.0021973,0.0042877
0.0034332,0.0042267,0.0062866,0.0031586,0.0022583,0.0024261
0.0020752,0.0046692,0.0050201,0.0027008,0.0009613,0.0016785
0.0015259,0.0039825,0.0038757,0.00012207,-0.00091553,0.00094604
0.0015564,0.0023499,0.00080872,-0.0015259,-0.00047302,-0.0007019
0.0012207,0.00088501,-0.00047302,-0.0019379,-0.0002594,-0.0010071
0.00012207,0.00015259,-0.00082397,-0.0019379,-0.001297,-0.0009613
-0.00062561,0.0014496,6.1035e-05,-0.0010071,-0.0019379,-0.0013275
-0.00041199,0.0011749,0.0021515,-0.00082397,-0.0015717,-0.0015564
-0.00079346,0.00053406,0.00056458,-0.0018311,-0.0012512,-0.0014038
-0.0014038,-0.00028992,-0.0025635,-0.0036011,-0.0014343,-0.0014648
-0.0021973,-0.0029449,-0.0052338,-0.0047302,-0.0018768,-0.0023346
-0.0043335,-0.0049591,-0.0068207,-0.0049744,-0.0033569,-0.0029907
-0.0049286,-0.0068817,-0.0070496,-0.0057678,-0.0047913,-0.0032501
-0.0054321,-0.0072174,-0.0073853,-0.0060577,-0.0058746,-0.0046844
-0.008194,-0.0064545,-0.0070038,-0.0059509,-0.0066681,-0.0070801
-0.0089417,-0.0074768,-0.0071411,-0.006958,-0.0063934,-0.0075836
-0.0079956,-0.0079803,-0.0081329,-0.0075684,-0.0064087,-0.0067139
-0.0074615,-0.0071411,-0.0077667,-0.0061035,-0.0076141,-0.0074615
-0.0082245,-0.0067902,-0.0059204,-0.0053558,-0.0087128,-0.0084991
-0.0093536,-0.00737,-0.0055695,-0.0058136,-0.0089417,-0.0081329
-0.0081329,-0.0077057,-0.0069885,-0.0055084,-0.0088043,-0.0079346
-0.0075684,-0.0067444,-0.0070496,-0.0060272,-0.0076447,-0.0081635
-0.0079956,-0.0052185,-0.006546,-0.0055847,-0.0059662,-0.0069885
-0.0070801,-0.0052185,-0.0063324,-0.0041962,-0.0053101,-0.0052948
-0.0068512,-0.0057526,-0.0062866,-0.004425,-0.0055695,-0.0065308
-0.0066681,-0.0051117,-0.006012,-0.0042572,-0.0074463,-0.0081787
-0.0058746,-0.0053101,-0.0058594,-0.0048981,-0.0086975,-0.0075836
-0.0057373,-0.005661,-0.0070953,-0.0065308,-0.0077057,-0.0070038
-0.0041656,-0.0054016,-0.0075378,-0.0060272,-0.0070038,-0.0044708
-0.0019226,-0.0047607,-0.007019,-0.0042572,-0.0054626,-0.0024261
-0.0019073,-0.0032043,-0.0058594,-0.0026703,-0.0042419,-0.0038452
-0.0028381,-0.0025787,-0.0035858,-0.0021362,-0.0048676,-0.0040436
-0.0023346,-0.0024567,-0.0029449,-0.0019684,-0.0048676,-0.0035553
-0.00094604,-0.0019989,-0.0031128,-0.0019226,-0.0044708,-0.0028076
-0.0010681,-0.0019531,-0.0036621,-0.0029755,-0.0037384,-0.0015106
-0.0016022,-0.0027161,-0.0058899,-0.0028076,-0.0032501,-0.00035095
-0.00080872,-0.0048981,-0.0067139,-0.002655,-0.0028229,0.001236
-0.00088501,-0.0050812,-0.0061798,-0.003006,-0.0021973,-0.00071716
-0.0024872,-0.0025482,-0.004837,-0.00086975,-0.003479,-0.0034637
-0.0028534,-0.002533,-0.002594,-0.00067139,-0.0046692,-0.0029755
-0.0022736,-0.0034943,-0.002533,-0.0015717,-0.0040131,-0.002594
-0.002655,-0.0012665,-0.0018005,0.001236,-0.0030212,-0.0021515
-0.0018921,0.0004425,0.00093079,0.002655,-0.0013885,-0.00073242
-0.00022888,0.00030518,0.00097656,0.00177,0.0012054,0.00086975
7.6294e-05,0.00082397,0.00032043,0.0022736,0.0019226,0.0014648
-0.00059509,0.0010986,0.0012512,0.0033264,0.00083923,0.0010986
-0.00080872,0.0014191,0.002243,0.0043182,0.0024261,0.0023193
0.0013885,0.0020752,0.0033569,0.0053711,0.0051575,0.0039673
0.00354,0.0030518,0.0043488,0.0065308,0.005127,0.0040436
0.0046997,0.0040588,0.0058441,0.0074921,0.0040894,0.0047302
0.0062714,0.003952,0.0065613,0.0071106,0.0045166,0.0062256
0.0052185,0.0044708,0.0053711,0.0066986,0.0061493,0.0059509
0.0030975,0.005127,0.0056915,0.007843,0.0063629,0.0045013
0.0029907,0.0042419,0.0072937,0.008194,0.0053406,0.003418
0.0019531,0.0032959,0.0068207,0.0061493,0.0051422,0.0021362
0.0002594,0.0031281,0.0050354,0.0043945,0.0038147,0.00088501
0.00097656,0.0028229,0.00383,0.0038147,0.0022736,0.00016785
0.0024414,0.0020905,0.0027924,0.0019073,0.0019379,0.0013123
0.0033112,0.0026245,0.002182,0.00091553,0.0016174,0.003418
0.0042877,0.0045319,0.0035248,0.0023346,0.0026245,0.0043793
0.0056763,0.0058594,0.0058441,0.0034637,0.0050354,0.0061646
0.0078583,0.0062866,0.0053253,0.0042114,0.0073853,0.008316
0.0088654,0.0067749,0.0035095,0.0054169,0.0088806,0.0090637
0.008316,0.0072479,0.005188,0.0061188,0.0091095,0.0093079
0.0083466,0.0069733,0.0059052,0.0050659,0.0079651,0.0088196
0.0083923,0.0063629,0.0046082,0.004364,0.0058746,0.0083771
0.007309,0.0055542,0.0057068,0.0040283,0.0056915,0.0079956
0.0056152,0.0052795,0.0048676,0.0030975,0.0067596,0.0051422
0.0033112,0.0051117,0.0027924,0.0023193,0.0045166,0.0028992
0.0011292,0.0023651,0.0028381,-0.00038147,0.0014648,0.003067
9.1553e-05,-1.5259e-05,0.0012817,-0.002182,0.00019836,0.00062561
-0.0013275,-0.0007782,-0.00019836,-0.0010376,-0.0016479,-0.0022736
-0.0037689,-0.0027313,0.00013733,-0.0013275,-0.0025177,-0.0034485
-0.0046997,-0.0037079,-0.0013733,-0.0030365,-0.0020599,-0.0037079
-0.0035095,-0.0037842,-0.0034027,-0.00383,-0.001709,-0.0020752
-0.002594,-0.00354,-0.0038147,-0.0030518,-0.00083923,-0.0015259
-0.0013428,-0.00177,-0.0028839,-0.0011292,0.00024414,-0.0014191
-0.00048828,-0.00068665,-0.00016785,0.00030518,0.00080872,-0.0015106
-0.0018005,3.0518e-05,0.0024567,0.0013275,-0.00013733,-0.0019531
-0.0019989,0.00024414,0.0032959,0.0023041,-0.00036621,-0.0002594
-0.00015259,0,0.0032501,0.0027313,0.0027771,0.001709
0.0024567,0.0025787,0.0033569,0.0029297,0.0054321,0.0031891
0.0040741,0.0045319,0.0036774,0.0033875,0.0044556,0.0039063
0.0032196,0.003067,0.0041656,0.0031891,0.0033264,0.0032043
0.0014343,0.0022125,0.0040894,0.0027924,0.0038757,0.0013123
-0.00019836,0.0017395,0.003479,0.0029144,0.0034637,0.00057983
-0.00010681,0.00038147,0.0020905,0.00097656,0.002655,0.0018311
0.00071716,0.00076294,0.00024414,-0.00056458,0.0013275,0.0013123
0.0010834,0.0020142,0.00099182,0.00036621,-0.00032043,0.00053406
0.00080872,0.0015106,0.0014954,-0.00035095,0.0004425,0.00045776
-0.00035095,0.00073242,-0.00057983,-0.0014343,0.00041199,-0.00050354
-0.00018311,0.0012054,-0.0011444,-0.0023499,-0.0013428,-0.0011139
0.00015259,0.0013733,-0.0013275,-0.0047302,-0.0025177,-0.00076294
0.00067139,-0.0011597,-0.003418,-0.0063934,-0.0043182,0.00022888
0.00041199,-0.0049133,-0.0064087,-0.0080872,-0.0050964,-0.00054932
-0.0028381,-0.0050354,-0.00914,-0.0094147,-0.0050964,-0.0028076
-0.0052185,-0.0046997,-0.009201,-0.0093842,-0.0064087,-0.0041046
-0.0055542,-0.0074768,-0.0088654,-0.010101,-0.0080109,-0.0048676
-0.0066223,-0.008316,-0.010284,-0.010284,-0.0099182,-0.006424
-0.0092163,-0.0084839,-0.009552,-0.0090485,-0.011124,-0.0091095
-0.011795,-0.010544,-0.0090637,-0.0082397,-0.011475,-0.011734
-0.012772,-0.011932,-0.011505,-0.0087585,-0.01152,-0.012695
-0.013107,-0.012894,-0.012817,-0.010223,-0.011429,-0.012512
-0.014252,-0.013031,-0.012695,-0.01062,-0.013046,-0.013657
-0.015244,-0.013016,-0.012619,-0.0096741,-0.01474,-0.01535
-0.015579,-0.013885,-0.012802,-0.010071,-0.01474,-0.015289
-0.015411,-0.013901,-0.013214,-0.010406,-0.013794,-0.013901
-0.013229,-0.01297,-0.012451,-0.007843,-0.011887,-0.012375
-0.010437,-0.01088,-0.010162,-0.0051575,-0.010269,-0.011292
-0.0086975,-0.0066528,-0.0069122,-0.0036926,-0.0087738,-0.009964
-0.0067291,-0.0023651,-0.0025024,-0.0018921,-0.0064545,-0.0077057
-0.0045624,-7.6294e-05,6.1035e-05,1.5259e-05,-0.0045166,-0.0049591
-0.0021362,0.0004425,0.00019836,0.0017548,-0.0027008,-0.0026093
-0.00085449,-0.00038147,0.00065613,0.0020905,-0.0016174,-0.0015564
-0.0016327,-0.00041199,-0.00045776,0.0018311,-0.00177,-0.0024261
-0.00177,0.00068665,-0.00054932,0.002121,-0.0012817,-0.0030823
-0.00073242,0.00074768,0.00080872,0.0015564,-0.0002594,-0.00064087
0.00082397,0.0012054,0.00042725,0.0013428,4.5776e-05,0.0015717
0.0021362,0.002182,0.00082397,0.0024872,-9.1553e-05,0.0018311
0.0024872,0.0014801,0.0011597,0.0037994,0.00073242,0.0019531
0.0013885,0.0012054,0.0017548,0.0047455,0.001358,0.0007019
-0.00018311,0.0019073,0.0027924,0.0044708,0.00022888,4.5776e-05
0.00082397,0.0014191,0.0016174,0.0026245,0.00039673,0.00080872
0.0024261,0.0010834,-0.00059509,0.001236,0.0012207,0.0010529
0.0023346,0.0014954,-0.0014343,0.0010223,-0.00035095,0.0020905
0.0023804,0.00093079,-0.00067139,0.00027466,-0.0011139,0.0023804
0.0010834,-0.00035095,-0.0010834,-0.00036621,-0.00090027,0.00097656
-0.001297,-0.0011292,-0.0018158,6.1035e-05,-0.00076294,-0.00047302
-0.0019836,-0.0016022,-0.0020905,-0.00010681,-0.00016785,-0.0020142
-0.0036469,-0.0025177,-0.0037842,-0.0014801,-0.0021362,-0.002533
-0.0057526,-0.0039063,-0.0041656,-0.002655,-0.0052185,-0.0029449
-0.0051422,-0.0053406,-0.0033264,-0.0028381,-0.0059509,-0.003891
-0.0044098,-0.0054169,-0.0036774,-0.0019379,-0.0050201,-0.0040436
-0.0046539,-0.0030823,-0.0032349,-0.00068665,-0.0033875,-0.0043945
-0.0041046,-0.0020142,-0.0026398,-0.00045776,-0.0016785,-0.0041199
-0.0027618,-0.0028381,-0.0036926,-0.00042725,-0.0014648,-0.0026398
-0.002533,-0.0020142,-0.0037689,-0.00018311,-0.0031738,-0.0025787
-0.0042877,-0.0016937,-0.0023346,-0.00083923,-0.0048981,-0.0037994
-0.0056,-0.0033417,-0.002243,-0.0013733,-0.0058136,-0.0042877
-0.0068512,-0.0059509,-0.0035858,-0.0024414,-0.0064087,-0.0053101
-0.0081177,-0.0073395,-0.0057678,-0.0041809,-0.0067291,-0.0070801
-0.0071716,-0.0061646,-0.0082245,-0.0036926,-0.0073242,-0.007431
-0.0063629,-0.0058594,-0.008316,-0.0036774,-0.0073395,-0.0065155
-0.0062408,-0.0063019,-0.0071259,-0.0040436,-0.0054016,-0.0049744
-0.004837,-0.0053101,-0.0057526,-0.0019073,-0.003418,-0.0032196
-0.0026093,-0.0030975,-0.0033722,0.00019836,-0.0010071,-0.00094604
-0.00068665,-0.0005188,-0.00035095,0.0029907,0.0020905,0.0019684
0.0010529,0.0012207,0.0024414,0.0055389,0.0037689,0.0036774
0.003479,0.0027924,0.0029602,0.0067902,0.0041351,0.0042725
0.0045929,0.0033875,0.0041656,0.0080414,0.0037842,0.0046082
0.0049286,0.0036926,0.0062866,0.0072632,0.0039978,0.0044403
0.0058899,0.0058594,0.0066681,0.007019,0.0039063,0.0042725
0.0061035,0.0078583,0.0078735,0.0081024,0.0039063,0.0043945
0.0071564,0.0093994,0.0088806,0.0081024,0.0057831,0.0051727
0.0078583,0.0097961,0.0092163,0.0080109,0.0070038,0.0061951
0.0070038,0.0092926,0.0085297,0.0081635,0.0070038,0.0068512
0.0079651,0.0088654,0.0083923,0.0084076,0.00737,0.0077667
0.0080566,0.006897,0.0091705,0.0084076,0.0087433,0.0081787
0.0062103,0.0059967,0.0076141,0.0079041,0.01004,0.0083618
0.0070496,0.0070496,0.0075836,0.0066528,0.0095825,0.0086212
0.0087433,0.0080872,0.0078278,0.0056152,0.0080261,0.0079346
0.0086517,0.0080719,0.0071411,0.0050964,0.0058899,0.0074768
0.0081482,0.0068512,0.0076294,0.0040131,0.0040283,0.0067444
0.0064697,0.0063019,0.006073,0.0035706,0.0044403,0.0048981
0.0042877,0.0063019,0.0041351,0.0027008,0.0048218,0.00354
0.0037079,0.0055847,0.0026398,0.0007019,0.0031586,0.0036926
0.0039673,0.0031891,0.0018616,-4.5776e-05,0.0026245,0.004776
0.0042419,0.00068665,0.0025482,0.0011597,0.0027008,0.004364
0.0035095,0.0012665,0.0024567,0.0032349,0.0025635,0.0035858
0.0039215,0.0035095,0.0035706,0.0042267,0.0051422,0.0060577
0.0068207,0.0058136,0.0056763,0.0057678,0.0091705,0.0090027
0.0087128,0.0088196,0.0079346,0.0083008,0.01181,0.010193
0.0098267,0.010483,0.01123,0.009964,0.013062,0.011597
0.010941,0.010651,0.01265,0.01062,0.012878,0.012085
0.010742,0.011032,0.012314,0.009079,0.01181,0.010925
0.0098877,0.011627,0.012054,0.0079498,0.010712,0.009552
0.0097656,0.011337,0.011597,0.0072937,0.0096283,0.0089569
0.010254,0.0099487,0.010513,0.0053864,0.0096741,0.0094757
0.011017,0.0099945,0.0093689,0.0067139,0.01004,0.010147
0.011505,0.010468,0.010239,0.0085602,0.009964,0.01001
0.010391,0.0097809,0.010803,0.0067902,0.010391,0.0099945
0.0093994,0.0096893,0.0094147,0.0049133,0.010025,0.010605
0.0098114,0.0092468,0.0083771,0.0038452,0.0093994,0.0091248
0.0093536,0.0087891,0.0081177,0.0040894,0.0086212,0.0074615
0.0085449,0.0084534,0.0084534,0.0043335,0.0066833,0.0084991
0.0089417,0.0073547,0.0066986,0.0023193,0.0062714,0.008728
0.0089417,0.0080414,0.0050659,0.0021973,0.0071564,0.0077209
0.0092773,0.0083771,0.0066528,0.0023804,0.0067902,0.0075378
0.010056,0.0073395,0.0066528,0.00053406,0.0063934,0.0087738
0.010559,0.0078125,0.0054932,0.00056458,0.0070343,0.01149
0.01181,0.0082245,0.0061493,0.0011749,0.0077057,0.011673
0.011093,0.0091705,0.0077209,0.0024567,0.0081787,0.0097198
0.0098419,0.010315,0.0088196,0.0040283,0.0084076,0.0094299
0.010422,0.0093231,0.0077057,0.0034332,0.0083466,0.0089417
0.0091095,0.0077972,0.0070038,0.0034637,0.0081482,0.0078125
0.0062408,0.0065918,0.0084534,0.0043182,0.0072937,0.0072784
0.0052338,0.0062256,0.0075378,0.0033875,0.0077362,0.0066681
0.006485,0.0062408,0.0053406,0.0020142,0.0096893,0.0064697
0.0071106,0.0065308,0.0063934,0.0028992,0.0097046,0.0077362
0.0070343,0.0077057,0.0082092,0.0049286,0.0090027,0.008667
0.0079346,0.0076294,0.0081635,0.0052185,0.009079,0.0086365
0.0081024,0.0068054,0.0079193,0.0044556,0.0088806,0.0088959
0.007431,0.00737,0.0087433,0.0049896,0.0086517,0.0077362
0.0067444,0.0074463,0.010132,0.0050507,0.0075226,0.0060577
0.0053864,0.0066986,0.0090027,0.0024872,0.006546,0.0045624
0.0041351,0.0059967,0.0054626,0.00024414,0.0054169,0.0030365
0.0043335,0.0043488,0.0042114,-0.00050354,0.0029602,0.0032654
0.0042267,0.0031738,0.0041809,-0.0017395,0.0025635,0.0032349
0.0022125,0.0031128,0.0029449,-0.0023041,0.003952,0.0028687
0.0011597,0.0018616,0.0010986,-0.0018616,0.0037689,0.0028229
0.0019226,-0.00019836,-0.0002594,-0.0024414,0.0036316,0.0031891
0.0013428,-0.0011444,-0.0005188,-0.003418,0.0040283,0.0040741
0.00015259,-0.00090027,-0.0016022,-0.0033722,0.0023041,0.0018616
-0.0004425,-0.00041199,-0.0011444,-0.0028687,0.00028992,-0.0010223
-0.0018005,-0.0014191,4.5776e-05,-0.0033417,-0.00018311,-0.001709
-0.0031586,-0.0030518,-0.002594,-0.0048676,-0.00086975,-0.0031128
-0.0046997,-0.0042725,-0.0042419,-0.0061951,-0.0026245,-0.0042419
-0.0055542,-0.0065308,-0.0041046,-0.0075531,-0.0044556,-0.0040741
-0.006134,-0.0076141,-0.0059967,-0.0086975,-0.0064697,-0.0053711
-0.0082245,-0.0080261,-0.0077972,-0.010284,-0.0094757,-0.007782
-0.0083618,-0.0087585,-0.0093079,-0.012466,-0.01062,-0.0090637
-0.0073395,-0.0075226,-0.010178,-0.012314,-0.0099945,-0.0083923
-0.0063629,-0.0062866,-0.0088959,-0.011185,-0.0086823,-0.0057068
-0.0039215,-0.005127,-0.0079041,-0.01033,-0.0050049,-0.0029602
-0.0030518,-0.004303,-0.0072174,-0.0079041,-0.003418,-0.0021515
-0.0040283,-0.0047455,-0.0052185,-0.0051422,-0.0049286,-0.0033875
-0.0041656,-0.004364,-0.0037689,-0.0041046,-0.0046082,-0.004364
-0.0048523,-0.0039978,-0.0031586,-0.004364,-0.0053711,-0.0053406
-0.0062103,-0.0037842,-0.0032501,-0.0055237,-0.007309,-0.0075531
-0.0065918,-0.0047913,-0.005661,-0.0074158,-0.0076752,-0.0084381
-0.007782,-0.007843,-0.0081635,-0.0080261,-0.0098877,-0.0084076
-0.009491,-0.0088959,-0.0092163,-0.0092621,-0.011353,-0.0095825
-0.011093,-0.009491,-0.011429,-0.011902,-0.010925,-0.011765
-0.013031,-0.011459,-0.012466,-0.011292,-0.012466,-0.013458
-0.013855,-0.012192,-0.010651,-0.0094147,-0.013718,-0.013718
-0.01442,-0.013306,-0.011353,-0.0086975,-0.012711,-0.013412
-0.014648,-0.014175,-0.013,-0.0076294,-0.010712,-0.012756
-0.014679,-0.012772,-0.011261,-0.0068665,-0.0088654,-0.011017
-0.013596,-0.011765,-0.0090942,-0.0061493,-0.0080109,-0.0095825
-0.010483,-0.011002,-0.0092621,-0.004776,-0.0071869,-0.0094757
-0.0095062,-0.0080566,-0.0084839,-0.0033875,-0.0063477,-0.0084534
-0.0091248,-0.0063019,-0.0046997,-0.002121,-0.0060577,-0.0071716
-0.0076141,-0.0059357,-0.0033264,-0.0011444,-0.0053711,-0.0075073
-0.0066071,-0.0041809,-0.0032349,-0.0014648,-0.0052032,-0.0070038
-0.0047455,-0.003067,-0.0016632,-0.0022736,-0.0056152,-0.0052795
-0.0030365,-0.0013123,-0.0026398,-0.0022888,-0.0051117,-0.0049286
-0.0020905,-0.00015259,-0.0023346,-0.0017548,-0.005722,-0.0045471
-0.0025482,-0.001358,-0.00097656,-0.0015564,-0.0068512,-0.0046387
-0.0042877,-0.001297,-0.0027771,-0.0024872,-0.005661,-0.0062408
-0.0049591,-0.0016479,-0.00354,-0.0034485,-0.0048676,-0.0060425
-0.0047607,-0.0027771,-0.0035553,-0.0038452,-0.0055084,-0.0046844
-0.0035858,-0.003479,-0.004303,-0.0036163,-0.0057983,-0.0040894
-0.0026093,-0.0050049,-0.0050964,-0.0032196,-0.0052948,-0.0039215
-0.0033722,-0.0048981,-0.0058289,-0.0029297,-0.0043335,-0.0035248
-0.0035248,-0.004715,-0.0058746,-0.0028229,-0.0034943,-0.0016022
-0.0028687,-0.0057983,-0.0072327,-0.0039368,-0.0018311,-0.00041199
-0.0029907,-0.0050964,-0.0075531,-0.0039978,-0.0016937,-0.0010834
-0.0024719,-0.0036469,-0.0051727,-0.0019226,-0.0035553,-0.00082397
-0.0016174,-0.0026855,-0.0039063,-0.00021362,-0.0026245,-0.00068665
-0.0011139,-0.0025635,-0.0022736,0.0015869,-0.00019836,-0.0010834
-0.00065613,-0.0021515,0.00022888,0.0038605,0.00093079,0.0002594
-0.0007019,0.00039673,0.0011749,0.003952,0.0022583,0.00082397
-0.00018311,0.0021362,0.0022736,0.0039825,0.0023041,-0.0004425
0.00061035,0.0025482,0.0037537,0.0051575,0.0013123,0.00024414
0.001358,0.0039673,0.0040588,0.0041504,0.0020294,0.0017242
0.0031128,0.004425,0.0033875,0.0035095,0.0024567,0.0018768
0.0048676,0.0035706,0.0031891,0.0043945,0.0018158,0.0028687
0.0060883,0.0045929,0.0037994,0.0035553,0.002243,0.0043793
0.0067749,0.0067596,0.0040894,0.0030975,0.0034332,0.0042877
0.0058441,0.0073242,0.0039063,0.0041962,0.0037842,0.0037384
0.0045166,0.0054016,0.0031891,0.0034943,0.0031891,0.0039978
0.0045166,0.0024719,0.0024414,0.0027924,0.0027313,0.0041809
0.0041351,0.0010529,0.0027771,0.0038757,0.0023956,0.0040436
0.0026245,0.0019379,0.0036469,0.003891,0.0020447,0.0027008
0.00065613,0.0034637,0.0041656,0.0031281,0.001709,0.0010223
-0.00012207,0.0028992,0.0040436,0.0025024,0.0012054,0.0010376
0.0015564,0.0014801,0.0026093,0.0017853,0.00028992,0.00094604
0.002243,0.0018005,0.0014954,0.0010834,-0.00093079,0.00057983
0.0015564,0.0022583,0.0019073,0,-0.0015717,0.00045776
0.0018768,0.0022583,0.0014801,-0.00035095,-0.0010376,0.00032043
0.0022278,0.0025635,0.00085449,0.00073242,0.00074768,0.00080872
0.0026855,0.0025787,0.0027313,0.0025787,0.0027618,0.0016479
0.0033875,0.0027008,0.004715,0.0047455,0.0036774,0.0029602
0.0040283,0.0032806,0.0052643,0.0061951,0.0042419,0.0041656
0.0041504,0.0045776,0.006424,0.006073,0.0054779,0.0041656
0.0037079,0.0060577,0.0062408,0.0049591,0.0053558,0.0026398
0.0037079,0.0056152,0.0047302,0.0036163,0.0028229,0.0011749
0.0019684,0.0043488,0.004364,0.0016479,0.00054932,0.0011597
-0.00036621,0.0031586,0.0028839,0.00016785,7.6294e-05,0.00057983
-0.00024414,0.00088501,0.0011444,-0.00038147,-0.00061035,-0.0011292
-0.00074768,-0.00054932,0.00038147,-0.0013885,-0.0020905,-0.0014801
-0.0013885,-0.0010834,-0.0009613,-0.0016937,-0.0015869,-0.00079346
-0.00027466,-0.00071716,-0.0017242,-0.00177,-0.00056458,-0.00054932
0.0013733,0.0009613,-0.0010071,-0.0021362,-0.00036621,0.0010681
0.0033569,0.0017242,0.00085449,-0.00028992,0.0007019,0.0032654
0.00383,0.002533,0.0024261,0.0016937,0.0016327,0.0037994
0.0031586,0.0031433,0.0024567,0.0015411,0.0027313,0.0042725
0.0034485,0.0022888,0.00177,0.0018311,0.0046082,0.0046844
0.0033875,0.0015106,0,0.002655,0.0059204,0.00354
0.0015869,0.00036621,-0.00082397,0.0027924,0.0045929,0.0022278
-0.0015259,-0.0017395,0.00082397,0.0017548,0.00022888,0.00093079
-0.0036316,-0.0038452,-0.00061035,-0.0016479,-0.0033569,-0.0014801
-0.0028687,-0.0042877,-0.0040436,-0.0049286,-0.0042267,-0.0031433
-0.0014496,-0.0033722,-0.004776,-0.0058746,-0.0050507,-0.0024567
-0.0013123,-0.002533,-0.0052795,-0.0060577,-0.0053864,-0.00082397
-0.00015259,-0.0018463,-0.0055847,-0.005249,-0.0027618,-0.00015259
0.00032043,-0.0012207,-0.0034027,-0.0019989,-0.0012054,-0.00099182
-0.0015869,-0.0011292,-0.00036621,0.0007019,-0.0021362,-0.0016632
-0.0014191,-0.0019226,-0.00024414,-0.00010681,-0.0012054,-0.0010071
-0.00068665,-0.0015411,-0.0016479,-0.00068665,-0.00083923,-0.0004425
-0.0024109,-0.0011139,-0.00062561,-0.0005188,-0.0025482,-0.0011902
-0.0023041,-0.002243,0.0007019,-0.00074768,-0.0014801,-0.0010223
-0.00057983,-0.0015869,0.00057983,0.0009613,0.0014954,0.0013275
9.1553e-05,0.00041199,0.0016785,0.0026855,0.0037842,0.0028534
0.0016327,0.0019531,0.0036163,0.0036163,0.0052032,0.0032959
0.0032501,0.003891,0.0039063,0.0036316,0.0046844,0.0031586
0.0024414,0.004364,0.0037079,0.0033264,0.0022888,0.0016632
0.00086975,0.0031586,0.0036316,0.003067,0.00035095,0.00054932
-0.00030518,0.0015717,0.0021515,0.00039673,0.00038147,-0.00027466
-0.0020142,-0.00079346,-3.0518e-05,-0.0013123,-0.00010681,-0.0010071
-0.0021515,-0.002533,-0.0018158,-0.00086975,-0.00053406,-0.00053406
-0.0013123,-0.0030365,-0.0028229,-0.0011292,0.00045776,-4.5776e-05
-0.0020905,-0.003067,-0.0019989,-0.0013428,-0.00022888,-0.00045776
-0.0023804,-0.0024872,-0.0009613,-0.0010834,-0.0019836,-0.001236
-0.0014801,-0.0016327,-0.0011749,-0.00061035,-0.0017395,-0.0024261
-0.0018005,-0.0010986,-0.00079346,-0.00039673,-0.00047302,-0.0024261
-0.002655,-0.0011902,-0.00032043,-0.00073242,1.5259e-05,-0.00071716
-0.0022278,-0.0014801,-0.0016937,-0.0014648,-0.0010223,-0.00090027
-0.0025024,-0.0025482,-0.0038147,-0.0025482,-0.0033569,-0.0021667
-0.0035858,-0.0038605,-0.0041199,-0.0037231,-0.004364,-0.0030212
-0.0035553,-0.0035248,-0.0031128,-0.0046387,-0.0042725,-0.0041656
-0.0043793,-0.0031128,-0.0031586,-0.0041504,-0.0037537,-0.0036163
-0.0051727,-0.0037231,-0.0037231,-0.0031891,-0.0022125,-0.0026855
-0.0036774,-0.0043793,-0.0036011,-0.003479,-0.0017853,-0.0026093
-0.0031738,-0.0045319,-0.0035858,-0.0026093,-0.0019073,-0.0013123
-0.0035248,-0.0042419,-0.0024719,-0.0004425,-0.00067139,0.00030518
-0.0009613,-0.0034485,-0.00071716,0.0010681,0.0009613,0.00079346
0.0010986,-0.00099182,-0.00033569,0.0023499,0.0027161,0.0012665
-0.00019836,0.0023499,0.0007782,0.0027008,0.0034332,0.00068665
-0.00022888,0.0029755,0.0017548,0.0018616,0.0021667,3.0518e-05
0.0014191,0.00079346,0.0014191,0.00083923,0.0014648,0.0014648
0.001709,0.00093079,0.0017395,0.0016479,0.0014191,0.0018463
0.0021667,0.002243,0.0029907,0.0029755,0.0016327,0.0022736
0.0035095,0.0017548,0.0037994,0.0036774,0.0036011,0.0045166
0.0029755,0.0029449,0.0039063,0.0052795,0.005722,0.0052643
0.0024109,0.0045013,0.0054932,0.0052032,0.0068512,0.0051117
0.0045776,0.0052948,0.0064392,0.0048676,0.007309,0.0062561
0.0074615,0.0063019,0.0048981,0.0055389,0.0071716,0.0081482
0.010025,0.0054626,0.0036163,0.004715,0.0072021,0.0097961
0.01001,0.0048065,0.0037994,0.0044098,0.0077057,0.010254
0.0071869,0.0055237,0.0054626,0.005188,0.0082703,0.009552
0.0059814,0.005722,0.0067139,0.0050964,0.0086365,0.0093231
0.0071259,0.0060425,0.0057526,0.0036926,0.0088348,0.0087433
0.0087585,0.0076752,0.0054321,0.0035553,0.0075073,0.007309
0.0089264,0.008728,0.0069885,0.0042572,0.0052643,0.006485
0.0073242,0.0076904,0.007019,0.0028381,0.0048981,0.0052643
0.0064087,0.0069122,0.0071106,0.0027771,0.0050964,0.0048676
0.0063934,0.0068665,0.0085297,0.0044403,0.0053406,0.0057678
0.006134,0.0064087,0.0074005,0.0046692,0.0062866,0.0053253
0.006485,0.0059662,0.0062103,0.004837,0.0059814,0.0056458
0.0070648,0.0061798,0.006485,0.0038605,0.004425,0.0057526
0.006546,0.0065308,0.0062408,0.001297,0.0029907,0.0042419
0.0055237,0.0053101,0.0060577,-0.00059509,0.0034943,0.0051117
0.0051117,0.0039063,0.0045776,-0.00064087,0.0045166,0.005249
0.0044708,0.0047455,0.0033722,0.0012054,0.0035248,0.0033569
0.0032806,0.0053558,0.00354,0.0015259,0.0023651,0.0018005
0.0014648,0.0032654,0.0022125,-0.00035095,0.00086975,-0.00083923
-0.00064087,0.00016785,0.0010529,-0.0017548,-0.0010834,-0.0020752
-0.0011902,-0.0014038,0.0010376,-0.0025177,-0.0021515,-0.0017548
-0.0011292,-0.0002594,0.00030518,-0.0024719,-0.0027618,-0.0021973
-0.00083923,0.00080872,0.00093079,-0.002182,-0.0018158,-0.0019531
0.0005188,0,0.0019226,-0.0016479,0.00010681,4.5776e-05
0.0019684,-4.5776e-05,0.001358,-0.00047302,0.0011749,0.001709
0.0018005,0.00035095,0.0019226,0.0005188,0.0020599,0.0023499
0.00088501,0.00061035,0.0024872,0.00093079,0.0024261,0.0027924
0.00177,0.0015106,0.0016479,0.00032043,0.0030823,0.0020447
0.0017395,0.0026245,0.0013428,-0.00018311,0.0039825,0.0015717
0.0014038,0.0030212,0.0025635,0.0004425,0.0033417,0.0019989
0.0023499,0.0020599,0.0036621,0.0011902,0.0023804,0.0010376
0.00027466,0.0014496,0.0025635,0.00056458,0.00016785,-0.001297
-0.0026703,0.00028992,0.00082397,-0.0014038,-0.0027771,-0.0032654
-0.0028992,-0.002121,-0.0014648,-0.0038605,-0.0030212,-0.0035248
-0.0033264,-0.0035858,-0.0051117,-0.0071869,-0.0032501,-0.0037537
-0.0047913,-0.0051117,-0.007309,-0.0090332,-0.0059052,-0.0046844
-0.0058899,-0.0073242,-0.0091553,-0.010162,-0.0078735,-0.0058441
-0.0081635,-0.009964,-0.011932,-0.012299,-0.0088806,-0.0079498
-0.010162,-0.012039,-0.012543,-0.012894,-0.010971,-0.0093231
-0.010178,-0.011215,-0.012238,-0.013199,-0.011719,-0.0098724
-0.010361,-0.0096893,-0.012436,-0.013016,-0.011673,-0.010773
-0.0096893,-0.0099335,-0.01268,-0.012436,-0.013184,-0.011154
-0.0090942,-0.011017,-0.01329,-0.012604,-0.013321,-0.011459
-0.010742,-0.011917,-0.012512,-0.011703,-0.013443,-0.012344
-0.012772,-0.011612,-0.011551,-0.010895,-0.014267,-0.013016
-0.013397,-0.01088,-0.010895,-0.009903,-0.013153,-0.013321
-0.013138,-0.011002,-0.010406,-0.0088348,-0.012253,-0.01384
-0.013016,-0.011749,-0.011047,-0.0088196,-0.013062,-0.013702
-0.012604,-0.011993,-0.010361,-0.0079498,-0.013763,-0.012955
-0.012756,-0.010437,-0.0099335,-0.0070038,-0.012863,-0.013046
-0.012344,-0.0092163,-0.010773,-0.007431,-0.011475,-0.01236
-0.01033,-0.0094757,-0.010986,-0.0078583,-0.010666,-0.010376
-0.0090637,-0.0090485,-0.01001,-0.0065613,-0.010223,-0.0092468
-0.0086365,-0.00737,-0.0077209,-0.0046387,-0.0098267,-0.0086365
-0.0083618,-0.006012,-0.005722,-0.0027618,-0.0090637,-0.008194
-0.0071106,-0.0056763,-0.0047455,-0.0016937,-0.0077209,-0.0082397
-0.0062561,-0.0050354,-0.0050812,-0.0020599,-0.0067749,-0.0075684
-0.0074463,-0.0047607,-0.0050049,-0.0015106,-0.007309,-0.0071716
-0.007843,-0.0050354,-0.0042114,-0.0018311,-0.0074615,-0.0084076
-0.0076752,-0.0050049,-0.0044556,-0.0027161,-0.0071869,-0.0089722
-0.0089569,-0.0053253,-0.0049286,-0.0025635,-0.0086517,-0.0090637
-0.0098419,-0.0051727,-0.0053864,-0.0040894,-0.010605,-0.0097656
-0.0077972,-0.0055847,-0.0063324,-0.0050201,-0.010513,-0.0082703
-0.0052643,-0.0065155,-0.0071411,-0.0042267,-0.008728,-0.0055695
-0.0046692,-0.0051117,-0.0065155,-0.0030212,-0.0067596,-0.0043488
-0.0041046,-0.0035095,-0.0056152,-0.0012665,-0.0048828,-0.0032806
-0.0035095,-0.0046082,-0.0056152,-0.0011597,-0.0031128,-0.0023804
-0.0030212,-0.0056,-0.0056152,-0.0012817,-0.0019684,-0.0015106
-0.0024109,-0.0041351,-0.0055847,0.00039673,-0.0015106,-7.6294e-05
-0.0022736,-0.0037994,-0.0052338,0.0011902,7.6294e-05,4.5776e-05
-0.0029144,-0.0048065,-0.0053101,0.0015564,0.00093079,-0.00062561
-0.004776,-0.0041046,-0.0045013,0.0029297,-0.00024414,-0.00088501
-0.0049591,-0.0037842,-0.0016327,0.0033569,-0.00021362,-0.0023193
-0.003418,-0.0035248,-0.0011139,0.0033112,-0.0013428,-0.0040283
-0.0026398,-0.0012665,-0.00065613,0.0033264,-0.0030518,-0.0028229
-0.0011139,0.0005188,0.00097656,0.0027771,-0.0010529,-0.00024414
0.00074768,0.0014191,0.00030518,0.0037384,0.0011444,0.0014801
0.0023041,0.0027008,0.0012054,0.0052032,0.0021057,0.0028992
0.0034637,0.0036926,0.002594,0.0052643,0.003479,0.00383
0.0043335,0.0047913,0.0027771,0.0053864,0.0046387,0.0049438
0.0063171,0.0059357,0.0037689,0.0058594,0.0060272,0.0069885
0.0081787,0.006073,0.0032501,0.0065155,0.0078125,0.0089874
0.0083618,0.0056763,0.0035248,0.0080719,0.009964,0.010208
0.0073853,0.0058289,0.0053406,0.0089722,0.010391,0.010086
0.0069885,0.0061951,0.0045776,0.0075531,0.008194,0.008316
0.0071411,0.0059052,0.0029602,0.0045166,0.0056,0.0066071
0.0048828,0.0041504,0.001709,0.0015869,0.0031891,0.0057983
0.0011902,0.001297,-0.00042725,0.00099182,0.0014801,0.0032501
-0.00094604,-0.00083923,-0.0014954,0.0013733,0.00012207,-0.00013733
-0.0026703,-0.0023499,-0.0010223,0.00099182,-0.0004425,-0.0020599
-0.004715,-0.0032959,-0.00038147,0.0013123,-0.0011139,-0.0036316
-0.0057831,-0.003067,-0.00035095,0.001236,-0.0033569,-0.0048523
-0.0061188,-0.0025024,-0.00076294,0.00010681,-0.0036469,-0.0056
-0.0058899,-0.0020294,0.00022888,0.00035095,-0.0019531,-0.005722
-0.0050201,-0.0018005,0.0010071,0.0014343,-0.00097656,-0.004776
-0.0044708,-0.0016632,7.6294e-05,0.0016632,-0.00059509,-0.0036011
-0.0036774,-0.0013428,0.00050354,0.0012207,-0.0011444,-0.0016327
-0.001709,-0.00047302,0.0007019,0.00054932,-0.0011444,-0.00068665
-0.0002594,0.00099182,0.00015259,0.0011292,0.00010681,-0.0013885
-0.0013733,0.0016479,0.0015411,0.0028076,0.00016785,-0.0014191
-0.0026093,0.00083923,0.0011292,0.0030212,-0.00039673,-0.0014648
-0.00091553,-6.1035e-05,-0.0010223,0.0011902,-0.00064087,-0.0014038
-0.0005188,-0.00015259,-0.0018921,-0.0007019,-0.0012665,-0.0012054
-0.0016785,-0.00024414,-0.0022736,-0.0014343,-0.0018463,-0.00048828
-0.00068665,-0.00086975,-0.0017853,-0.00177,-0.0026703,-4.5776e-05
-0.00038147,-0.00076294,-0.0012054,-0.00091553,-0.0033264,-0.00033569
-0.00035095,-0.00047302,0.00016785,0.00099182,-0.0014801,0.00054932
0.0010071,-0.00016785,0.0010376,0.0018768,0.0016022,0.00073242
0.0014191,0.0022125,0.00042725,0.0034637,0.0028687,0.00086975
0.0021973,0.003006,0.0019379,0.0047913,0.0040588,0.0027771
0.0035706,0.0021515,0.0032501,0.0046234,0.0053406,0.0046692
0.0043488,0.003418,0.0039215,0.0057983,0.0061951,0.0063019
0.0056152,0.004303,0.0057831,0.0070648,0.0084381,0.0079803
0.0066528,0.0045013,0.0059204,0.0075226,0.0096436,0.0087128
0.0069885,0.004715,0.0054779,0.0077209,0.0089264,0.0076599
0.0065765,0.0043793,0.0054779,0.0070343,0.0076599,0.006958
0.0057068,0.0047913,0.0046082,0.0046844,0.0068359,0.0066376
0.0056305,0.0052032,0.0041656,0.0029907,0.0066833,0.0057831
0.0059814,0.0050964,0.0056,0.0043945,0.0050049,0.006134
0.0059204,0.0060272,0.0069427,0.0058289,0.0048065,0.0054321
0.005188,0.0070038,0.0068207,0.0061493,0.0064697,0.003891
0.0057983,0.007431,0.0072784,0.0056915,0.0062714,0.0047302
0.0077209,0.0080109,0.0074615,0.0056458,0.0065002,0.0059052
0.0083008,0.0089417,0.0080719,0.007019,0.0082703,0.0066986
0.0085449,0.010284,0.009964,0.0074463,0.0094452,0.008255
0.0097351,0.010483,0.010468,0.0072784,0.0096283,0.0098724
0.011398,0.0103,0.010468,0.0075378,0.009964,0.010956
0.011612,0.01033,0.010117,0.0075989,0.010361,0.010529
0.01062,0.0098419,0.010254,0.0073547,0.0095062,0.0093994
0.010773,0.010056,0.011475,0.0075836,0.0093536,0.0094452
0.010788,0.010925,0.011368,0.0076904,0.010193,0.0095978
0.010666,0.01149,0.011108,0.0067596,0.010239,0.0098267
0.012009,0.010391,0.011093,0.0063019,0.011642,0.011627
0.012482,0.010117,0.010376,0.0079956,0.013535,0.01329
0.011169,0.011322,0.011154,0.010345,0.013641,0.013321
0.010818,0.010422,0.012833,0.0094757,0.014008,0.012405
0.010101,0.010315,0.011948,0.0068665,0.012878,0.011078
0.0078125,0.009903,0.0097504,0.0062866,0.0097961,0.0097656
0.0070648,0.0071869,0.0083466,0.0050812,0.0083771,0.0075073
0.0066528,0.0065613,0.0067291,0.0024719,0.0071716,0.0053558
0.0054626,0.0061798,0.0053558,0.0013733,0.0052795,0.0045471
0.0042114,0.004715,0.0054626,0.0007782,0.0048218,0.0035706
0.0039673,0.0044098,0.0055389,0.00053406,0.0048065,0.0042267
0.0059662,0.0045776,0.0053558,0.00062561,0.0044403,0.0059052
0.0059204,0.0054474,0.006073,0.00030518,0.0039673,0.005188
0.0042725,0.0060425,0.0065765,0.00027466,0.00354,0.0041962
0.0036774,0.0051575,0.0054932,-0.00071716,0.0036316,0.0026703
0.0027771,0.0043182,0.0023346,-0.0031433,0.0019531,0.00073242
0.0020447,0.00354,3.0518e-05,-0.0053711,-0.0011139,0.00033569
0.00091553,0.0015564,-0.0011444,-0.0066223,-0.0030212,-0.00074768
-0.00068665,-0.0016327,-0.0037384,-0.0080414,-0.0049591,-0.0014648
-0.0018768,-0.0043182,-0.0056763,-0.0086823,-0.0054016,-0.0021057
-0.0017548,-0.0047913,-0.0056763,-0.0074921,-0.0039063,-0.0023804
-0.001236,-0.0035095,-0.0044556,-0.0069885,-0.0035553,-0.0011292
-0.0020752,-0.0024567,-0.0045319,-0.0072784,-0.0039063,-0.0024872
-0.0023499,-0.0029144,-0.0057678,-0.007782,-0.0048218,-0.0032349
-0.0026245,-0.0040131,-0.0054932,-0.0088043,-0.006134,-0.0024567
-0.0027313,-0.004303,-0.0058899,-0.0087738,-0.005661,-0.00383
-0.0024109,-0.0039978,-0.0060425,-0.00737,-0.004837,-0.0045776
-0.0042572,-0.0030365,-0.0045776,-0.0058746,-0.0050354,-0.0050964
-0.0050964,-0.0027008,-0.0040131,-0.0057526,-0.0051727,-0.005188
-0.0035248,-0.0043793,-0.0045013,-0.0054779,-0.0049133,-0.0038757
-0.003418,-0.0049591,-0.0044556,-0.0036926,-0.0031891,-0.0035858
-0.0043945,-0.0036163,-0.0026703,-0.0029297,-0.001358,-0.0033264
-0.0044708,-0.0024567,-0.002182,-0.0032806,-0.0028381,-0.0029907
-0.0041199,-0.0029144,-0.0032501,-0.0038452,-0.0048828,-0.0041046
-0.0039825,-0.0041046,-0.0029449,-0.0042725,-0.004303,-0.0045776
-0.0038147,-0.00383,-0.0028534,-0.0042114,-0.0039673,-0.0039673
-0.0038452,-0.0029602,-0.0036469,-0.003891,-0.0035095,-0.0040741
-0.0043335,-0.0036163,-0.0046234,-0.0042267,-0.0026855,-0.0040131
-0.0041504,-0.0057678,-0.0058594,-0.0057678,-0.00383,-0.0034943
-0.0032349,-0.0065155,-0.0071716,-0.0067902,-0.0046082,-0.0030823
-0.0036469,-0.0066071,-0.0083771,-0.0075378,-0.004715,-0.0041351
-0.0057678,-0.007019,-0.0093689,-0.0078583,-0.0065613,-0.0062866
-0.0075989,-0.0074005,-0.0091095,-0.0079651,-0.0088806,-0.006897
-0.0080872,-0.0080719,-0.0077667,-0.0083008,-0.0091705,-0.0084381
-0.0078888,-0.0065918,-0.0068665,-0.0069427,-0.0078278,-0.0093994
-0.0065308,-0.0048828,-0.0053101,-0.005127,-0.0063019,-0.0065155
-0.0043945,-0.0040436,-0.0033417,-0.0037689,-0.0049438,-0.0048523
-0.0029297,-0.002182,-0.0027618,-0.0023041,-0.0043793,-0.0046844
-0.00177,-0.00086975,-0.0019836,-0.0013275,-0.0041504,-0.0041504
-0.0015564,-0.00013733,0.00088501,0.00093079,-0.0028534,-0.0043945
-0.0011902,0.0017395,0.0036621,0.0032196,-0.0011444,-0.002594
0.0018768,0.0041199,0.0046539,0.0038147,0.00059509,0.00045776
0.005249,0.0058746,0.0056915,0.0044556,0.003067,0.0027618
0.0076904,0.0072632,0.0069885,0.0048218,0.004837,0.0059509
0.0091095,0.007782,0.0071259,0.006012,0.0056915,0.0073242
0.0075989,0.0078125,0.006897,0.0074463,0.0060425,0.0063934
0.0057831,0.0072784,0.0068207,0.0068817,0.0062103,0.0060883
0.005722,0.0055084,0.0058899,0.0047302,0.0067596,0.0056305
0.0049591,0.0048218,0.0043182,0.0029755,0.0050049,0.0046234
0.0039825,0.0041351,0.003891,0.0033264,0.0018921,0.003479
0.0032959,0.0031281,0.0037384,0.0024567,0.0010071,0.0020752
0.0012665,0.0025787,0.0018616,0.00090027,0.00091553,0.00050354
-0.0010529,-0.00010681,-4.5776e-05,0.0004425,4.5776e-05,-0.0010986
-0.0023499,-0.0031433,-0.0016785,-0.0016022,-0.0015106,-0.0026398
-0.0035095,-0.004776,-0.0044556,-0.0036926,-0.003479,-0.0035553
-0.004715,-0.006134,-0.0068359,-0.005661,-0.0047607,-0.0038605
-0.0053101,-0.0065308,-0.0081329,-0.0076447,-0.0055542,-0.0052338
-0.0057373,-0.0069427,-0.0094757,-0.0082245,-0.0065765,-0.0061493
-0.0070038,-0.0091553,-0.010269,-0.0091705,-0.0073853,-0.0053253
-0.0081482,-0.010284,-0.010193,-0.0083618,-0.0075836,-0.0053711
-0.0082397,-0.008728,-0.0093994,-0.0064392,-0.0081482,-0.0068817
-0.0082855,-0.0076447,-0.0078278,-0.0069733,-0.0095978,-0.0084991
-0.0079956,-0.0080872,-0.0079956,-0.0081482,-0.010406,-0.0092926
-0.0079041,-0.0083923,-0.0096893,-0.0085907,-0.010056,-0.009079
-0.0092468,-0.0085754,-0.010117,-0.0071869,-0.0090332,-0.0086365
-0.0097809,-0.0093231,-0.0094452,-0.0047455,-0.0070038,-0.0088501
-0.0090485,-0.0095062,-0.0079498,-0.0028534,-0.0053864,-0.0080261
-0.0080719,-0.0084534,-0.0058136,-0.0016174,-0.0055695,-0.0058441
-0.0063629,-0.006424,-0.0041351,-0.0014648,-0.0049591,-0.0046997
-0.0041962,-0.0033875,-0.0028839,-0.00013733,-0.0029297,-0.003479
-0.002121,0.00013733,-0.00041199,0.0022736,-0.00097656,-0.0022736
-0.00085449,0.002121,0.0025482,0.0035095,0.00030518,-0.0025177
-0.00038147,0.0019836,0.0030975,0.0042114,-0.00045776,-0.0027161
-0.0010986,0.0012665,0.0021973,0.0041199,-0.0014496,-0.0028534
-0.002182,0.0007782,0.0016785,0.0027008,-0.0016632,-0.0028992
-0.0021515,-1.5259e-05,0.00042725,0.00076294,-0.0024719,-0.0021057
-0.0022888,-0.0012512,-0.00091553,-0.00042725,-0.0026093,-0.0022278
-0.0031738,-0.0013733,-0.0011292,-0.00021362,-0.0021362,-0.0026245
-0.0031281,-0.0020752,-0.0018768,-0.0005188,-0.0018311,-0.0018005
-0.0020294,-0.0029449,-0.0036316,-0.0016327,-0.0025635,-0.0016479
-0.0017548,-0.0022125,-0.003891,-0.0019989,-0.0037994,-0.0024567
-0.0013428,-0.0020599,-0.0030365,-0.0025024,-0.0034637,-0.0023956
-0.00073242,-0.0011139,-0.0034332,-0.0029755,-0.0025177,-0.00041199
-0.00062561,0.00059509,-0.0026855,-0.0017548,-0.0014343,0.00033569
0.00071716,0.0012665,-0.00022888,0.00022888,-0.00083923,-0.0011597
0.0014343,0.0015717,0.00054932,0.0019379,-0.00080872,-0.0011902
9.1553e-05,0.0011444,0.0013123,0.0034332,-0.00036621,0
-0.00094604,-3.0518e-05,0.0026398,0.0035095,-0.00018311,-0.0002594
-0.0018158,0.00016785,0.0024872,0.0024261,-0.00038147,-0.0020599
-0.0029755,0.00086975,0.0018921,0.0018158,-0.0014191,-0.0027008
-0.0029144,-7.6294e-05,0.0013885,0.0011597,-0.0022888,-0.0025177
-0.0019836,-0.00068665,0.0010834,0.00053406,-0.0025482,-0.0024414
-0.0011292,-0.00027466,1.5259e-05,0.0011749,-0.0013428,-0.0012207
-0.0005188,-0.00061035,-0.00062561,0.0024109,0.00093079,-0.0004425
0.00065613,-0.00047302,0.00048828,0.0022736,0.0013275,-9.1553e-05
0.0015411,0.0012054,0.00086975,0.0014496,0.0017853,-0.00050354
1.5259e-05,0.0020447,0.0021057,0.0024872,0.001709,-0.00016785
-0.00033569,0.0015106,0.0026398,0.0016785,0.00071716,0.0020447
0.0016327,0.0009613,-0.00022888,-0.00028992,0.0015259,0.0014496
0.0015869,0.00067139,-0.00076294,0.0013428,0.0014191,0.00022888
0.0005188,0.00039673,0.00090027,0.0010986,-0.00039673,0.0013123
0.00036621,-0.00068665,-0.0004425,-0.0010529,-6.1035e-05,0.0012054
-3.0518e-05,-0.0014496,-0.0028839,-0.0012512,0.00094604,0.00064087
-0.00039673,-0.0016937,-0.0030518,-0.0019226,-0.00064087,0.00088501
-0.00065613,-0.0024719,-0.0036316,-0.0023041,-0.0019836,0.00042725
-0.0021973,-0.0025177,-0.0047607,-0.0018311,-0.0024719,-0.00074768
-0.0035095,-0.0032654,-0.0039978,-0.0022888,-0.0033417,-0.0025177
-0.0040131,-0.0049286,-0.0049438,-0.0036316,-0.0036469,-0.0036621
-0.0046387,-0.0052032,-0.0070038,-0.0050659,-0.0050201,-0.0034332
-0.0047913,-0.0059509,-0.0068512,-0.0055237,-0.0066223,-0.003952
-0.0058899,-0.0071411,-0.0067444,-0.0047302,-0.0066681,-0.005127
-0.0065613,-0.0069275,-0.0075226,-0.0041809,-0.0067291,-0.0051575
-0.0048828,-0.0064545,-0.0078278,-0.0040741,-0.0057831,-0.0041046
-0.0035553,-0.0061493,-0.0068207,-0.0033569,-0.0037079,-0.0030212
-0.0032196,-0.0041809,-0.0057831,-0.0028076,-0.0030212,-0.0027008
-0.0033112,-0.0019531,-0.0052032,-0.0032349,-0.004425,-0.0027618
-0.0042572,-0.0029755,-0.0039215,-0.0035553,-0.0061188,-0.0024719
-0.0046692,-0.005249,-0.0045776,-0.0028687,-0.0045319,-0.0026093
-0.0050659,-0.0058746,-0.0061035,-0.0015106,-0.0026245,-0.0041656
-0.0067596,-0.006134,-0.0044098,-0.00018311,-0.003006,-0.0058289
-0.0076447,-0.006424,-0.0037994,-0.00039673,-0.0035706,-0.0062561
-0.0071106,-0.0060883,-0.0059814,-0.0017853,-0.0050049,-0.0058136
-0.0070038,-0.0062256,-0.0058899,-0.0034332,-0.0057068,-0.0059357
-0.0074463,-0.0069122,-0.0048828,-0.0043335,-0.006546,-0.0072327
-0.0078583,-0.0063782,-0.0049133,-0.0036926,-0.0080261,-0.0080719
-0.0088806,-0.0065765,-0.0048218,-0.0039063,-0.0084076,-0.008316
-0.010056,-0.0078583,-0.0071564,-0.0052338,-0.0087738,-0.0096436
-0.010147,-0.0077515,-0.0087433,-0.0062866,-0.0087891,-0.010101
-0.0089264,-0.0084991,-0.0076904,-0.0062408,-0.0090332,-0.0081177
-0.0082855,-0.0097351,-0.0091248,-0.0049438,-0.0071564,-0.0058746
-0.0081024,-0.0094147,-0.010254,-0.0045013,-0.003952,-0.0041656
-0.0057983,-0.008667,-0.0085144,-0.0034485,-0.0035553,-0.0031738
-0.0034485,-0.0065765,-0.0071564,-0.0016327,-0.0036469,-0.0027008
-0.0019989,-0.0039368,-0.0067902,-0.0009613,-0.0033112,-0.0016785
-0.0011139,-0.0035553,-0.0048523,0.00054932,-0.0018463,-0.0007019
-0.0016937,-0.0028076,-0.0012817,0.0028381,0.00015259,-0.00056458
-0.0027161,-0.00083923,0.00036621,0.0042725,0.0007019,-0.0018921
-0.0032043,-0.0013275,0.00053406,0.003952,0.00065613,-0.0030823
-0.0020599,-0.0016022,0.0005188,0.0026093,-0.00045776,-0.0021057
-0.00059509,-3.0518e-05,0.00032043,0.002533,-0.0017242,-0.00073242
7.6294e-05,0.00062561,0.0010223,0.0024567,-0.0016327,0.00027466
0.001358,0.00083923,0.0020599,0.0026398,-0.00097656,0.0012665
0.0028381,0.0015564,0.0027771,0.0040588,-0.00045776,0.0020294
0.0036163,0.0035248,0.0028687,0.0037384,0.0018158,0.0017853
0.0032196,0.0046997,0.0027466,0.0031128,0.0033875,0.00015259
0.0019836,0.0033569,0.0031891,0.0044098,0.0014038,-6.1035e-05
0.0013428,0.0010834,0.0025482,0.0039368,0.00068665,0.0010376
0.00016785,-0.00099182,0.0016479,0.0031586,0.00099182,0.00073242
-0.00071716,-0.0011902,0.0021973,0.0041199,0.00099182,0.00030518
0.00088501,0.00032043,0.0019989,0.0038757,0.0016632,0.00076294
0.0024109,0.0020599,0.0021362,0.0033569,0.0020142,0.0020752
0.0036011,0.0033722,0.0033112,0.0039673,0.0039215,0.0046234
0.0053711,0.0042267,0.0045013,0.0058594,0.0062561,0.0061493
0.0056915,0.0047913,0.0066376,0.0075226,0.0068665,0.0059204
0.0054016,0.0055389,0.0079193,0.0076294,0.0069275,0.0055542
0.0054474,0.0066376,0.0080109,0.0079803,0.0069733,0.0047302
0.0052338,0.0063324,0.0082397,0.007782,0.0063324,0.0042725
0.0059357,0.0062256,0.0081635,0.0072784,0.0062408,0.005127
0.0063019,0.0076599,0.0081635,0.0081635,0.0068817,0.0049286
0.0049744,0.0069885,0.0089264,0.0079803,0.0062866,0.0047607
0.0052032,0.0058746,0.0086517,0.0063629,0.0070953,0.0055237
0.0055695,0.0074158,0.0066681,0.0065002,0.0084076,0.0053253
0.0054779,0.0072784,0.0065308,0.0068817,0.0078125,0.0066071
0.0071259,0.0047913,0.0073547,0.0059204,0.0076294,0.0071411
0.0063629,0.0049438,0.0065308,0.0054932,0.0062408,0.0052032
0.005188,0.0061646,0.0062408,0.0044708,0.0044098,0.0045776
0.0061798,0.0050812,0.0056763,0.0020142,0.0036163,0.0045471
0.0056305,0.0032654,0.0033569,6.1035e-05,0.0016937,0.0050812
0.0051727,0.0028229,0.0027008,-0.00035095,0.0011902,0.0054932
0.0049133,0.0048065,0.003418,0.00010681,0.0031128,0.0041504
0.0034637,0.0055695,0.0039063,0.0011902,0.0039673,0.0031281
0.0036163,0.0038757,0.0053101,0.0028534,0.0037079,0.0035248
0.0059204,0.0041046,0.005188,0.0032349,0.0043182,0.0049286
0.0079803,0.0053711,0.0039825,0.0025787,0.006012,0.0069733
0.0081329,0.006546,0.0049896,0.0023651,0.0074768,0.0087585
0.0075684,0.0074158,0.0061798,0.0022125,0.0074005,0.0081787
0.0067139,0.0061188,0.0053101,0.0022888,0.0054016,0.0058136
0.0058441,0.0044861,0.0037384,0.0019989,0.0033417,0.0050812
0.005661,0.0033569,0.0035248,0.0013275,0.0035553,0.0055084
0.0053558,0.0031433,0.0032806,0.001358,0.0041199,0.0042572
0.0042267,0.0039825,0.0027313,0.0017395,0.0033112,0.0019684
0.002121,0.0031433,0.0033569,0.0018158,0.0024567,0.0010986
0.00094604,0.0014191,0.0028076,0.0014648,0.0026398,0.0014343
0.0013733,0.00093079,0.0024719,0.0012512,0.0028839,0.001297
0.0016937,0.0021515,0.0031891,0.00071716,0.0022278,0.00074768
0.0016022,0.0037537,0.0029449,0.00033569,0.0022888,0.0012512
0.0022736,0.0041809,0.0039368,0.0013123,0.0030365,0.0021973
0.0033417,0.0045929,0.0050201,0.0019226,0.003891,0.0024261
0.0036163,0.0041809,0.0039368,0.0021362,0.004425,0.0024567
0.0032196,0.0029907,0.0030975,0.0020294,0.0036163,0.0027466
0.0023346,0.0023499,0.0024414,0.00024414,0.0037384,0.0028839
0.0019226,0.0014954,0.00085449,-0.0004425,0.0038757,0.0031586
0.0024567,0.0011749,0.00068665,9.1553e-05,0.0023499,0.0045624
0.0041199,0.0020599,0.0022278,-0.00071716,0.0031738,0.004776
0.0054932,0.0034485,0.00354,-4.5776e-05,0.0042114,0.0041199
0.0043182,0.0042114,0.0045319,0.0024567,0.0030212,0.0032959
0.0032501,0.0039063,0.0042877,0.0025787,0.0030212,0.0028687
0.004303,0.0038757,0.0035248,0.00045776,0.0031281,0.004837
0.0054474,0.0049896,0.0032959,-3.0518e-05,0.0035706,0.0041656
0.0039368,0.005249,0.0027924,0.00065613,0.0031891,0.0014343
0.0010834,0.0028687,0.0022888,-0.00061035,0.00061035,0.00088501
0.00080872,-0.00022888,0.0014801,-0.0021362,-0.0010223,0.00024414
-7.6294e-05,-0.0016479,0.0002594,-0.002533,-0.0023804,-0.0011139
-0.0036163,-0.0020142,-0.0015411,-0.0037537,-0.0032043,-0.003067
-0.0048981,-0.0035553,-0.0041962,-0.0057373,-0.0041046,-0.0048218
-0.0044708,-0.0061035,-0.0066376,-0.0067749,-0.0057526,-0.006134
-0.0064545,-0.0076599,-0.008606,-0.0068054,-0.0067902,-0.0077209
-0.0083771,-0.0083466,-0.0086517,-0.0077209,-0.0087738,-0.0085449
-0.009964,-0.008667,-0.0078583,-0.0095673,-0.010422,-0.010162
-0.012115,-0.00914,-0.009491,-0.010498,-0.010666,-0.011642
-0.012024,-0.011566,-0.012131,-0.010468,-0.011368,-0.011017
-0.013046,-0.014557,-0.014542,-0.012085,-0.012894,-0.0121
-0.015549,-0.016113,-0.016068,-0.014847,-0.014816,-0.014587
-0.017227,-0.016632,-0.01712,-0.015671,-0.016388,-0.015549
-0.018768,-0.016998,-0.019104,-0.015808,-0.017563,-0.016891
-0.018524,-0.017838,-0.019516,-0.016052,-0.018829,-0.017822
-0.01651,-0.017609,-0.017929,-0.014771,-0.019562,-0.016739
-0.014282,-0.016174,-0.016525,-0.012634,-0.018707,-0.016708
-0.014282,-0.013931,-0.014481,-0.010971,-0.017853,-0.016876
-0.015717,-0.011307,-0.011642,-0.01033,-0.017029,-0.015305
-0.015381,-0.010956,-0.011276,-0.010117,-0.015045,-0.014893
-0.013962,-0.011688,-0.012558,-0.0090637,-0.014297,-0.015686
-0.013153,-0.011139,-0.012253,-0.0079498,-0.014206,-0.015564
-0.011963,-0.010315,-0.012299,-0.0076904,-0.013687,-0.013092
-0.010086,-0.010101,-0.011612,-0.0070038,-0.012772,-0.010773
-0.010651,-0.0097961,-0.0088806,-0.0040436,-0.010239,-0.010742
-0.011093,-0.0087585,-0.0071411,-0.0014801,-0.0075684,-0.0096283
-0.0094604,-0.0085144,-0.0068054,-0.001358,-0.0064545,-0.0079041
-0.0077209,-0.0090179,-0.0085449,-0.0024872,-0.0066986,-0.0055542
-0.0046539,-0.0085907,-0.010483,-0.0045471,-0.0065765,-0.0036011
-0.0037384,-0.008194,-0.010742,-0.0037231,-0.0063019,-0.0041656
-0.0057831,-0.0077515,-0.0099945,-0.0022736,-0.0062256,-0.0045013
-0.0066528,-0.0062256,-0.007782,-0.0036774,-0.0047913,-0.0053864
-0.0056305,-0.0057526,-0.0063629,-0.002655,-0.0053558,-0.0058594
-0.0044861,-0.0058746,-0.0060425,-0.00099182,-0.0070648,-0.0043945
-0.0037842,-0.0045013,-0.0055237,-0.001236,-0.0059052,-0.0035095
-0.0016174,-0.0041962,-0.0048981,-0.0007019,-0.004364,-0.0030212
-0.001358,-0.0039673,-0.0036469,0.0012207,-0.0029602,-0.0019684
-0.0023193,-0.002594,-0.0022888,0.0042725,-0.0013733,-0.00048828
-0.00064087,-0.0023956,-0.0013275,0.0050964,0.00086975,-0.00012207
7.6294e-05,-0.00018311,-0.00086975,0.004303,0.0031586,-0.0007019
0.0010223,0.0027313,0.00041199,0.0056305,0.0014038,-0.00012207
0.0029755,0.0019531,0.0024872,0.0067749,-9.1553e-05,0.00091553
0.0037689,0.0015717,0.0030518,0.007309,0.0029144,0.0023499
0.0048523,0.0029144,0.0036316,0.0076294,0.0050812,0.0046539
0.0049896,0.0044403,0.0045776,0.0073242,0.0054932,0.0057678
0.004425,0.0062408,0.0051575,0.0080109,0.0056915,0.0046387
0.0043488,0.0063019,0.0067902,0.0083618,0.0046844,0.0030518
0.0037842,0.0057068,0.0076599,0.0088654,0.003891,0.0026855
0.0031891,0.0054626,0.0074463,0.0091705,0.0045319,0.0029297
0.0029907,0.0042114,0.0061493,0.0074005,0.005127,0.0036926
0.0041656,0.0030975,0.0036316,0.0054016,0.0042267,0.0042114
0.0053711,0.0030975,0.0031738,0.0044098,0.0038452,0.0040741
0.0041046,0.0031128,0.0034637,0.0053864,0.0052185,0.0045776
0.0027466,0.0027924,0.0031128,0.0064087,0.0062408,0.003952
0.0022888,0.002533,0.0039978,0.0057831,0.0057526,0.0035858
0.0014648,0.0016327,0.0044403,0.0051727,0.004364,0.004425
0.0017242,0.0015564,0.0032196,0.0042877,0.0041809,0.0031433
0.0026245,0.0025635,0.0020142,0.0037079,0.0049591,0.0024414
0.0037079,0.002533,0.0027466,0.0045624,0.0046997,0.0041351
0.0050354,0.0026855,0.0039978,0.0058899,0.005127,0.0049744
0.005188,0.0032043,0.0042877,0.0064087,0.0065002,0.0046997
0.0052032,0.0046082,0.0059967,0.007309,0.006897,0.005188
0.0054169,0.0067902,0.008255,0.0086823,0.0072174,0.0058441
0.0061951,0.0066986,0.0086823,0.0072937,0.0072632,0.0057983
0.0080872,0.0067749,0.0071259,0.0046082,0.0057678,0.0060272
0.0088501,0.0081329,0.0049438,0.0033722,0.004364,0.0057678
0.0084076,0.0081329,0.0054626,0.0036316,0.0038147,0.0055084
0.0079651,0.0082855,0.0081482,0.005188,0.0038757,0.0061951
0.0073547,0.0081482,0.009613,0.0061188,0.005661,0.0071259
0.0075836,0.0068817,0.0097351,0.0068817,0.0083923,0.008255
0.0081787,0.0074768,0.0090332,0.0073547,0.0095673,0.007782
0.0074005,0.009552,0.0078278,0.0067444,0.0084381,0.0073242
0.0081787,0.0089722,0.0078888,0.0074768,0.0080261,0.0090942
0.0099487,0.0068512,0.0084686,0.0080719,0.010513,0.0090485
0.0085297,0.0074005,0.0094299,0.0079498,0.011749,0.0077972
0.0072327,0.0084076,0.011765,0.0086365,0.010498,0.0084991
0.0080109,0.008316,0.011627,0.0075684,0.010391,0.0083313
0.0077515,0.0085907,0.0098267,0.0067444,0.010086,0.0074005
0.0065613,0.007843,0.010117,0.0082092,0.0089417,0.0071106
0.0058594,0.0055695,0.0091248,0.0080872,0.009201,0.0068512
0.0063477,0.0036163,0.0073395,0.0066071,0.0095062,0.0078125
0.0076904,0.0043488,0.0065918,0.0049896,0.009491,0.0081482
0.0083313,0.0066376,0.0055847,0.0032959,0.00914,0.0077515
0.008728,0.0072937,0.0059814,0.0025177,0.0080414,0.0079651
0.0086975,0.0066223,0.0061951,0.0024719,0.0072021,0.0076752
0.0081329,0.0063171,0.0061646,0.003067,0.0065765,0.0080261
0.008194,0.0069885,0.0075378,0.0033264,0.0074005,0.0083008
0.0085144,0.0083313,0.0079498,0.0033417,0.0090332,0.0079193
0.0085754,0.0084991,0.0075989,0.0036774,0.0087585,0.0084076
0.0080261,0.0073242,0.0074615,0.0038452,0.0077057,0.0085907
0.0078278,0.0077057,0.0077667,0.0034485,0.0075531,0.0065155
0.0068512,0.0086975,0.0076447,0.0027313,0.0068359,0.0042572
0.0050354,0.0079651,0.0074005,0.0026855,0.0059357,0.0044708
0.0059052,0.0056763,0.0078278,0.0023804,0.0055847,0.0054474
0.0066071,0.004303,0.0058136,0.0016632,0.0052338,0.005722
0.0047913,0.0055695,0.0046082,0.0014954,0.0060272,0.0055237
0.0040131,0.0056915,0.0065308,0.0015411,0.0062256,0.0041351
0.0038757,0.0045624,0.0059509,0.0015717,0.0048523,0.0025635
0.0040894,0.0045166,0.0046844,0.0012054,0.0042877,0.00354
0.0049896,0.0038605,0.0046997,0.00022888,0.0042419,0.0053711
0.0045013,0.0032806,0.0035248,-0.0004425,0.004425,0.0052795
0.0040894,0.0035095,0.0030365,0,0.0052032,0.0046844
0.0039215,0.0029144,0.0025024,-0.00041199,0.0048981,0.0041504
0.0030975,0.0013123,0.00042725,-0.002655,0.0035248,0.0032501
0.0030823,0.00038147,-0.00038147,-0.0037537,0.0016937,0.0023651
0.00177,0.00036621,0.00053406,-0.0029907,-0.00090027,0.0016479
-0.00047302,-9.1553e-05,0.00093079,-0.0027466,-0.001236,0.00021362
-0.0013733,-0.0012054,0.00064087,-0.0031281,0.00061035,-0.0021057
-0.0024567,-0.0018311,0.0010529,-0.0024567,0.00027466,-0.0028839
-0.0026855,-0.0013123,0.0014038,-0.0018463,-0.0010071,-0.0021057
-0.0014954,-0.00027466,0.0010834,-0.0015106,-0.0017242,-0.0023346
-0.0018616,0.00057983,0.0020752,-0.0011749,-0.0024414,-0.0029907
-0.0030975,-0.0004425,0.0027161,-0.0026398,-0.0022736,-0.0039063
-0.0036926,-0.0013885,0.0010376,-0.0036926,-0.002533,-0.0045929
-0.0034943,-0.00039673,0.00062561,-0.0028534,-0.0032806,-0.0044403
-0.0022125,-0.00032043,7.6294e-05,-0.0028687,-0.0037842,-0.0045319
-0.0018005,-0.00082397,-0.0022125,-0.0042267,-0.0037231,-0.0040588
-0.002182,-0.0014954,-0.0025635,-0.0050507,-0.0028229,-0.0034332
-0.0023804,-0.0019684,-0.0020752,-0.0050354,-0.0037842,-0.0037384
-0.003479,-0.0025482,-0.0019531,-0.0052643,-0.0042725,-0.0043793
-0.004303,-0.0044861,-0.0034027,-0.006134,-0.0028687,-0.0034485
-0.0043793,-0.0052185,-0.0069122,-0.0073242,-0.0030518,-0.0024719
-0.0049896,-0.0061035,-0.0086517,-0.0080414,-0.0051117,-0.0037079
-0.0058594,-0.0079041,-0.0087585,-0.0085144,-0.0076447,-0.0051727
-0.0059052,-0.0074615,-0.0090332,-0.0097046,-0.0089569,-0.0069885
-0.005249,-0.0064392,-0.0092926,-0.011108,-0.0093231,-0.0070648
-0.0051117,-0.0060425,-0.0095825,-0.010971,-0.0092926,-0.0058136
-0.0048676,-0.0057068,-0.010132,-0.0094147,-0.0092468,-0.0063171
-0.0043945,-0.0063477,-0.010132,-0.0097198,-0.0087738,-0.0054474
-0.004776,-0.0074615,-0.0097198,-0.010468,-0.0079651,-0.0052948
-0.0061951,-0.0077972,-0.0096893,-0.008255,-0.0089111,-0.0071869
-0.007309,-0.0083466,-0.0094452,-0.0077362,-0.0096741,-0.0074158
-0.0073853,-0.0088501,-0.0096588,-0.0089569,-0.0093536,-0.0079651
-0.0081787,-0.0082703,-0.010544,-0.0081177,-0.0099792,-0.009079
-0.0094147,-0.0096588,-0.011429,-0.007782,-0.011139,-0.0092316
-0.010513,-0.011551,-0.011963,-0.0080414,-0.010681,-0.010254
-0.010849,-0.010605,-0.011429,-0.0079193,-0.010101,-0.010437
-0.0097809,-0.0094452,-0.0097198,-0.0076752,-0.010727,-0.0093994
-0.0093536,-0.0079803,-0.008194,-0.0062103,-0.0098114,-0.0092316
-0.0084839,-0.0070648,-0.0074921,-0.0050201,-0.0090942,-0.0078735
-0.0061493,-0.0076904,-0.0078125,-0.0056152,-0.0090027,-0.006012
-0.0050049,-0.006424,-0.0083618,-0.0053101,-0.0073547,-0.0052032
-0.0047607,-0.0053406,-0.0068359,-0.0038605,-0.0066833,-0.0043793
-0.0045624,-0.0059204,-0.0054169,-0.003418,-0.0066223,-0.0048981
-0.005188,-0.0050812,-0.005127,-0.0030365,-0.005249,-0.0051727
-0.0048828,-0.003952,-0.0039825,-0.0019836,-0.0036163,-0.0032959
-0.0034332,-0.0033875,-0.0031128,-0.00035095,-0.0023193,-0.002243
-0.002594,-0.0030975,-0.0031128,0.0010986,-0.001709,-0.0025177
-0.0028381,-0.0030518,-0.0028229,0.0016022,-0.0021057,-0.002655
-0.0026245,-0.0020752,-0.00090027,0.0020752,-0.0022278,-0.0025787
-0.0012817,-0.00041199,0.00035095,0.0023499,-0.0019836,-0.0032196
-0.00099182,0.0011139,0.00010681,0.0027313,-0.0021362,-0.003479
-0.001358,0.0017242,0.0011749,0.0035095,-0.0013428,-0.0018158
-0.0017395,0.00039673,0.0010529,0.0035553,-0.00016785,-0.0010986
-0.0023193,-0.0015106,6.1035e-05,0.0028534,-0.00030518,-0.0018311
-0.002533,-0.0014954,0.00079346,0.002594,-0.00076294,-0.0020294
-0.0019531,-0.0015259,0.00091553,0.0032196,-0.00074768,-0.0013123
-0.00056458,-0.0013428,0.0010376,0.0037231,0.0005188,-0.00016785
0.00022888,0.0010071,0.0017853,0.0039215,0.0016327,-1.5259e-05
0.0017853,0.0020599,0.0019379,0.0030975,0.0016632,0.00013733
0.0028229,0.0022583,0.0018616,0.0026093,0.0032501,0.00082397
0.0011444,0.0016479,0.0019684,0.0042877,0.0033417,0.0014191
-0.00019836,-0.00074768,0.0024261,0.0049133,0.0009613,0.0019073
-0.001236,-0.001358,0.0025482,0.0032043,0.00059509,0.00068665
-0.0012665,-0.0013885,0.00083923,0.00082397,0.00067139,-0.00065613
-0.00059509,-0.0011444,-0.0022583,-0.0012054,-3.0518e-05,-0.00041199
-0.0007782,-0.0010986,-0.0036469,-0.0021362,-0.0010529,0.00039673
-0.00041199,-0.0032806,-0.0031586,-0.0013275,-0.0024567,0.00048828
-0.0025635,-0.0036621,-0.0023651,0.00018311,-0.002182,-0.0016022
-0.0049744,-0.0037384,-0.0018768,3.0518e-05,-0.0014801,-0.0035706
-0.0045013,-0.0045471,-0.0030365,-0.00033569,-0.0014191,-0.0040131
-0.0045471,-0.0039978,-0.0041199,-0.0007019,-0.00097656,-0.0039978
-0.0039673,-0.004776,-0.0034027,-0.002121,-0.0018921,-0.0027618
-0.0035858,-0.0050049,-0.0027771,-0.0024109,-0.0030975,-0.0019379
-0.0034943,-0.0040436,-0.0026093,-0.00082397,-0.002243,-0.00177
-0.0017853,-0.0032501,-0.00177,0.001236,-0.00053406,-0.00032043
0.00012207,-0.00094604,-0.00042725,0.0022888,0.00082397,0.0011444
0.0024719,0.0018005,0.0016174,0.0032196,0.0018768,0.0018463
0.0039063,0.0032654,0.0039825,0.0042877,0.0024719,0.003006
0.0045013,0.0034332,0.0057068,0.0054626,0.0030365,0.0046082
0.0051575,0.0048981,0.0071411,0.0067444,0.0047913,0.0050659
0.0056152,0.0080566,0.0079651,0.0062103,0.0063934,0.0054321
0.0079803,0.0086975,0.0090637,0.006424,0.0065155,0.007782
0.010818,0.0086517,0.010757,0.009079,0.0080261,0.0103
0.012695,0.0121,0.012115,0.011261,0.011444,0.011429
0.013901,0.014816,0.013748,0.01326,0.013504,0.011871
0.014481,0.014832,0.015121,0.013901,0.014862,0.013184
0.014893,0.014816,0.014618,0.012054,0.015411,0.014099
0.01416,0.01413,0.012405,0.011185,0.013168,0.01326
0.013306,0.012634,0.011017,0.0099182,0.011719,0.012115
0.01207,0.010696,0.010345,0.0076752,0.011703,0.010651
0.0097198,0.0087433,0.0095367,0.0077209,0.010757,0.0098419
0.0081635,0.0080719,0.009964,0.0082092,0.010437,0.0087433
0.0075684,0.0080566,0.010666,0.0086975,0.010529,0.0081787
0.0083466,0.0081329,0.010956,0.0094299,0.010513,0.010498
0.011124,0.0091858,0.011749,0.0088959,0.011139,0.012573
0.012421,0.010803,0.01268,0.0084229,0.011841,0.012329
0.01091,0.011719,0.013184,0.0090332,0.011688,0.010559
0.0097198,0.011673,0.01326,0.0099335,0.011902,0.0089417
0.0092163,0.01149,0.012665,0.0099792,0.012787,0.0076141
0.0097351,0.011322,0.012711,0.0091858,0.011673,0.0075684
0.010559,0.011688,0.013306,0.0081024,0.0098724,0.0091858
0.010147,0.011276,0.011978,0.006546,0.0096588,0.0096283
0.0096741,0.0099487,0.010147,0.0050812,0.0098267,0.0091095
0.0095825,0.011063,0.010132,0.0049744,0.0096893,0.007782
0.009964,0.012009,0.011627,0.0049591,0.0085907,0.0060272
0.0095215,0.011581,0.012222,0.0045624,0.0066071,0.0063477
0.0091095,0.010376,0.010742,0.0048676,0.006134,0.0072632
0.0089874,0.0075836,0.0095062,0.0042267,0.0074615,0.0072784
0.0067139,0.0072327,0.0090332,0.0031281,0.0075836,0.0063934
0.0046692,0.0079651,0.0078888,0.0014496,0.0058136,0.0044098
0.0050354,0.0067596,0.0052643,-0.00093079,0.0037842,0.0041962
0.006958,0.0054932,0.0032806,-0.0018921,0.0035553,0.0058594
0.0080566,0.004303,0.0026093,-0.0024414,0.0056458,0.0063782
0.0069275,0.0032806,0.0023804,-0.0014801,0.0059662,0.0065308
0.0051117,0.0023651,0.0029449,0.00083923,0.0044556,0.0065918
0.0041809,0.0013885,0.0020142,-0.00047302,0.0048523,0.0050354
0.0040588,0.0016174,0.00015259,-0.0029297,0.0049286,0.0033417
0.0034943,0.0020599,7.6294e-05,-0.0031128,0.0034332,0.00354
0.0036011,0.0014343,0.00038147,-0.0041199,0.0025177,0.0033722
0.0033875,0.0015564,-0.0010834,-0.0053101,0.0005188,0.0016479
0.0019989,0.0013428,-0.0017853,-0.0056152,-0.0024109,0.00088501
0.0019531,-0.0007782,-0.0010681,-0.0061646,-0.0032654,0.00099182
0.0019073,-0.0010681,-0.0021667,-0.0065155,-0.0021057,1.5259e-05
0.0012512,-0.00033569,-0.0027771,-0.0068512,-0.0014191,-0.0011139
-0.00016785,-0.0014191,-0.0027924,-0.0070801,-0.0026855,-0.0019684
-0.0036163,-0.0022736,-0.0050964,-0.0078278,-0.0050354,-0.0042572
-0.0062714,-0.0041199,-0.0066071,-0.0090485,-0.0071411,-0.0066223
-0.0068817,-0.0070801,-0.0070801,-0.0096741,-0.0080719,-0.0078583
-0.0078735,-0.0088501,-0.0089569,-0.010468,-0.0088043,-0.0085754
-0.0092468,-0.010132,-0.010025,-0.010818,-0.009613,-0.0090332
-0.010422,-0.010376,-0.0099945,-0.010284,-0.0094147,-0.010284
-0.01207,-0.010498,-0.011108,-0.010178,-0.0094299,-0.010651
-0.0121,-0.012405,-0.012222,-0.011307,-0.010193,-0.0093079
-0.009613,-0.01297,-0.012497,-0.012863,-0.010849,-0.0084991
-0.0075073,-0.011078,-0.012512,-0.012405,-0.0112,-0.0089722
-0.0084381,-0.0093689,-0.011078,-0.0098724,-0.011871,-0.0097961
-0.0094757,-0.0090027,-0.0090942,-0.0082703,-0.011276,-0.0088196
-0.0070038,-0.0086365,-0.0095825,-0.0084991,-0.0077362,-0.0065613
-0.0045319,-0.0061188,-0.010239,-0.0074005,-0.0046844,-0.005249
-0.0041199,-0.0045471,-0.0075531,-0.0042877,-0.0040741,-0.0043182
-0.0049286,-0.0049438,-0.004425,-0.0019836,-0.0046539,-0.0042419
-0.0052185,-0.004303,-0.0029449,-0.00071716,-0.0049744,-0.0050964
-0.0041351,-0.0035553,-0.0012665,4.5776e-05,-0.0031586,-0.0039825
-0.0031891,-0.0023346,-0.00091553,0.00082397,-0.00022888,-0.0023651
-0.0019073,-0.00054932,-0.00093079,0.0022736,0.0011292,-0.0021362
-0.00057983,0.00012207,0.0019684,0.0023041,0.0011444,0.00019836
0.0012054,0.00090027,0.0027008,0.0011902,0.0014496,0.0033112
0.0022736,0.001709,0.0014191,0.0016327,0.0020294,0.0038605
0.0017242,0.0019989,0.0023346,0.0025787,0.0027466,0.0024261
0.00083923,0.0021057,0.0016937,0.0028839,0.0031586,0.00036621
-0.0004425,0.00091553,0.00038147,0.0026093,0.0019836,0.00065613
-0.00016785,-0.0012207,0.00036621,0.0018768,0.00067139,0.0015411
-0.00013733,-0.001709,-0.00035095,0.0011139,0.00067139,-4.5776e-05
-0.0012817,6.1035e-05,0.00033569,-0.0004425,-0.00027466,-0.0007019
-0.00032043,0.0007782,0.00085449,-0.0013885,-0.0017242,0.00057983
0.00082397,-0.00012207,-0.0017395,-0.0014343,-0.0016785,0.00082397
-0.00022888,-0.00074768,-0.0029755,-0.0019531,-0.0015259,-0.00021362
-0.00056458,-0.0025024,-0.0023804,-0.0014038,-0.0012512,-0.00021362
0.00019836,-0.0042114,-0.0032501,-0.0010529,-9.1553e-05,0.00045776
-0.0010681,-0.0030212,-0.0031586,-0.0011292,0.00045776,-0.00074768
-0.0032196,-0.0018616,-0.0016632,-0.00085449,-0.0010223,-0.002243
-0.0040894,-0.0022278,-0.0025024,-0.0025482,-0.0034943,-0.0028229
-0.0044556,-0.0034637,-0.004776,-0.0036316,-0.0042267,-0.0053558
-0.006073,-0.0056458,-0.0060425,-0.0032349,-0.0036926,-0.0077667
-0.0082397,-0.0070648,-0.0068512,-0.0040588,-0.0046692,-0.0075073
-0.0084839,-0.0088043,-0.007782,-0.0055695,-0.0064545,-0.0068054
-0.0078735,-0.010101,-0.0081177,-0.0066223,-0.0072327,-0.0058899
-0.0073395,-0.007843,-0.0072021,-0.0055389,-0.0072174,-0.0059052
-0.0065002,-0.0044708,-0.0053101,-0.0030975,-0.0060577,-0.0070953
-0.0055847,-0.0027771,-0.0027008,-0.0022888,-0.0042572,-0.0068512
-0.00383,-0.0017548,-0.00073242,-0.0011292,-0.0037384,-0.0046539
-0.0021515,-0.0010529,-0.00090027,0.00088501,-0.0030365,-0.0023499
-0.0018921,-0.0016022,-0.0022278,0.00067139,-0.0010223,-0.0027618
-0.0018463,-0.0023346,-0.0031433,-7.6294e-05,-3.0518e-05,-0.0024872
-0.0013123,-0.0034027,-0.0029449,-0.00054932,-0.00053406,0.0002594
-0.0013885,-0.0036469,-0.0032349,-0.0010223,-0.0010223,0.00074768
-0.0018921,-0.0013885,-0.0027161,-0.00090027,-0.0009613,0.00024414
-0.00064087,-0.00038147,-0.00022888,-0.00059509,0.00022888,0.00048828
0.0015564,0.00030518,9.1553e-05,0.0014801,0.0014191,0.00067139
0.0027313,0.0023956,0.0011597,0.0040894,0.0015869,0.0019379
0.0053711,0.0033722,0.004715,0.0055695,0.0035706,0.0043182
0.0080719,0.0052185,0.0061188,0.0068817,0.006485,0.0067596
0.0084839,0.0081635,0.006958,0.0070343,0.0089722,0.00914
0.010315,0.0086365,0.0074005,0.0064545,0.011383,0.011322
0.011307,0.0079041,0.0067902,0.0078888,0.011566,0.011185
0.0095367,0.0088501,0.0089111,0.010284,0.0099335,0.0091248
0.0083618,0.0093384,0.011826,0.010071,0.0080109,0.0075378
0.0071716,0.0087738,0.010803,0.0089722,0.0075073,0.0065002
0.006897,0.0091248,0.010025,0.009613,0.0086365,0.0063629
0.0080719,0.0092773,0.012268,0.010086,0.0095215,0.007782
0.009079,0.0095215,0.012405,0.0094147,0.010315,0.0087433
0.0099335,0.010544,0.011383,0.0089722,0.0093384,0.0088654
0.009613,0.011398,0.012253,0.0087585,0.0078278,0.0090332
0.010132,0.011551,0.012634,0.0084534,0.00914,0.0084076
0.011414,0.012161,0.012924,0.009201,0.0097656,0.0085907
0.010773,0.012741,0.013535,0.0095825,0.009903,0.0097351
0.010132,0.01178,0.012543,0.0086365,0.012024,0.01033
0.010056,0.011154,0.011414,0.0079041,0.012253,0.0112
0.0097961,0.0099945,0.011368,0.0069733,0.010864,0.011078
0.010529,0.0083008,0.0097504,0.0057831,0.0099792,0.0099182
0.010315,0.0080414,0.0076141,0.0046997,0.0083923,0.0096436
0.0078278,0.0074615,0.0079041,0.0034332,0.0066528,0.0077209
0.006134,0.0068207,0.0074005,0.0026855,0.0056915,0.0045471
0.0053558,0.0052795,0.0061798,0.0028687,0.0062256,0.004425
0.0047455,0.0036621,0.005249,0.0029297,0.0075378,0.0060425
0.0045166,0.0043793,0.0042267,0.0025024,0.007843,0.0066376
0.0046844,0.0048065,0.0055695,0.0016785,0.0074615,0.006134
0.0057373,0.0055237,0.0058746,0.0015106,0.0063782,0.0055695
0.0059662,0.0058746,0.0064545,0.003006,0.0046539,0.0048218
0.005661,0.0044708,0.0084229,0.0034332,0.0041504,0.0041199
0.0043335,0.004425,0.0065613,0.0025024,0.0046387,0.00383
0.0026855,0.0046997,0.0056,0.0019684,0.0050964,0.0032196
0.0033264,0.0046082,0.0058899,0.0010529,0.0053253,0.0038757
0.0043335,0.0050964,0.0038452,0.0004425,0.0052795,0.00383
0.0040436,0.0042267,0.0027161,-0.0002594,0.0052643,0.0027008
0.0019989,0.0023041,0.0021362,-0.0012817,0.0034637,0.0025024
0.00047302,-7.6294e-05,0.0013123,-0.0022736,0.0010071,0.0018005
0.00086975,-0.0016937,0.00053406,-0.0030975,0.00054932,0.0010681
0.00035095,-0.00050354,-0.00032043,-0.0036621,0.00015259,-0.00050354
-0.0011749,0.00035095,-0.0009613,-0.0044708,-0.00097656,-0.0019836
-0.0024567,-0.0014954,-0.0021973,-0.0049133,-0.0023346,-0.0018158
-0.0019531,-0.003006,-0.0037994,-0.006897,-0.0033569,-0.0010529
-0.00016785,-0.003006,-0.0046844,-0.0086823,-0.0030365,-0.00080872
-0.0016785,-0.0025635,-0.0041504,-0.0065002,-0.0037384,-0.0034027
-0.0055695,-0.0025482,-0.0032196,-0.0053253,-0.0055847,-0.0063019
-0.0062561,-0.0048523,-0.0040894,-0.0070496,-0.0062256,-0.0063019
-0.0051117,-0.0069122,-0.006073,-0.0070496,-0.0060425,-0.0056458
-0.006012,-0.0071259,-0.0059662,-0.0056,-0.0049896,-0.0055542
-0.0074463,-0.0075531,-0.0054474,-0.005249,-0.0043488,-0.0052338
-0.0072327,-0.0067291,-0.0063934,-0.0054932,-0.0053253,-0.0053864
-0.0057983,-0.0049438,-0.0055389,-0.0050964,-0.006012,-0.0067139
-0.0045624,-0.0031433,-0.0037537,-0.0043945,-0.004837,-0.0066376
-0.0032959,-0.0017242,-0.0031586,-0.0045166,-0.0030365,-0.0034637
-0.0009613,-0.0010681,-0.0024261,-0.005127,-0.0024414,-0.00053406
0.00062561,0,-0.0021362,-0.0045166,-0.0020447,7.6294e-05
0.0010071,0.00091553,-0.0016327,-0.0028229,-0.0026703,-0.00013733
0.0016632,0.0012054,0,-0.0021515,-0.0030823,-0.00061035
0.001236,0.001358,0.00042725,-0.0019379,-0.0022125,-0.0018005
-0.001236,0.0010376,-3.0518e-05,-0.00094604,-0.0030518,-0.0032959
-0.0032196,-0.00061035,-0.00053406,-0.0015259,-0.0042267,-0.0049438
-0.0047455,-0.0030212,-0.0013733,-0.0033569,-0.004837,-0.0064087
-0.0061035,-0.0044556,-0.0019836,-0.0041656,-0.0048981,-0.005661
-0.0045013,-0.0045929,-0.0030518,-0.0039215,-0.0037689,-0.0034027
-0.003006,-0.00354,-0.0035248,-0.0025177,-0.0019684,-0.0018005
-0.0027466,-0.0019836,-0.0032654,-0.0022736,-0.00050354,-0.0016479
-0.0010681,-0.0011902,-0.0037994,-0.0036469,-0.0015564,-0.0022583
-0.0002594,-0.00065613,-0.0035095,-0.0036774,-0.0026703,-0.0015259
-0.0010986,-0.00082397,-0.0021515,-0.0026855,-0.0019531,-0.0011597
-0.0016937,-0.0015564,-0.0010681,-0.0015411,-0.0011139,-0.0011444
-0.00085449,-0.00090027,-0.00062561,-0.00054932,0.0010071,0.00038147
-0.00018311,-0.0005188,-0.0014191,7.6294e-05,0.0022888,0.0019684
0.00032043,-0.00099182,-0.0012207,0.0010834,0.0022583,0.0029297
0.0022125,-0.00088501,-0.00018311,0.001297,0.0042114,0.0028229
0.0018768,-0.00068665,-0.00048828,0.00088501,0.0041351,0.0029907
0.0005188,-0.00093079,0.00022888,0.00093079,0.0021973,0.0039978
0.0018005,-0.0010986,-0.00047302,0.00022888,0.0020905,0.0030823
0.0027466,-0.00028992,-0.0012207,0.00027466,0.0015717,0.0020905
0.0019836,0.00088501,0.0013123,0.00079346,0.00177,0.0022888
0.0007019,0.0016327,0.0011444,0.00028992,0.0024414,0.00093079
-0.00028992,0.0014343,0.00068665,0.00016785,0.0013885,0.0002594
-0.00032043,0.001236,0.00093079,-0.00039673,0.0010681,0.00093079
0.00012207,0.00076294,0,-0.00010681,0.0012512,0.00094604
0.0002594,-0.00061035,0.0011139,0.00071716,0.0012817,0.00090027
0.00042725,-0.00056458,0.00039673,6.1035e-05,0.00080872,0.00038147
0.0010834,-0.00090027,-0.0010834,7.6294e-05,-0.0005188,-0.00030518
-0.00013733,-0.0010071,0.00033569,-0.00018311,-0.00019836,0.00019836
-0.00093079,0.00097656,0.0018616,-0.00019836,0.0015259,0.0015259
0.0021362,0.00085449,0.0022736,0.0021973,0.0031281,0.0018311
0.00354,0.00018311,0.0011902,0.0032043,0.0035095,0.0026245
0.0013428,0.00067139,-0.0011749,0.00010681,0.0031738,0.0032349
-0.00045776,-0.00073242,-0.0017853,-0.0016632,0.0019684,0.00079346
-0.0013275,-0.0021667,-0.00090027,-0.0010071,-0.00074768,-0.00032043
-0.0018311,-0.0027008,-0.0021057,-0.0024261,-0.0017395,-0.00041199
-0.0015717,-0.0029602,-0.0039825,-0.0030823,-0.002182,-0.0020294
-0.001358,-0.0020905,-0.0036621,-0.0029907,-0.0031281,-0.0012207
-0.0011597,-0.0015717,-0.0026398,-0.0032349,-0.0030975,-0.00090027
-0.0010681,-0.0011139,-0.0025024,-0.0019073,-0.0032349,-0.0035095
-0.0018158,-0.0009613,-0.0022278,-0.0023346,-0.0028076,-0.0034485
-0.0016937,-0.0016785,-0.0016479,-0.0032959,-0.0028381,-0.0019073
-0.00053406,-0.0016174,-0.0022583,-0.0030823,-0.003479,-0.0018005
0.00050354,-0.001297,-0.0033722,-0.0027008,-0.0018463,-0.00047302
0.0012054,-1.5259e-05,-0.0024719,-0.00064087,0.00085449,0.0011444
0.0023499,0.0016327,-0.0004425,0.00177,0.0025635,0.0019836
0.0042725,0.0021057,0.0014038,0.003891,0.0040283,0.0032654
0.0045624,0.003479,0.0033417,0.0051422,0.0054779,0.004364
0.0032501,0.0041656,0.0038605,0.0045776,0.0059967,0.0047913
0.0028381,0.0033264,0.0027924,0.0030365,0.0053864,0.0042725
0.0028687,0.0025177,0.0014801,0.0011444,0.0038147,0.0027466
0.00079346,0.00012207,0.0004425,0.00061035,0.0014801,0.00065613
-0.0032501,-0.0019989,-0.0012207,4.5776e-05,-0.00086975,-0.0023956
-0.0053711,-0.0029449,-0.0029907,-0.0012512,-0.0022736,-0.0048828
-0.0058136,-0.0045013,-0.0031891,-0.0016785,-0.0028992,-0.0054626
-0.0072174,-0.0053101,-0.0031281,-0.003006,-0.0041962,-0.006073
-0.0068665,-0.0063324,-0.0039215,-0.0036621,-0.005188,-0.0054016
-0.0050812,-0.006897,-0.0051575,-0.0027924,-0.0037994,-0.0030518
-0.004364,-0.0052643,-0.0055695,-0.0028076,-0.0023956,-0.0030212
-0.0042877,-0.0032349,-0.0035553,-0.0017242,-0.0030518,-0.0049133
-0.0049133,-0.001358,-0.00071716,-0.00059509,-0.0040894,-0.0059052
-0.0045013,-0.0016022,-0.00028992,-0.0015717,-0.0051575,-0.0062408
-0.0046387,-0.0027771,-0.00177,-0.0012054,-0.005188,-0.006012
-0.0065155,-0.0028534,-0.0018921,-0.00019836,-0.003479,-0.0043335
-0.0049744,-0.0043182,-0.0013123,-0.00093079,-0.0027313,-0.0034485
-0.0029144,-0.0031738,-0.0012054,0.00018311,-0.001709,-0.0038605
-0.0040741,0.00056458,0.0007782,0.0028229,3.0518e-05,-0.0044098
-0.0042572,0.00036621,0.0023193,0.0026093,6.1035e-05,-0.0045929
-0.0033264,-0.0014343,0.0007019,0.00056458,0.00041199,-0.0020447
-0.0011749,-0.0015411,-0.00093079,-0.00057983,0.0013428,0.00090027
0.00076294,-0.00038147,-0.00091553,0.00038147,0.001358,0.0013733
0.00090027,0.00094604,0.0010071,0.0022583,0.0013428,0.0016327
0.0024719,0.0016022,0.0023041,0.0020447,0.0017242,0.0023651
0.0042267,0.0028534,0.00039673,0.00067139,0.0021667,0.0031128
0.0047607,0.0043488,0.00022888,0.00054932,0.0019073,0.0036163
0.005249,0.0040894,0.0012817,0.00091553,-4.5776e-05,0.002533
0.0045471,0.0029602,0.00012207,0.0009613,-0.0010071,0.00082397
0.0018005,0.0023041,0.0007782,0.00086975,0.00041199,0.00016785
-0.00059509,1.5259e-05,0.0016327,0.00018311,6.1035e-05,-0.00015259
-0.00062561,-0.0011292,0.00013733,-0.00041199,-4.5776e-05,9.1553e-05
0.00021362,0.00045776,-0.00091553,0.00012207,0.0016022,0.0007782
0.00018311,-0.00038147,-0.0014954,-0.00015259,0.0018311,0.00079346
-0.00085449,-0.0016479,-0.0020599,-0.0010681,0.0010834,0.00047302
-0.0007019,-0.0015411,-0.0015411,-0.0002594,-0.00021362,0.00068665
0.0010376,-0.0020905,0.00021362,-1.5259e-05,-0.00036621,0.0010834
0.0007019,-0.0012207,0.0010376,0.0010986,0.0012054,0.0010223
-0.00079346,0.00039673,0.0020905,0.0034332,0.0017853,0.00062561
-0.00041199,0.0011444,0.0037079,0.0028687,0.0014191,-0.00061035
0.00019836,0.0023346,0.0023956,0.0020142,0.0013885,-0.0005188
0.00080872,0.0030975,0.0014038,0.0014954,0.0010376,0.0010834
0.0021667,0.0018311,0.0020599,0.00062561,0.0010071,0.0010529
0.0023651,0.0013275,0.0015869,0.0014191,0.00094604,0.0012054
0.0014496,0.002533,0.0016937,0.0023346,0.00013733,0.0017853
0.0023651,0.0021057,0.0029449,0.001236,0.00093079,0.0013275
0.0041504,0.0027161,0.0038605,0.0011597,0.002655,0.0023651
0.0047302,0.0056458,0.005249,0.0042114,0.0035706,0.0038757
0.0053101,0.006958,0.0072479,0.0060272,0.0041656,0.0036316
0.0050049,0.0065002,0.0079956,0.0061798,0.0053406,0.0033112
0.0037231,0.0052795,0.0076904,0.006134,0.0058441,0.0031281
0.0032654,0.0046539,0.0064392,0.0045319,0.0055084,0.0034637
0.003952,0.0046692,0.0056305,0.0034943,0.0066681,0.0050201
0.005188,0.0043335,0.0058746,0.004364,0.0062561,0.0062866
0.0052338,0.0043335,0.0048065,0.0046387,0.0051117,0.0060272
0.0041962,0.0044098,0.0044403,0.00354,0.0058594,0.0046844
0.0035858,0.003067,0.0042267,0.0025024,0.0050507,0.003891
0.0030975,0.0010071,0.0016937,0.00036621,0.0036469,0.0043945
0.0029297,0.00053406,-0.00074768,-0.0017853,0.0034027,0.005188
0.0033112,0.00016785,-0.0017548,-0.0011444,0.0035553,0.0052338
0.0030518,-0.00042725,0.00015259,-0.0004425,0.0041809,0.0048065
0.0026245,0.00088501,0.0018005,-0.00057983,0.0036469,0.0030975
0.0019989,0.0021973,7.6294e-05,9.1553e-05,0.0019073,0.0010376
0.0018158,0.0018158,0.00035095,-9.1553e-05,0.0011444,0.0014038
0.0028687,0.00065613,0.0007019,-0.0011139,0.0018005,0.0018463
0.0023651,0.00032043,-0.0012665,-0.0013428,0.0023804,0.0024567
0.0020142,1.5259e-05,-0.0011139,-0.0018921,0.0015869,0.0048065
0.0033417,-0.0015411,-0.0023956,-0.0033264,0.00032043,0.0043182
0.0023651,-0.0013885,-0.0053558,-0.0046234,-0.00036621,0.0014496
-0.0009613,-0.00061035,-0.0033569,-0.003891,-0.0013885,-0.00064087
-0.0030518,-0.0020447,-0.00048828,-0.0026245,-0.0038452,-0.0023193
-0.0040283,-0.0029449,-0.0014343,-0.0030975,-0.0046387,-0.0046082
-0.0050507,-0.0018921,-0.001709,-0.0027771,-0.0034943,-0.0069885
-0.004776,-0.0010376,-0.00059509,-0.0036774,-0.0049744,-0.0070038
-0.0041351,-0.0016479,-0.0015106,-0.0060883,-0.0067596,-0.0049286
-0.0028076,-0.0019989,-0.00354,-0.0061798,-0.005661,-0.0031281
-0.00177,-0.0013275,-0.0036316,-0.0047302,-0.0036316,-0.0034943
-0.003067,-0.0018311,-0.001297,-0.00177,-0.0027618,-0.0044556
-0.0034943,-0.0026855,0.00033569,0.00041199,-0.0028992,-0.0050812
-0.0042114,-0.00177,0.00045776,1.5259e-05,-0.002243,-0.0058746
-0.0043335,-0.00027466,0.0018463,0.0007782,-0.0016479,-0.0043182
-0.00097656,0.00094604,0.0026093,0.0016174,-0.00083923,-0.0018158
0.0015411,0.0020752,0.0016327,0.00073242,0.0015259,0.00036621
0.0034485,0.0020447,0.0024719,0.0011444,0.0025787,0.0036469
0.005127,0.0031433,0.0037537,0.0023651,0.003479,0.0046539
0.0032959,0.0060425,0.0038452,0.0037231,0.0050201,0.0020599
0.0017853,0.0050354,0.0045776,0.0048676,0.0032349,0.0010986
0.0021973,0.0018463,0.0041656,0.0025024,0.0013885,0.0019684
0.0012665,0.00085449,0.00099182,-0.00050354,0.0014648,0.0015564
-0.0002594,-0.00050354,-0.00054932,-0.00093079,-3.0518e-05,0.0011597
-0.00065613,-0.0018616,-0.001358,-0.0013733,-0.00177,0.00062561
-0.00085449,-0.002594,-0.0052032,-0.0022736,-0.00032043,-9.1553e-05
-0.0023499,-0.0031128,-0.0057373,-0.0026703,0.00028992,-0.001297
-0.0039825,-0.0031891,-0.0028381,-0.0020752,-0.00383,-0.0031891
-0.0053711,-0.0044403,-0.0036163,-0.0026093,-0.006012,-0.0042877
-0.0062408,-0.0056915,-0.0054932,-0.0045929,-0.0044556,-0.0041656
-0.0053864,-0.0061188,-0.0053101,-0.0041504,-0.0025635,-0.002182
-0.0038452,-0.005249,-0.0048065,-0.0028076,-0.00042725,-0.0011749
-0.0023346,-0.0023193,-0.0034332,-0.002121,0.00018311,-0.0016327
-0.0012207,-0.00030518,-0.0011902,-0.0010681,-0.0010834,-0.00090027
-0.00045776,-7.6294e-05,-0.00039673,-0.00036621,-0.0024261,-0.001297
-0.00093079,-0.00036621,-0.00057983,-0.0010071,-0.0029907,-0.0028076
-0.0020447,-0.0010681,-0.0011139,-0.0023804,-0.0024567,-0.0017853
-0.0011444,-0.0014496,-0.0019073,-0.0026855,-0.0012817,-0.00083923
-0.0012207,-0.0009613,-0.0018311,-0.0018768,-0.0018463,-0.0025177
-0.0030365,-0.00057983,-0.0013275,-0.00076294,-0.0030518,-0.0033112
-0.003418,-0.00094604,-0.0018921,-0.0013885,-0.0018311,-0.0033569
-0.0033112,-0.00093079,-0.0029449,-0.0023041,-0.0015411,-0.0042419
-0.0027618,-0.0010529,-0.0011444,-0.0012665,-0.0021667,-0.0038452
-0.0018768,-0.00088501,0.00047302,-0.00033569,-0.0017395,-0.0029297
-0.0011292,7.6294e-05,-0.00099182,-0.00035095,-0.0021973,-0.0013885
0.00076294,-0.00012207,-0.0014191,-0.0016632,-0.00076294,0.00177
0.0016632,0.00019836,-0.0015106,-0.0010986,0.00038147,0.0010986
0.0010071,0.0007019,-0.00093079,0.00035095,-0.0018616,-0.0011902
0.00024414,-6.1035e-05,-0.00016785,-0.00088501,-0.0019684,-0.0013428
-0.0011292,0.00032043,-0.0011292,-0.0014496,-0.0015564,-0.0029144
-0.0022736,-0.00028992,0.00021362,-0.001709,-0.0032806,-0.0029144
-0.0026245,-0.0020142,0.00047302,-0.0011444,-0.0031738,-0.0025787
-0.0030518,-0.0018463,-0.0021515,-0.00015259,-0.0016174,-0.003952
-0.0032654,-0.0013275,-0.0025024,-0.0016174,-0.00177,-0.0028534
-0.0011902,-0.0022583,-0.0030212,-0.0029755,-0.0027313,1.5259e-05
0.001297,-0.0032959,-0.0048065,-0.0040741,-0.0020447,0.0018616
0.0020905,-0.0015869,-0.0049896,-0.0044403,-0.0019073,0.0023346
0.0024872,0.00065613,-0.0038605,-0.0020752,-0.0019073,0.0021057
0.00097656,0.00062561,-0.00090027,0.00094604,0.0009613,0.00086975
-0.00093079,9.1553e-05,0.00177,0.002533,0.0031738,0.00021362
0.00015259,0.00054932,0.0017395,0.0032043,0.0027313,0.00099182
0.0014648,0.0019226,0.0028381,0.0040894,0.0022278,0.00062561
0.00062561,0.0019836,0.0044403,0.0044861,0.0025635,0.00027466
-9.1553e-05,0.0018311,0.0042114,0.0046844,0.0020447,0.00090027
-0.00047302,0.0023346,0.0050201,0.0059509,0.0013428,-0.00057983
-0.00062561,0.0017395,0.0053253,0.0054626,0.0027313,-0.0013733
0.00062561,0.0020599,0.0033417,0.0037079,0.004776,0.0011597
0.0015106,0.0028381,0.0034485,0.0048218,0.0054016,0.0036621
0.0032349,0.0033264,0.0054626,0.0050049,0.0057526,0.0062256
0.0059357,0.0048218,0.0059509,0.0050507,0.0076752,0.0080566
0.0070343,0.0061646,0.0071106,0.0082245,0.0084686,0.0082703
0.0076599,0.0077667,0.0083313,0.0085602,0.0089722,0.0077515
0.0067444,0.0086975,0.0072479,0.0067444,0.0089874,0.0061951
0.0055695,0.0060425,0.0064087,0.0053558,0.0059662,0.0063782
0.0052185,0.0036163,0.0055389,0.0032959,0.0049133,0.0063019
0.0033722,0.0047455,0.0053101,0.0037842,0.0045624,0.0042267
0.0025024,0.0045776,0.0059204,0.0041809,0.0041351,0.0036163
0.0030823,0.0032501,0.00354,0.0014496,0.0053101,0.0030823
0.0035248,0.0033569,0.00045776,-0.00013733,0.0035858,0.0024719
0.0026093,0.001297,-0.0009613,-0.00097656,0.0011902,0.0022583
0.00065613,-0.0018921,-0.0021362,-0.0027924,0.00028992,0.0019073
0.00028992,-0.002182,-0.0024719,-0.0034943,-0.00012207,0.0024414
9.1553e-05,-0.00177,-0.0024414,-0.0036774,-0.00016785,0.0016937
-0.00099182,-0.0018158,-0.002121,-0.0036163,-0.001297,-0.00039673
-0.0022278,-0.00093079,-0.00054932,-0.0025177,-0.0026093,-0.0017548
-0.0024567,-0.00045776,0.00047302,-0.0015411,-0.0028076,-0.0028381
-0.0019531,-0.0004425,0.00045776,-0.0010834,-0.0021667,-0.0037537
-0.0024414,-0.00050354,0.00053406,-0.0011292,-0.0015717,-0.0034332
-0.0025024,-0.0010071,0,-0.00074768,-0.00091553,-0.0018005
-0.0015106,-0.0011749,-0.00080872,-0.00015259,-0.00093079,-0.00097656
-0.0017853,-0.0013428,-0.00088501,-0.00094604,-0.0023804,-0.0024414
-0.0028992,-0.0016327,-0.00057983,-0.0019531,-0.0041504,-0.0044098
-0.0034943,-0.0025635,-0.0010986,-0.0028687,-0.0052795,-0.0046539
-0.0049744,-0.003952,-0.0032043,-0.0049744,-0.0055847,-0.0050964
-0.0062561,-0.004364,-0.0052948,-0.0058899,-0.0063782,-0.006897
-0.0063171,-0.004303,-0.0056,-0.0048981,-0.0069733,-0.007019
-0.0047607,-0.0043793,-0.0050812,-0.0048676,-0.005661,-0.0046997
-0.0019073,-0.0041656,-0.0043945,-0.0040894,-0.0028839,-0.0023651
-0.00097656,-0.0024872,-0.0032959,-0.0024414,-0.00071716,-0.00091553
-0.00080872,-0.0007019,-0.0026245,-0.0019684,-0.0013275,-0.00012207
0.00013733,-0.00097656,-0.0018768,-0.0014954,-0.0019684,-0.00062561
0.00079346,-0.00064087,-0.0014191,-0.0015869,-0.0016937,-0.0015717
0.00022888,-0.00028992,-0.0004425,-0.0018311,-0.0023956,-0.0021057
-0.00097656,-0.0011444,0.00035095,-0.0002594,-0.0015106,-0.0015564
-0.00088501,-0.00080872,0.00018311,0.0013275,-0.00091553,-0.0005188
-0.00065613,-0.00019836,0.0019989,0.0014038,-0.0013123,-0.00048828
-0.00018311,0.00059509,0.0015564,0.0014343,0.001236,-0.00082397
3.0518e-05,0.0014496,-0.00030518,0.0017242,0.002533,-0.0012207
-0.00083923,0.00099182,0.0014038,0.0017242,0.00093079,-0.0004425
0.00012207,1.5259e-05,0.0015259,0.0021057,0.00083923,0.00082397
0.00074768,-0.00099182,-0.00016785,0.0017395,0.0010529,0.00064087
-0.00016785,-0.0015259,-0.00090027,-0.00041199,0.00056458,0.00090027
-9.1553e-05,-0.00061035,-0.00094604,-0.00080872,0.0018463,0.0012207
0.0002594,0.00093079,0.00054932,0.0010071,0.0024109,0.00050354
0.00083923,0.00082397,0.0014496,0.0012207,0.00027466,0.0007019
0.00099182,0.00062561,0.00015259,-0.00062561,-0.00048828,0.00082397
0.00018311,0.0011444,-0.0013733,-0.0016327,-0.00091553,-0.00067139
-9.1553e-05,-0.00042725,-0.0023651,-0.0011139,-0.0013275,-0.00097656
-0.00065613,-0.002533,-0.0029755,-0.001297,0.00032043,-0.00050354
-0.0015259,-0.0031281,-0.0028534,-0.0013733,4.5776e-05,-0.0011902
-0.0019226,-0.0031281,-0.0027618,-0.0016937,-0.0020752,-0.0016479
-0.0023041,-0.0029144,-0.0028992,-0.0028839,-0.0037689,-0.0013885
-0.001236,-0.0028534,-0.003952,-0.004364,-0.0037689,-0.00022888
0.00012207,-0.0030365,-0.0068817,-0.0058746,-0.0020294,4.5776e-05
-0.0013428,-0.0036316,-0.0079041,-0.0048828,-0.0024109,-0.00083923
-0.0027161,-0.0060425,-0.0064392,-0.0040588,-0.0031738,-0.0011597
-0.0032806,-0.0066986,-0.0063782,-0.0041962,-0.0026398,-0.002655
-0.0043182,-0.0045166,-0.0053101,-0.0034027,-0.0038605,-0.0035706
-0.0030518,-0.0035095,-0.0031738,-0.0038757,-0.0049744,-0.0028992
-0.0015564,-0.0025024,-0.0039978,-0.0042725,-0.0049591,-0.0032349
-0.0020905,-0.0027618,-0.0052795,-0.0038605,-0.0055695,-0.0032196
-0.0027924,-0.0036011,-0.0035553,-0.0027771,-0.005661,-0.0025787
-0.0031281,-0.0026398,-0.0018311,-0.002243,-0.0042267,-0.0027313
-0.0016632,-0.0018005,-0.0019684,-0.0027771,-0.0028381,-0.0024261
0.00076294,0.00039673,-0.00016785,0.00033569,-0.0022583,-0.0016174
0.0017548,0.002655,0.0027618,0.0031128,-0.00074768,-0.00032043
0.0019836,0.0033722,0.0037079,0.0020599,0.00080872,0.0017395
0.0025482,0.0043945,0.0036316,0.0024261,0.00062561,0.0013123
0.0028381,0.0047455,0.0031891,0.0026093,-0.00010681,-0.0010986
0.0013885,0.0036316,0.0029907,0.0016479,-0.0016174,-0.0018921
7.6294e-05,0.0020142,0.0023804,0.0010376,-0.0030518,-0.0020142
-9.1553e-05,0.00083923,0.00093079,-0.00085449,-0.0028992,-0.0028381
-0.0015564,0.00085449,0.00036621,-0.0010986,-0.002182,-0.0030518
-0.0028687,0.00053406,-0.00030518,0.00064087,-0.0015869,-0.0026703
-0.0023346,-0.0025787,-0.0016174,0.00059509,-0.0019684,-0.0024414
-0.0031891,-0.0051727,-0.0026245,-0.00082397,-0.0023193,-0.0028687
-0.0059357,-0.0049133,-0.0028992,-0.00090027,-0.0028534,-0.0039368
-0.0057526,-0.004837,-0.0021515,0.00042725,-0.0040283,-0.0037231
-0.0028381,-0.0042725,-0.0033569,-0.00054932,-0.0022125,-0.0032196
-0.0011749,-0.0022736,-0.0048523,-0.0019531,0.00053406,-0.0016327
-0.00012207,-0.00091553,-0.003067,0.00016785,0.00097656,0.0010223
0.0017395,0.00013733,-0.00097656,0.0024567,0.0014496,0.0013123
0.002182,0.0010834,0.00085449,0.0033264,0.0024261,0.0010529
0.0012817,0.0012665,0.0026398,0.0040894,0.0024872,7.6294e-05
0.0010071,0.0023499,0.0033417,0.0041351,0.0007782,-0.00062561
0.00019836,0.0027313,0.0039215,0.003479,-0.00035095,0.0012054
0.00067139,0.0014801,0.0030518,0.0020599,0.00013733,0.00074768
0.001297,0.00088501,0.0010071,0.0016785,-0.00035095,-0.0010223
-0.0013428,0.00032043,0.00048828,0.0024719,-0.00019836,-0.00064087
-0.0030365,-0.00074768,0.00082397,0.0013733,0.00045776,-0.00080872
-0.0035095,-0.0012665,-0.00015259,0.00035095,0.00015259,-0.0024719
-0.0055389,-0.0014343,-0.00047302,0.00099182,-0.00093079,-0.0048065
-0.0063171,-0.0026855,0.0007019,0.00088501,-0.0031891,-0.0060577
-0.0052643,-0.0041656,-0.00053406,-0.00047302,-0.0033264,-0.0056
-0.0051117,-0.0041809,-0.0030975,-0.0009613,-0.0029144,-0.0054626
-0.0055542,-0.0042572,-0.0028992,-0.00027466,-0.0031433,-0.0055084
-0.005188,-0.0050812,-0.0031738,-0.0012207,-0.0027618,-0.0046997
-0.0044098,-0.0049133,-0.0051727,-0.0029297,-0.0033112,-0.0029449
-0.0029602,-0.0036011,-0.0051727,-0.0039215,-0.0027466,-0.0013428
-0.0016022,-0.0021667,-0.004425,-0.0037537,-0.0026245,-0.0019989
-0.0016785,-0.0013885,-0.0035248,-0.0023041,-0.0034485,-0.0031586
-0.0010986,-0.0016479,-0.0031128,-0.0020447,-0.0038605,-0.0032196
0.0005188,-0.0010834,-0.00383,-0.0029297,-0.004303,-0.0025635
0.001236,0.00071716,-0.0034637,-0.003479,-0.0026245,-0.00068665
0.0019379,0.0018158,-0.0022736,-0.0021515,-0.00091553,0.00068665
0.0030212,0.0023804,-0.0013885,0.00036621,-0.00021362,0.0015106
0.0031738,0.0024261,-0.00074768,0.0015259,0.0016937,0.002182
0.0028381,0.0011292,0.00032043,0.0021973,0.0028534,0.0026398
0.0020752,-0.00013733,0.00074768,0.0020752,0.0015259,0.0032654
0.0011902,-6.1035e-05,0,0.00082397,0.00062561,0.0020142
0.00088501,0.0014191,-0.00032043,0.00033569,0.00076294,0.00013733
0.00059509,0.0015106,-7.6294e-05,0.00057983,-0.00024414,0.00091553
0.0014648,-0.00067139,-0.0010681,0.00059509,0.00024414,0.0021973
0.0020752,-0.001236,-0.0031891,0.00050354,0.0027466,0.0017548
0.00021362,-0.0014191,-0.0030365,0.0013428,0.0028076,0.0010681
-0.0011292,-0.0028381,-0.0011292,0.0020142,0.00065613,0.00067139
-0.0012665,-0.0026398,-0.0014343,0.00090027,-0.0010223,0.00010681
-0.0015106,-0.0023956,-0.0029602,-0.00073242,-0.0017395,-0.0012054
-0.0024719,-0.0036926,-0.0037231,-0.0020599,-0.0018768,-0.0017548
-0.0034943,-0.0042114,-0.0050354,-0.002121,-0.0023651,-0.00177
-0.0033112,-0.0037231,-0.0045929,-0.0013275,-0.0036011,-0.0035858
-0.0050049,-0.0031586,-0.00177,-0.0010986,-0.0045624,-0.0059204
-0.0064545,-0.0031281,-0.00032043,1.5259e-05,-0.0041199,-0.0071259
-0.0058441,-0.0036316,-0.00036621,0.0018005,-0.0036469,-0.0061951
-0.0057983,-0.0042725,-0.0009613,0.0011902,-0.0038605,-0.0040588
-0.0043335,-0.0050049,-0.002533,-0.0013275,-0.0030212,-0.0035553
-0.0048065,-0.0046387,-0.0046082,-0.0021362,-0.0028687,-0.0048065
-0.0061646,-0.0052185,-0.0054626,-0.0027466,-0.0046387,-0.0051727
-0.0051422,-0.0071716,-0.0070648,-0.0048981,-0.0054169,-0.0054626
-0.006897,-0.0073242,-0.0088348,-0.0055847,-0.0065918,-0.0072632
-0.0089874,-0.0072174,-0.0075531,-0.0058289,-0.009552,-0.008606
-0.0094452,-0.0077057,-0.0073242,-0.0068512,-0.010422,-0.0092468
-0.00914,-0.0078278,-0.0085602,-0.0069733,-0.0085144,-0.0086975
-0.0079041,-0.0079651,-0.0088501,-0.0065765,-0.0070648,-0.0078125
-0.0075989,-0.0078583,-0.0089264,-0.0059967,-0.0071259,-0.0071564
-0.0061493,-0.0079803,-0.009201,-0.0060425,-0.0066986,-0.0061035
-0.0049286,-0.0071411,-0.0098114,-0.0058289,-0.0065765,-0.0055542
-0.0056763,-0.0066528,-0.0081177,-0.0049744,-0.0073242,-0.0048523
-0.0057068,-0.0079803,-0.0067902,-0.0046997,-0.0057526,-0.0042572
-0.0049896,-0.0068817,-0.00737,-0.003418,-0.0033264,-0.0032043
-0.0032959,-0.0052795,-0.0063782,-0.0022583,-0.0033722,-0.0018768
-0.0028229,-0.0061798,-0.0056915,-0.0026398,-0.0039978,-0.0023804
-0.0054474,-0.0058899,-0.0064087,-0.0031281,-0.0042114,-0.003952
-0.0069885,-0.0059814,-0.0075378,-0.0039978,-0.005127,-0.0047455
-0.0068512,-0.0087585,-0.0089111,-0.0059662,-0.0062714,-0.0049286
-0.0066986,-0.010071,-0.010117,-0.0070953,-0.0068665,-0.0055542
-0.0059814,-0.008606,-0.010406,-0.0050812,-0.0066223,-0.0050201
-0.0052643,-0.0070801,-0.0091705,-0.0029907,-0.006012,-0.0046387
-0.0053101,-0.0056763,-0.007019,-0.0022125,-0.0046997,-0.0056
-0.0047302,-0.0042419,-0.0049896,-0.00015259,-0.0028229,-0.0036011
-0.0028992,-0.0033417,-0.0032196,0.0019226,-0.00080872,-0.0014648
-0.0011444,-0.00079346,-0.0010529,0.0036621,0.0020905,-0.0013123
0.0009613,0.0023956,0.0017395,0.0057678,0.003952,0.0007782
0.0024261,0.0038147,0.0046844,0.0067596,0.0038605,0.0028076
0.0033264,0.0040588,0.0052643,0.0076141,0.0036011,0.0039063
0.0038605,0.0038605,0.0040131,0.0085449,0.0036316,0.0041046
0.0040283,0.0040894,0.0052032,0.0080414,0.005722,0.0040894
0.0057831,0.0053406,0.0065765,0.008194,0.0086212,0.0057983
0.006485,0.0068207,0.0054626,0.009079,0.0081024,0.0066071
0.006012,0.0060577,0.0060425,0.0085754,0.0068207,0.0064087
0.0047607,0.0049133,0.0073242,0.0080261,0.0061188,0.0052185
0.003479,0.0052032,0.006134,0.0066986,0.0041809,0.0031433
0.0044708,0.0049744,0.0049896,0.0045013,0.0032349,0.0026245
0.0043945,0.0056915,0.0045776,0.0040741,0.0018005,0.0031128
0.004425,0.0056458,0.0056,0.0047913,0.0019226,0.003479
0.0051575,0.0051422,0.0065155,0.0052338,0.0048523,0.0033875
0.0046539,0.006134,0.0057526,0.0050049,0.0042114,0.0039215
0.0048981,0.0051117,0.0053406,0.0040436,0.0038147,0.0042114
0.0050659,0.0043793,0.0035706,0.0032806,0.0047913,0.00354
0.0044861,0.0041656,0.002243,0.0022583,0.0026245,0.0036011
0.0036163,0.0018463,0.0025482,0.0019379,0.0022583,0.0033875
0.0029449,0.00074768,0.0020599,0.0033722,0.0038605,0.0032501
0.0028534,0.0010071,0.0017242,0.0040131,0.0043335,0.0034485
0.0026093,0.0023193,0.0017395,0.0036774,0.0049591,0.0028534
0.002655,0.004837,0.0037231,0.0029297,0.0041046,0.0023956
0.0025482,0.0047455,0.0050964,0.0017242,0.0019531,0.0026245
0.0022125,0.002243,0.0032959,0.0011597,0.002182,0.0030365
0.0017548,0.00079346,0.0025787,0.0013428,0.0027161,0.0023804
0.0010681,0.00085449,0.0029449,0.003006,0.0024109,0.0013428
0.0019836,0.0022888,0.0034485,0.0040283,0.003479,0.0015106
0.0027313,0.0041962,0.0048218,0.0035706,0.00354,0.0020447
0.0020905,0.0046539,0.0056458,0.0038757,0.0037231,0.0020447
0.0033112,0.0047607,0.006134,0.0037994,0.0035706,0.0020599
0.0050354,0.0059357,0.0066528,0.0031738,0.0019379,0.0028229
0.0052795,0.006897,0.0066986,0.0023346,0.0024872,0.0036163
0.0055542,0.0076294,0.0068359,0.0021362,0.0025482,0.0029449
0.0050507,0.0079803,0.006897,0.0032806,0.0021973,0.0016174
0.0036316,0.0060883,0.0062714,0.0033417,0.003067,0.0011597
0.0025482,0.0040741,0.0048828,0.0024414,0.0033112,0.0022125
0.0027008,0.0025635,0.0040741,0.0024261,0.0035858,0.0033112
0.0035858,0.0013885,0.0045319,0.0027161,0.0035553,0.0027466
0.0028381,0.0032196,0.0048218,0.0021667,0.0029144,0.0027161
0.0019684,0.00383,0.0046692,0.0014038,0.0016174,0.0024872
0.0016479,0.0015259,0.0038757,0.00088501,0.0014954,0.00057983
-0.00061035,0.00074768,0.0025024,0.00036621,0.0021973,-0.00097656
-0.0025787,-0.00045776,0.0011749,-0.00088501,0.00076294,-0.0018005
-0.002182,-0.0025177,-0.00032043,-0.0021973,-0.0013428,-0.0009613
-0.001358,-0.0019836,-0.00068665,-0.0032501,-0.0023346,-0.00088501
-0.0015564,7.6294e-05,-0.0002594,-0.0045929,-0.0029755,-0.0030365
-0.0019836,0.00054932,0.00010681,-0.0029449,-0.0036011,-0.0032959
-0.0018616,-0.0011139,0,-0.001358,-0.0029755,-0.0033722
-0.0020599,-0.0019989,-0.0018921,-0.0036011,-0.002533,-0.0046082
-0.002243,-0.001297,-0.0034943,-0.0045624,-0.0028229,-0.00354
-0.0020142,-0.0019379,-0.0049133,-0.0050812,-0.0020905,-0.0019073
-0.0015717,-0.0042419,-0.0064392,-0.0062561,-0.0022125,-0.00067139
-0.0012207,-0.0053864,-0.0061798,-0.0052643,-0.0027313,0.0010834
-0.0018616,-0.0048523,-0.0066223,-0.0045013,-0.0017242,-6.1035e-05
-0.0030212,-0.0042114,-0.0065155,-0.003418,-0.0012817,-0.0023804
-0.0034027,-0.0049591,-0.0041046,-0.0019836,-0.0018616,-0.0022888
-0.0028229,-0.0065613,-0.0042725,-0.0026093,-0.0019226,-0.0014496
-0.0022583,-0.0060272,-0.0064392,-0.0027618,-0.0015259,-0.00035095
-0.0014496,-0.0046539,-0.0062866,-0.0035248,-0.0016174,0.00057983
-0.00022888,-0.0041656,-0.0050964,-0.0048218,-0.0022125,0.00038147
6.1035e-05,-0.0022888,-0.0036163,-0.0036011,-0.0025024,-0.0005188
-0.00013733,4.5776e-05,-0.001297,-0.0018311,-0.0024109,-0.0013885
0.0007019,0.00177,0.00047302,0.00028992,-0.0017395,-0.00177
0.00090027,0.0028687,0.0014648,0.0011597,-0.00079346,-0.0016327
-0.00076294,0.0017548,0.0017395,-0.00056458,-0.00080872,-0.0010223
-0.0011902,-0.0002594,0.00053406,0,-0.0011292,-0.00035095
-0.00035095,-0.001297,-0.00030518,0.0014343,-0.001236,-0.0010223
-0.0014801,-0.00079346,0.0010223,0.0010681,-0.00097656,-0.0022888
-0.0018311,0.00047302,0.0019073,0.0017242,0.00057983,-0.0007782
0.00085449,0.0010681,0.0021667,0.0032959,0.0035248,0.0019836
0.003067,0.0022125,0.0038605,0.0049896,0.0061798,0.0039368
0.0041351,0.0033722,0.0053253,0.0063934,0.0071411,0.0059357
0.0046844,0.0039368,0.0058899,0.0063934,0.0067596,0.0054779
0.0050507,0.0047607,0.0056915,0.0052795,0.0058899,0.0044098
0.0063171,0.0052338,0.0052795,0.0051422,0.0062103,0.0067749
0.0080719,0.0055542,0.0062866,0.0067749,0.0095367,0.009964
0.010422,0.0066376,0.0070343,0.0075378,0.013016,0.012131
0.011185,0.0079346,0.0075531,0.0083923,0.013458,0.012894
0.0097656,0.0085449,0.0088959,0.0088196,0.012863,0.011383
0.0085297,0.0081329,0.0083466,0.0069733,0.011185,0.0083771
0.0077362,0.006485,0.0075989,0.0066528,0.0079041,0.0065308
0.0075989,0.0058136,0.0089874,0.0062714,0.0052795,0.0062256
0.0069427,0.0067596,0.0087891,0.0049286,0.0047302,0.0050201
0.0061798,0.0067749,0.007431,0.0043488,0.0054016,0.0043335
0.0061646,0.0055389,0.0074921,0.0019379,0.0051575,0.0045471
0.0047455,0.0047913,0.0054016,0.0005188,0.004837,0.0041962
0.0034943,0.0048065,0.0029297,0.001236,0.004715,0.0045013
0.0050354,0.0034485,0.0036926,0.0007782,0.0041504,0.0050659
0.0061188,0.0022736,0.0032349,0.00032043,0.0040283,0.0043793
0.0041504,0.0029297,0.0027618,0.00056458,0.0033722,0.0036163
0.0022125,0.003418,0.0034943,-0.00021362,0.0032806,0.003479
0.0018616,0.0037537,0.002243,-0.0010071,0.0038452,0.0010834
0.0004425,0.0030823,0.0018005,-0.00056458,0.0021973,-0.0016174
-0.0011139,9.1553e-05,0.0019531,-0.001297,1.5259e-05,-0.00093079
-0.0011139,-0.0021362,-0.00068665,-0.0033569,-0.00086975,-0.00036621
-0.0025177,-0.0025024,-0.0040741,-0.0047455,-0.0019379,-0.0014954
-0.0036316,-0.0042419,-0.0049896,-0.0053253,-0.0025482,-0.0018311
-0.002533,-0.0060577,-0.0054016,-0.0054779,-0.002121,-0.0020599
-0.0030212,-0.0055237,-0.0061798,-0.006134,-0.0029144,-0.0026093
-0.0042267,-0.0050812,-0.0054474,-0.0067749,-0.0048523,-0.0026703
-0.0047455,-0.0056305,-0.0058441,-0.0075378,-0.0057678,-0.0041809
-0.0063324,-0.0061951,-0.007431,-0.0086517,-0.0066681,-0.0067902
-0.0074158,-0.0075531,-0.0082397,-0.0088501,-0.008194,-0.0077209
-0.0075073,-0.0090027,-0.00914,-0.0095825,-0.0092773,-0.0085754
-0.0091248,-0.0093079,-0.010208,-0.010498,-0.010818,-0.0098572
-0.010468,-0.0088501,-0.0095062,-0.0097961,-0.012741,-0.011261
-0.010452,-0.0081329,-0.0074463,-0.0090179,-0.012878,-0.013046
-0.010605,-0.0080872,-0.007309,-0.0084534,-0.011841,-0.01265
-0.010162,-0.0084381,-0.0073395,-0.007843,-0.011444,-0.011688
-0.0094452,-0.0071869,-0.0069733,-0.0078583,-0.0112,-0.011124
-0.0075531,-0.006012,-0.0078583,-0.0084076,-0.010956,-0.0092468
-0.0047455,-0.0063171,-0.0086212,-0.008255,-0.010712,-0.0071411
-0.0037842,-0.0054779,-0.0079651,-0.0067444,-0.0087891,-0.0060425
-0.0042114,-0.0046387,-0.0062866,-0.0050659,-0.0065613,-0.0058899
-0.0050964,-0.0052643,-0.0054932,-0.0042114,-0.0059052,-0.0049133
-0.0058899,-0.0058746,-0.0048218,-0.0039825,-0.0048981,-0.0044556
-0.0063782,-0.0059357,-0.0052948,-0.0036621,-0.0055542,-0.0061493
-0.0074463,-0.0063324,-0.0074615,-0.0046997,-0.0087738,-0.0089264
-0.0086365,-0.0077667,-0.0086212,-0.0070343,-0.01088,-0.010605
-0.0096741,-0.0091248,-0.0093079,-0.0079041,-0.012527,-0.01123
-0.011063,-0.010269,-0.0097198,-0.0080261,-0.014145,-0.013504
-0.012573,-0.011368,-0.009964,-0.0088806,-0.013809,-0.013947
-0.013428,-0.011734,-0.011551,-0.0094757,-0.012543,-0.0121
-0.012421,-0.010986,-0.012741,-0.008606,-0.011887,-0.011414
-0.010773,-0.011017,-0.011627,-0.0076599,-0.010605,-0.010422
-0.01088,-0.011307,-0.011353,-0.0072784,-0.010056,-0.009964
-0.011368,-0.010345,-0.011078,-0.0055084,-0.010757,-0.010696
-0.010803,-0.010406,-0.0085602,-0.0034027,-0.010498,-0.010834
-0.010071,-0.0089569,-0.007309,-0.003479,-0.0096741,-0.010117
-0.0093231,-0.0061035,-0.0070496,-0.0037689,-0.0085144,-0.009613
-0.0082092,-0.0060272,-0.0061798,-0.0024567,-0.0078125,-0.0085907
-0.0062561,-0.006546,-0.0058899,-0.0014191,-0.0069275,-0.0064545
-0.0049744,-0.005188,-0.0062561,-0.00086975,-0.0051575,-0.0057068
-0.0050812,-0.0036316,-0.0057678,0.00033569,-0.0047302,-0.0055237
-0.0045319,-0.0034637,-0.0045776,0.00073242,-0.0045776,-0.0044556
-0.003479,-0.0036774,-0.0040741,3.0518e-05,-0.00354,-0.0036011
-0.0027008,-0.0043488,-0.0034332,0.00056458,-0.0036163,-0.0024567
-0.0031128,-0.0045166,-0.0035858,0.0016327,-0.003418,-0.001297
-0.0026855,-0.0034943,-0.0042725,0.0014801,-0.0010834,0
0.00013733,-0.0033875,-0.0039368,0.0010834,0.00047302,0.0021057
0.0016022,-0.0019226,-0.0040741,0.0017242,0.0015717,0.0037842
0.0031433,0.0011292,-0.0025787,0.0032959,0.0037994,0.0057678
0.0061188,0.002182,0.00036621,0.0048218,0.0052643,0.0080261
0.0076141,0.0021362,0.00071716,0.0058746,0.0061646,0.0084381
0.0076599,0.0029755,0.0014954,0.0072479,0.0067749,0.0078583
0.0062256,0.0037689,0.0036469,0.0090942,0.0067444,0.0076599
0.0046997,0.0036774,0.0044098,0.0094757,0.0070801,0.0075684
0.0042572,0.0036926,0.0046082,0.0077209,0.0075836,0.0065155
0.0043335,0.0041504,0.0036774,0.006073,0.0064087,0.0053406
0.0043793,0.00383,0.0027771,0.005127,0.004425,0.0047913
0.0033722,0.0030365,0.003067,0.0045319,0.003479,0.0038452
0.0034027,0.0031738,0.0032806,0.0045929,0.002655,0.0029755
0.0039978,0.0034943,0.0036774,0.0041046,0.0024567,0.0028076
0.002655,0.0028229,0.0027008,0.0036011,0.0030365,0.0031586
0.002182,0.00091553,0.0014038,0.0040436,0.0028839,0.0031128
0.0019531,0.00024414,0.0020905,0.0040588,0.0023651,0.0023499
0.00054932,0.0019379,0.0038452,0.0049133,0.0023346,0.0012512
0.001297,0.0037842,0.0063477,0.0070801,0.0036621,0.0012207
0.0032959,0.0059357,0.0082703,0.0084229,0.0052032,0.0027618
0.0052795,0.0077667,0.010101,0.0095062,0.007309,0.004425
0.0068207,0.0087891,0.010986,0.010025,0.0094604,0.0061646
0.0065155,0.0090332,0.0090942,0.0091553,0.008255,0.0069885
0.0069733,0.0072937,0.0071106,0.0067444,0.0064392,0.0063171
0.0074463,0.0059814,0.0054474,0.0039673,0.0047913,0.0058594
0.0053864,0.0047302,0.0045166,0.0035248,0.0033417,0.0049591
0.0034637,0.0022736,0.00354,0.0026398,0.00383,0.0033722
0.0031128,0.0019531,0.001358,0.0010223,0.0028992,0.0030212
0.0035095,0.0021667,0.0010681,0.0011597,0.0022125,0.0034943
0.0037079,0.0015411,0.00094604,0.00024414,0.0029602,0.0038147
0.0032196,0.0015717,-0.00016785,-0.0004425,0.0027618,0.0039978
0.0028381,0.0012817,0.0010071,0.001236,0.0022888,0.0031738
0.0018921,0.0015106,0.0025482,0.0028534,0.0025482,0.0024414
0.0012512,0.002655,0.0033569,0.0036774,0.0041046,0.0026093
0.0017548,0.0030823,0.0049896,0.0040741,0.0044556,0.0016327
0.0019531,0.0032043,0.0058289,0.0046234,0.0031433,0.00073242
0.0026093,0.0041351,0.0059662,0.0045013,0.002594,0.0014496
0.0033417,0.0050659,0.0063171,0.0040588,0.003067,0.0022125
0.0030212,0.0050049,0.0067444,0.0046082,0.0036926,0.0023651
0.002594,0.0042267,0.007019,0.0048065,0.0033112,0.0021667
0.0025177,0.00383,0.0060883,0.0037994,0.0022888,0.0022125
0.0034027,0.0037537,0.005127,0.0017853,0.0017853,0.0022888
0.0038757,0.0032196,0.0043182,0.00064087,0.0018005,0.0016327
0.0026245,0.0031738,0.0023651,0.00090027,0.0018311,0.002243
0.0037231,0.0031738,0.0014954,0.0011292,0.0026703,0.0046082
0.006546,0.0026093,0.0016022,0.0015564,0.0048218,0.0065002
0.0063171,0.0029907,0.0025635,0.0028381,0.0062866,0.0070038
0.0049744,0.0041809,0.0049591,0.0039673,0.0061798,0.0053558
0.0047913,0.0049286,0.0050659,0.0035095,0.0045166,0.0036163
0.0040283,0.0047607,0.003952,0.0014801,0.002533,0.0029755
0.0015106,0.0029755,0.0027008,-0.00076294,0.00088501,0.0019073
0.00062561,-3.0518e-05,0.00018311,-0.0017548,-0.00045776,0.0015717
0.0010681,-0.0015869,-0.0013123,-0.0028687,-0.00016785,0.00065613
-0.00074768,-0.0014801,-0.0014496,-0.0028839,-0.00071716,-0.0012512
-0.0022888,-0.0014496,-0.00035095,-0.00085449,-0.0024261,-0.0022125
-0.0030823,-0.0013885,0.00013733,-0.0012817,-0.0031738,-0.0037537
-0.0036926,-0.0016785,-0.0018921,-0.0025787,-0.0032501,-0.0041046
-0.0031433,-0.0031586,-0.0032043,-0.0032806,-0.0023956,-0.0023346
-0.0019226,-0.0047302,-0.0037384,-0.0049438,-0.0019073,-0.00090027
-0.001358,-0.0036316,-0.0043793,-0.0051422,-0.0019989,-0.00097656
-0.0027313,-0.0015411,-0.0028839,-0.0042267,-0.0033722,-0.0031738
-0.0035553,-0.0027924,-0.0015717,-0.0036621,-0.0043793,-0.0039673
-0.0036926,-0.0043488,-0.0030518,-0.0036774,-0.0028229,-0.0025482
-0.0034637,-0.0033264,-0.0039063,-0.0031891,-0.0014038,-0.0027924
-0.0016479,-0.0030975,-0.0025635,-0.0016785,-0.00080872,-0.0024719
-0.0010529,-0.0029602,-0.0032349,-0.0018463,-0.0014191,-0.00067139
-0.00057983,-0.0012207,-0.0040436,-0.0026398,-0.0016174,-0.00021362
0.0013123,-0.0012054,-0.0015564,-0.0020447,-0.00039673,0.00039673
0.0010986,-0.00074768,-0.00028992,-0.0016327,-0.00027466,0.0004425
-0.00039673,0.00083923,-0.00035095,-0.00068665,-0.00050354,0.00038147
0.00056458,3.0518e-05,0.00013733,0.00022888,0.00032043,0.0020599
0.0023804,0.0005188,1.5259e-05,0.00015259,0.0019684,0.0028381
0.0027924,0.0018158,0.00079346,0.0014343,0.0028076,0.0027924
0.0026245,0.0016785,0.001358,0.0015106,0.0020294,0.0022888
0.0022736,0.0027313,0.00022888,-0.00054932,0.00074768,0.0013885
0.0018311,0.0024414,-0.0015717,-0.0018311,-0.0010529,0.00027466
0.00090027,-0.00041199,-0.0039978,-0.003891,-0.0036926,-0.0013885
-0.00093079,-0.0028687,-0.0052643,-0.0056152,-0.0044098,-0.0017548
-0.0033264,-0.0048828,-0.0049133,-0.0043335,-0.0040131,-0.0016785
-0.0050354,-0.0065002,-0.0049744,-0.0030212,-0.0046539,-0.003006
-0.0055542,-0.006012,-0.0055237,-0.0043945,-0.004303,-0.0043335
-0.0056915,-0.0054474,-0.0063477,-0.0062714,-0.0042419,-0.0050201
-0.0059204,-0.0063171,-0.0075226,-0.0063629,-0.0064545,-0.0058594
-0.0066071,-0.0061798,-0.0068054,-0.0058289,-0.0090637,-0.0069733
-0.0068054,-0.0065308,-0.0056915,-0.0059357,-0.0088959,-0.0079651
-0.007431,-0.0077667,-0.0074615,-0.006012,-0.0076752,-0.007782
-0.0094452,-0.0079193,-0.0081177,-0.0060577,-0.0074921,-0.0075226
-0.0097198,-0.0081024,-0.0071869,-0.0058746,-0.0071259,-0.0085907
-0.0079346,-0.0078583,-0.007309,-0.004776,-0.0076752,-0.0081329
-0.0065918,-0.0072021,-0.0074768,-0.0042725,-0.0070953,-0.0063934
-0.0068359,-0.0069885,-0.0069885,-0.0037079,-0.0053406,-0.0072021
-0.0089111,-0.0065918,-0.0050659,-0.0026855,-0.0056763,-0.0088806
-0.010925,-0.0058746,-0.0035248,-0.0027618,-0.0075226,-0.010208
-0.010452,-0.0053864,-0.0033722,-0.0030975,-0.0096436,-0.011734
-0.0090179,-0.0059814,-0.0046692,-0.0041656,-0.009903,-0.011261
-0.0089111,-0.0063629,-0.0065918,-0.0049438,-0.0080872,-0.0094147
-0.0089264,-0.006134,-0.0068817,-0.0041046,-0.0064697,-0.0071106
-0.0071716,-0.0072174,-0.0063934,-0.0033112,-0.005249,-0.0044861
-0.004776,-0.0080566,-0.0061493,-0.0025482,-0.0045319,-0.00383
-0.0040588,-0.0060425,-0.0060272,-0.0018616,-0.0054321,-0.0045624
-0.0036011,-0.0037537,-0.0048218,-0.0013275,-0.0059814,-0.0050659
-0.0028381,-0.00354,-0.0036316,-0.00091553,-0.0046844,-0.0049286
-0.0038452,-0.0028229,-0.0040741,-0.00091553,-0.0043335,-0.0044403
-0.0050659,-0.0023956,-0.0037079,-0.0010834,-0.0054626,-0.0048981
-0.005127,-0.0046844,-0.0038605,-0.0024261,-0.0060425,-0.0050201
-0.0046844,-0.0065155,-0.0060425,-0.00354,-0.0052338,-0.004364
-0.0047913,-0.005661,-0.0074921,-0.0031738,-0.0036774,-0.0033264
-0.0047607,-0.0043793,-0.0072479,-0.0018158,-0.0028381,-0.0022888
-0.0030518,-0.0043793,-0.004776,0.00018311,-0.0025787,-0.0016022
-0.0021362,-0.0037537,-0.0031891,0.00018311,-0.0023499,-0.0013123
-0.0025177,-0.0020447,-0.0035248,0.00012207,-0.0026245,-0.0024567
-0.0014954,-0.0016022,-0.0013123,0.0013428,-0.0025787,-0.0015259
-9.1553e-05,-0.0016479,1.5259e-05,0.00053406,-0.0015411,0.00082397
0.00016785,-0.00013733,-0.0011444,0.00064087,-0.00028992,0.00061035
0.00054932,0.0018005,-0.00015259,0.0028381,0.00062561,0.00016785
0.0015106,0.0015411,0.0015106,0.0041656,0.00079346,0.0011749
0.0022125,0.00071716,0.002182,0.0048676,0.0018311,0.0029602
0.0027618,0.0028381,0.0029297,0.0049286,0.0027313,0.0032043
0.0037384,0.0052032,0.0041199,0.0053558,0.0023651,0.0032349
0.0051117,0.0046844,0.0048676,0.0059967,0.0040588,0.0048065
0.0056305,0.0043945,0.0046692,0.006134,0.0058136,0.0061493
0.0056763,0.0059967,0.0063477,0.0069275,0.0063782,0.0077972
0.0074005,0.007843,0.0084076,0.0077057,0.0074158,0.0083466
0.0093689,0.010208,0.0090179,0.0091705,0.0077362,0.0070801
0.0091095,0.0121,0.011307,0.010178,0.0075684,0.0068054
0.009552,0.01265,0.013,0.0091248,0.0078888,0.0084381
0.011826,0.012833,0.012527,0.0094452,0.0092926,0.0096893
0.012177,0.01207,0.012039,0.010559,0.0097961,0.01001
0.011459,0.011002,0.01088,0.0090485,0.0090332,0.011047
0.011597,0.011108,0.0093384,0.0081329,0.010086,0.010925
0.010437,0.010651,0.0098267,0.01033,0.011368,0.0096893
0.0074005,0.0080261,0.011307,0.01091,0.010376,0.0078278
0.0048523,0.006424,0.010101,0.0090637,0.0079956,0.0053101
0.0037537,0.0068359,0.0086365,0.0072479,0.0057526,0.0035858
0.0020447,0.005188,0.0072632,0.0039825,0.0034943,0.00177
0.00048828,0.0018768,0.0027618,-0.00036621,0.00030518,0.00082397
-0.00012207,-3.0518e-05,-0.00088501,-0.0033722,-0.0015106,-0.00028992
-0.0020905,-0.001709,-0.002182,-0.0034332,-0.0025177,-0.0020905
-0.0023804,-0.0035858,-0.0028992,-0.0025024,-0.0032501,-0.0020599
-0.0010529,-0.0034943,-0.0031891,-0.0031128,-0.0021515,-0.0016022
-0.0019836,-0.0024414,-0.0042267,-0.0041046,-0.0019989,-0.0016785
-0.0023651,-0.0019836,-0.0045776,-0.0050049,-0.0028839,-0.0023193
-0.002594,-0.0023346,-0.00354,-0.0055389,-0.0037842,-0.0030518
-0.0039215,-0.0036926,-0.0033722,-0.004776,-0.0046234,-0.0036774
-0.0045166,-0.0042419,-0.0046844,-0.0040131,-0.004425,-0.004364
-0.0048218,-0.0046539,-0.0056,-0.004303,-0.0050507,-0.00354
-0.0038147,-0.0056915,-0.005249,-0.005127,-0.0048981,-0.003006
-0.003006,-0.0042725,-0.0047913,-0.0044403,-0.0035095,-0.0034943
-0.0030365,-0.0022888,-0.003006,-0.001358,-0.0040741,-0.0026093
-0.0011749,-0.0023193,-0.0011597,-0.00047302,-0.0030518,-0.0011444
0.0010681,-0.0013428,-0.0022736,-0.0028992,-9.1553e-05,0.0007782
0.0020142,0.00032043,-0.003952,-0.0039368,4.5776e-05,0.0019684
0.001236,1.5259e-05,-0.0041046,-0.0037842,-0.0016785,0.00045776
-0.0014343,-0.0016937,-0.0031433,-0.0036469,-0.0028534,-0.0014496
-0.0035858,-0.003479,-0.0032501,-0.0032959,-0.0021973,-0.0027924
-0.0037994,-0.0047302,-0.0044861,-0.0032043,-0.0019531,-0.0028076
-0.002594,-0.0049744,-0.0041199,-0.0023499,-0.0036316,-0.0014801
-0.00086975,-0.0040741,-0.0036011,-0.0022736,-0.0036621,-0.00064087
-0.00068665,-0.0026093,-0.0043182,-0.0033264,-0.0017242,-0.00015259
-0.0015564,-0.0011902,-0.0042419,-0.0026398,-0.00041199,0.00013733
-0.001236,-0.0011749,-0.0023956,-0.0014191,-0.00062561,-1.5259e-05
-0.00059509,-0.0018158,-0.0018463,-0.0014648,-0.0011444,-0.0010681
-0.0010223,-0.0020142,-0.0027008,-0.0012817,-0.0023956,-0.0015411
-0.0025787,-0.0032806,-0.0024719,-0.0015259,-0.0032959,-0.0015717
-0.0050354,-0.0040588,-0.0040436,-0.0033112,-0.0028076,-0.0028839
-0.0059052,-0.0042725,-0.006485,-0.0044403,-0.0038452,-0.0029907
-0.0049744,-0.0065918,-0.0070801,-0.004776,-0.0042419,-0.0018921
-0.0040588,-0.0081635,-0.0082397,-0.0048828,-0.0034027,-0.0021515
-0.0037231,-0.006546,-0.0081024,-0.0043335,-0.0041504,-0.0037994
-0.0058746,-0.0061035,-0.0062103,-0.0039368,-0.0061035,-0.0057983
-0.0084534,-0.0075836,-0.006897,-0.0039825,-0.0083618,-0.0079193
-0.0091553,-0.0077667,-0.0081024,-0.0057831,-0.0093842,-0.009079
-0.0088806,-0.008194,-0.007843,-0.0079346,-0.0093384,-0.0083771
-0.0084534,-0.008728,-0.0083313,-0.0076904,-0.0095062,-0.0075684
-0.0090027,-0.008255,-0.0077362,-0.0062561,-0.0087738,-0.0063782
-0.0076599,-0.0080566,-0.0068054,-0.0040894,-0.0066071,-0.0059052
-0.0050812,-0.0061188,-0.0065002,-0.0015717,-0.0046997,-0.0049744
-0.0036163,-0.0030518,-0.0029297,0.00090027,-0.0025482,-0.0014496
-1.5259e-05,-7.6294e-05,0.0012207,0.0039215,0.0016327,0.00036621
0.0032654,0.0040588,0.0046234,0.0076294,0.0059509,0.0022888
0.0040436,0.0062866,0.0088501,0.010895,0.0069885,0.0054321
0.0055695,0.0071259,0.0097046,0.011337,0.0075989,0.0064697
0.0066528,0.0082703,0.0091858,0.010376,0.0099945,0.0071259
0.0077667,0.0089264,0.0092621,0.010025,0.010803,0.0080719
0.01004,0.010651,0.0087433,0.010147,0.010834,0.0092926
0.010223,0.010757,0.010284,0.010284,0.010773,0.01059
0.0086212,0.0088654,0.011017,0.0095825,0.0095062,0.009903
0.0079651,0.0077209,0.0087891,0.0084686,0.0085144,0.0083771
0.0070648,0.0062256,0.0058441,0.0058289,0.0069122,0.0077667
0.0045929,0.0041199,0.0023651,0.0015259,0.003952,0.0045776
0.0016937,0.0020294,6.1035e-05,-0.00097656,0.00041199,-0.00030518
-0.0015869,-0.0010986,-0.0011597,-0.002655,-0.0031128,-0.002121
-0.0046082,-0.0053101,-0.0036316,-0.0043793,-0.005249,-0.0037384
-0.0061493,-0.006897,-0.0059204,-0.0056305,-0.0065002,-0.0064392
-0.0071106,-0.0065918,-0.0073853,-0.0075073,-0.007431,-0.0075531
-0.0072784,-0.0078125,-0.0085907,-0.0074768,-0.0081787,-0.0072479
-0.0063171,-0.0080109,-0.008606,-0.0062408,-0.0082245,-0.0067749
-0.006546,-0.0074463,-0.0080414,-0.0057983,-0.0074921,-0.0074158
-0.007843,-0.0075836,-0.0067596,-0.0048218,-0.0065002,-0.0080414
-0.0095215,-0.0067596,-0.0065155,-0.0048981,-0.0062103,-0.0075378
-0.010651,-0.0075226,-0.0077667,-0.0057983,-0.0082703,-0.0069885
-0.0088806,-0.0092316,-0.0069733,-0.0056915,-0.0088654,-0.0069122
-0.0066833,-0.0072479,-0.0056152,-0.0046997,-0.007843,-0.0076447
-0.0063477,-0.0042572,-0.0044098,-0.0022278,-0.0068207,-0.0072937
-0.0058289,-0.0030212,-0.003006,-0.0007019,-0.0047607,-0.0054474
-0.0045471,-0.0023193,-0.002243,-0.00071716,-0.0048981,-0.0046539
-0.0029755,-0.0019379,-0.00032043,-0.00010681,-0.0046997,-0.0030212
-0.0009613,-0.00027466,-0.00013733,-0.00030518,-0.0024109,-0.001236
0.00062561,0.0010223,-0.001709,0.00016785,-0.0013275,-0.0019836
-9.1553e-05,-0.00056458,-0.00085449,0.0017242,-0.0015259,-0.00065613
-0.0014191,-0.0018463,-0.0012207,0.00071716,-0.0020447,0.0010376
-0.0022736,-0.0021057,-0.0040436,-0.0011139,-0.0011292,-0.0016632
-0.0041351,-0.003067,-0.004425,-0.00013733,-0.00036621,-0.0020142
-0.0032501,-0.0043488,-0.0038757,0.00032043,-0.00042725,0.00028992
-0.0010834,-0.003952,-0.0051117,-0.0018921,-0.00024414,0.00080872
-0.00177,-0.0023193,-0.0048065,-0.00177,-0.00090027,0.0014954
-0.00088501,-0.0027161,-0.0039063,-0.00042725,-0.00080872,0.00090027
0.00028992,-0.0029144,-0.0048828,-0.0007782,-0.00059509,-0.00016785
-0.00071716,-0.0019989,-0.00354,-0.0009613,-0.0010986,0.00021362
-0.00039673,-0.0014954,-0.0014496,-0.0012054,-0.0009613,0.00027466
0.00018311,0.00079346,-0.00093079,0.00024414,-0.0010529,0.00010681
3.0518e-05,0.0028076,0.0018158,0.0019989,-0.00093079,-0.00024414
0.00048828,0.0030975,0.003479,0.002121,-0.00061035,-0.0017242
0.00068665,0.0033569,0.0037231,0.003006,-0.00053406,-0.0021057
0.00090027,0.0032501,0.0042877,0.0039978,3.0518e-05,-0.00018311
0.00047302,0.0029602,0.003952,0.0049896,0.00091553,0.00050354
-0.00073242,0.0021515,0.0044708,0.0054474,0.0024414,0.00032043
-0.0007019,0.0014038,0.0030518,0.0046997,0.0020752,0.0007019
3.0518e-05,0.00053406,0.0011902,0.0034637,0.00053406,0.0013123
0.00012207,-0.00091553,0.0007782,0.001358,0.0009613,0.00088501
-0.00068665,-0.00067139,0.00042725,0.00085449,0.00021362,-0.00036621
-0.00065613,-0.00042725,0.00062561,0.0018463,0.00035095,0.0013428
0.00074768,-0.00091553,-0.0011292,0.00045776,0.0031738,0.0032806
0.0015411,-0.00062561,-0.0019073,-0.00054932,0.0037842,0.0042419
0.0020599,-0.0005188,-0.0009613,0.0013885,0.0029755,0.0049896
0.0023346,0.0007019,-0.00062561,0.0027313,0.0024567,0.0032806
0.0020599,0.0015717,0.0018463,0.0029297,0.002121,0.0025787
0.0022278,0.0010834,0.0037689,0.0033264,0.0028687,0.0029602
0.0027008,0.002243,0.0032196,0.0040436,0.0030365,0.0029297
0.0037231,0.0035858,0.00354,0.0043182,0.0031433,0.0041656
0.0040588,0.005249,0.003952,0.0027924,0.0038757,0.0038452
0.0027008,0.0062866,0.0042419,0.0024109,0.0029449,0.0022125
0.0021973,0.0042877,0.0046692,0.0030518,0.0011139,0.0011597
0.0012817,0.002243,0.0019989,0.0010071,-0.00056458,-0.00097656
-0.00042725,0.00076294,-0.00012207,-0.00071716,-0.0023804,-0.0019989
6.1035e-05,7.6294e-05,0.00062561,-0.0011139,-0.0027008,-0.0010376
0.00093079,0.00057983,-0.00030518,-0.0016785,-0.0024109,-0.00088501
0.00083923,0.0010223,0.00033569,-0.0012207,-0.0026703,-0.0012054
0.001358,0.0016937,0.0018005,-0.00082397,-0.00099182,-0.00041199
0.0023651,0.0018463,-0.00027466,3.0518e-05,0.0011902,0.0014343
0.0028076,0.0015717,6.1035e-05,0.0010986,0.0022278,0.002182
0.0016632,0.0014038,0.0018463,0.0018768,0.0031433,0.0017548
1.5259e-05,0.00076294,0.00091553,0.0032501,0.0025635,0.00177
0.00021362,0.00021362,0.00035095,0.002182,0.0024414,0.0017853
0.00018311,-0.00024414,0.00019836,0,0.00177,0.00088501
-0.0010376,-0.0011139,0.00045776,-0.00071716,-0.0011292,-0.0010376
-0.0024567,-0.0015411,0.00019836,-0.001236,-0.0016174,-0.0021362
-0.0048218,-0.0017548,-0.0016174,-0.00079346,-0.0018616,-0.0032043
-0.0059509,-0.0031433,-0.0029602,-0.0014801,-0.0041962,-0.0045929
-0.0045929,-0.0042114,-0.0041504,-0.0035553,-0.0047302,-0.0041199
-0.0034485,-0.0040741,-0.004364,-0.0040131,-0.0043182,-0.0032654
-0.0025024,-0.0041809,-0.0034485,-0.0037079,-0.0042572,-0.0025635
-0.0016937,-0.0032806,-0.0041351,-0.0033875,-0.00383,-0.0022278
-0.0027924,-0.0016632,-0.0038452,-0.0024109,-0.0030518,-0.0025787
-0.0027008,-0.0018158,-0.0021362,-0.001297,-0.0014191,-0.0023193
-0.00097656,-0.0016174,-0.0021515,-0.00030518,-0.00064087,-0.0020142
-0.00073242,-0.00021362,-0.0016327,0.00093079,-0.00076294,-0.0010529
-0.00048828,-0.00048828,-0.00012207,0.0014648,0.00027466,0.00083923
0.00062561,-0.00016785,0.00042725,0.00064087,0.001709,0.0025024
0.0025635,0.00177,0.00039673,0.00076294,0.002594,0.0037384
0.0042114,0.0030823,0.00085449,0.0028687,0.0029297,0.0036926
0.0035706,0.0042725,0.003006,0.0042725,0.0033722,0.0035095
0.0032654,0.0040283,0.0044098,0.003952,0.0051422,0.0044708
0.0041046,0.0036469,0.0028534,0.0040894,0.0055389,0.0048981
0.0042419,0.0035858,0.0024719,0.0037842,0.0036469,0.0050354
0.004715,0.0026093,0.0017853,0.0019531,0.0036163,0.0054016
0.0048676,0.0039215,0.0002594,0.0011444,0.0039825,0.0049744
0.0043945,0.0050659,0.0029449,0.0016785,0.0028381,0.0039825
0.0045471,0.0046997,0.0045471,0.0032043,0.0029907,0.0038605
0.0037842,0.0045929,0.0037994,0.0044098,0.0048676,0.004425
0.0032959,0.0041809,0.0049896,0.005127,0.0066223,0.004837
0.0050507,0.0053558,0.0064392,0.0065918,0.0065002,0.0056152
0.0069733,0.0067902,0.0068665,0.0059509,0.0059662,0.0068512
0.0079041,0.0071106,0.0059052,0.0042114,0.0071411,0.0075531
0.007782,0.0076904,0.006134,0.0048523,0.006485,0.0067139
0.0068054,0.0069122,0.0069122,0.0052185,0.0037537,0.0058289
0.0054321,0.0051422,0.0055847,0.0037231,0.0040588,0.0050049
0.0036469,0.0050964,0.0048218,0.0024414,0.0051727,0.0038605
0.0025177,0.0046387,0.0041809,0.001709,0.0046539,0.00383
0.0033722,0.0023956,0.0027161,0.0024414,0.0046844,0.0039215
0.0040436,0.0026398,0.0026703,0.0033112,0.0042267,0.0041504
0.0027161,0.0036926,0.0036163,0.0022278,0.0042572,0.0042267
0.0020599,0.0036316,0.0046844,0.0026245,0.0048828,0.0023651
0.002243,0.003891,0.0058136,0.0042877,0.0034637,0.00097656
0.0020447,0.0025635,0.0055084,0.0040588,0.0029449,0.0020142
0.0021057,0.0025024,0.0039825,0.0039825,0.0041046,0.0028992
0.0031128,0.0034637,0.0043793,0.0043793,0.0048981,0.0040894
0.0050354,0.003418,0.0059204,0.0040131,0.0063171,0.0063019
0.0062714,0.0063934,0.0062866,0.0044098,0.0080414,0.0067444
0.0069885,0.0088806,0.0069733,0.0052643,0.0079498,0.006546
0.0071259,0.0085602,0.0085144,0.0058289,0.0062256,0.0058746
0.0075684,0.0091858,0.010071,0.0059052,0.0059814,0.0051422
0.0088654,0.0091705,0.010117,0.0049438,0.0064087,0.0065765
0.0074768,0.0084839,0.0086365,0.0044403,0.0058899,0.0067291
0.006012,0.0079803,0.0068817,0.00383,0.0064545,0.0063477
0.0071564,0.0066833,0.0047913,0.0019226,0.0062103,0.0069275
0.0071869,0.0059204,0.0040283,0.0012665,0.0050812,0.0061188
0.0053101,0.0056152,0.0045319,0.0015106,0.0059967,0.0053406
0.0036621,0.0046539,0.0043488,0.0015869,0.0056,0.0038452
0.003479,0.0033417,0.0040131,0.0020142,0.0026093,0.0025482
0.0033722,0.0029755,0.0028534,0.00054932,0.0016327,0.0022736
0.0018921,0.0032959,0.0011597,-0.0020752,0.0014801,0.00088501
0.00091553,0.0015564,0.00047302,-0.0030518,-0.0004425,0.0011444
0.0013428,-0.0005188,-0.0019836,-0.0038757,-0.00090027,0.0017395
0.00050354,-0.001709,-0.0056763,-0.0056458,-0.00054932,0
-0.002182,-0.0042572,-0.0062561,-0.0065918,-0.0029297,-0.0018463
-0.0043488,-0.0057983,-0.0053711,-0.0073547,-0.0056,-0.0035248
-0.0061798,-0.0060577,-0.0062866,-0.0083008,-0.0066986,-0.0051727
-0.0076752,-0.0075073,-0.0073395,-0.0082245,-0.0067291,-0.0068817
-0.0080414,-0.008194,-0.0079193,-0.0080872,-0.0070038,-0.0081329
-0.0075073,-0.0076904,-0.0084686,-0.0077057,-0.0078125,-0.0070038
-0.0058136,-0.0076752,-0.0079346,-0.0071411,-0.0065613,-0.0048065
-0.0053406,-0.0065613,-0.007782,-0.0070648,-0.0057831,-0.0048676
-0.0059357,-0.0050507,-0.0066528,-0.0062866,-0.0073547,-0.0058441
-0.004776,-0.0056458,-0.0050354,-0.0059509,-0.0076904,-0.0048218
-0.0043945,-0.0057373,-0.0069885,-0.0062408,-0.006134,-0.0047607
-0.0053864,-0.0050812,-0.0074005,-0.0053101,-0.0054169,-0.0058136
-0.0058136,-0.0055237,-0.0055542,-0.0053101,-0.0058289,-0.0049896
-0.0060425,-0.0051575,-0.005249,-0.0058899,-0.0062408,-0.0046997
-0.0054626,-0.0037842,-0.0032501,-0.0041962,-0.0063782,-0.0050201
-0.0047455,-0.0023956,-0.0013275,-0.0019684,-0.0054474,-0.0059052
-0.0047455,-0.0019531,-0.00041199,-0.00042725,-0.0044556,-0.0064697
-0.0029907,-0.00073242,0.00041199,0.00054932,-0.0027313,-0.0040741
-0.0011444,0.0027924,0.0014038,0.0015259,-0.00054932,-0.0028381
0.00030518,0.0044708,0.0048523,0.0028992,-0.00074768,-0.00177
0.0040894,0.0053558,0.0071716,0.0038605,0.00021362,0.0021362
0.0063629,0.0078888,0.0079041,0.0048218,0.0031891,0.0042419
0.0062561,0.0093384,0.0080872,0.0049591,0.004425,0.004715
0.0055847,0.009201,0.0069275,0.004425,0.0043945,0.0048828
0.0049438,0.006958,0.0058441,0.004715,0.0044556,0.0045471
0.0061646,0.0047455,0.0053711,0.0045776,0.0048523,0.0063171
0.0072327,0.0059509,0.0066223,0.0038147,0.0053711,0.0078125
0.007843,0.0078278,0.0068817,0.0041962,0.0060272,0.0074005
0.0091248,0.0076904,0.0056152,0.0042572,0.0063477,0.0078278
0.0089264,0.0066528,0.004776,0.0030518,0.0059052,0.0074768
0.0059814,0.0061646,0.0034943,0.0028687,0.0055237,0.0047913
0.0032349,0.0047913,0.0029755,0.0024719,0.0042572,0.0025177
0.0030365,0.0016785,0.0020294,0.0015717,0.0018158,0.0023346
0.0024414,-0.00027466,0.00039673,-0.00015259,0.001236,0.0019836
0.00016785,0.00012207,-0.00030518,-0.0026093,0.0015717,0.00048828
-0.0010071,0.00024414,-0.0010529,-0.0017548,-0.00024414,0.00012207
-0.0007019,-0.0011597,-0.0014496,-0.0015259,-0.0016937,0.00021362
-0.0013275,-0.0016479,-0.0015564,-0.0036011,-0.0019073,-0.0015717
-0.0027008,-0.0014343,-0.0022583,-0.003418,-0.0023804,-0.00383
-0.0030518,-0.0025482,-0.003006,-0.003891,-0.0035095,-0.0041199
-0.0028534,-0.0029449,-0.00383,-0.0048828,-0.0051727,-0.003418
-0.0033569,-0.0031433,-0.0048676,-0.0049896,-0.0056763,-0.0039063
-0.0041046,-0.0044556,-0.005127,-0.0059814,-0.0065155,-0.0052338
-0.0051575,-0.0047302,-0.0046234,-0.0057831,-0.0074005,-0.0054626
-0.0068054,-0.0058289,-0.0051422,-0.004776,-0.0062561,-0.0052032
-0.0066528,-0.0081177,-0.0064545,-0.0034943,-0.0040741,-0.0054474
-0.0066376,-0.0076141,-0.0066223,-0.0022888,-0.0017853,-0.0045776
-0.0072937,-0.0062103,-0.0063019,-0.0029755,-0.0012054,-0.0029449
-0.004837,-0.0068359,-0.0061188,-0.0037079,-0.0025482,-0.0029144
-0.0034943,-0.0068817,-0.0061035,-0.0035858,-0.003952,-0.00383
-0.0053558,-0.005661,-0.0046997,-0.0025177,-0.0044708,-0.0041046
-0.0060883,-0.0046844,-0.0015564,-0.0012665,-0.0038757,-0.004837
-0.0056458,-0.0028534,-0.00099182,-0.0014648,-0.0022125,-0.0049896
-0.0045624,-0.0015564,-0.0011749,-0.00093079,-0.0010529,-0.0036926
-0.0018311,-0.0021515,-0.001709,-0.00047302,-0.0010529,-0.0021057
0.00027466,-0.0013733,-0.0028687,-0.00050354,-0.00038147,0.00032043
0.0012817,0.00088501,0.00021362,0.00097656,0.00059509,0.0023041
0.0027161,0.002655,0.0027771,0.0019531,0.0014191,0.0019531
0.0032654,0.0036774,0.003067,0.0022888,0.0017242,0.0014801
0.0024567,0.0035095,0.0042267,0.0030212,0.0012207,0.0025635
0.0013428,0.0023193,0.0038147,0.0025177,0.001297,0.002121
0.0015717,0.0015411,0.002533,0.0010529,0.0021057,0.0010986
0.0029602,0.0024719,0.0009613,0.00067139,0.0024109,0.0021667
0.0036621,0.0023041,-0.00032043,0.00074768,0.0013123,0.0027618
0.003067,0.00012207,-0.00061035,9.1553e-05,0.00071716,0.0028534
0.0016327,-0.00086975,-0.00177,-0.0004425,-4.5776e-05,0.0023193
-0.00010681,-0.001297,-0.0019684,-0.0013733,-0.0018005,-0.0009613
-0.0027008,-0.0016327,-0.0011292,-0.0022583,-0.0031128,-0.0044708
-0.0054016,-0.002594,-0.0022125,-0.0021362,-0.0045319,-0.0052032
-0.0067902,-0.0051727,-0.0040894,-0.0033264,-0.0046387,-0.0054016
-0.0061646,-0.005722,-0.0058289,-0.0044708,-0.0045471,-0.0058899
-0.0043335,-0.0044556,-0.0055237,-0.0037231,-0.005249,-0.0047913
-0.003006,-0.0042114,-0.0036163,-0.0034332,-0.0053558,-0.0037079
-0.0026398,-0.0036621,-0.0043335,-0.0028076,-0.005188,-0.0037842
-0.0021667,-0.0032806,-0.0044098,-0.0026093,-0.004715,-0.0046234
-0.0027771,-0.0037689,-0.0033875,-0.0030365,-0.0044708,-0.0054016
-0.0056,-0.0042572,-0.0045166,-0.0022736,-0.0041656,-0.0049133
-0.0068665,-0.0063324,-0.0063782,-0.0032959,-0.0050507,-0.0050812
-0.0065918,-0.0084534,-0.0079651,-0.0049438,-0.0066681,-0.006012
-0.0066986,-0.0082397,-0.0077209,-0.0051727,-0.007309,-0.0062408
-0.0057526,-0.0083008,-0.0079498,-0.005722,-0.0070038,-0.0056
-0.0041962,-0.0075531,-0.0088806,-0.0047913,-0.0044556,-0.0039825
-0.0042419,-0.0053101,-0.0063782,-0.0014191,-0.0018463,-0.0031128
-0.0051422,-0.0051117,-0.0036316,0.0011749,0.00033569,-0.0032043
-0.004837,-0.0053558,-0.0036316,0.0021515,0.0013733,-0.0025177
-0.0029297,-0.0044861,-0.0031281,0.0019531,0.00010681,-0.0007019
-0.00027466,-0.0030365,-0.0023651,0.00080872,0.00056458,0.00054932
7.6294e-05,-0.0018616,-0.0027161,0.0014496,0.00067139,0.00045776
-0.0010529,-0.0024872,-0.0016785,0.0015259,-0.00094604,0.00064087
-0.0014954,-0.002655,-0.00177,-0.00061035,-0.00059509,-0.00086975
-0.0028076,-0.0021057,-0.0023804,0.00012207,-0.00074768,-0.0035248
-0.0036926,-0.0026703,-0.00048828,0.0011292,-0.0023651,-0.0019989
-0.0016632,-0.0020142,-0.00086975,3.0518e-05,-0.0016327,4.5776e-05
0.00082397,0.00016785,-0.0018768,0.00091553,1.5259e-05,-0.00035095
0.00074768,0.001236,0.00027466,0.0022888,0.00010681,0.00059509
0.0012207,0.002182,0.0021973,0.0022888,0.00028992,0.00094604
0.0023499,0.0034943,0.0028381,0.0020447,0.00054932,0.00013733
0.0020905,0.0030518,0.003067,0.0022125,-0.00016785,0.00053406
0.0023193,0.0020752,0.002594,0.0021057,-0.00022888,0.00045776
0.0017242,0.001236,0.0021057,0.0017242,0.00056458,0.00012207
0.00067139,0.00032043,0.0024109,0.0016479,0.00067139,0.0018158
0.0004425,0.00039673,0.0007019,0.0005188,0.0010834,0.0015259
-0.00050354,-0.00048828,-0.0018616,-0.00038147,1.5259e-05,-0.00097656
-0.0016785,-0.0025177,-0.0011292,-0.0014648,-0.0025482,-0.0013733
-0.0019531,-0.0027008,-0.0015106,-0.0021667,-0.0034485,-0.0024414
-0.0014801,-0.0016785,-0.0027313,-0.00085449,-0.00354,-0.003067
-0.0010071,-0.0015717,-0.00088501,0.00035095,-0.0018921,-0.0011902
0.00038147,-0.00061035,0.00024414,0.0024261,0.0011139,0.00097656
0.0014801,0.0020447,0.0010681,0.0035858,0.0034637,0.0022736
0.0015717,0.0039825,0.0041504,0.0043793,0.0041351,0.0031128
0.0032959,0.0045776,0.0074768,0.0067291,0.0039673,0.0040894
0.004425,0.0052948,0.0087738,0.0076447,0.0051575,0.0033875
0.0041046,0.0066223,0.0090942,0.0082703,0.006546,0.0038452
0.005127,0.0073853,0.0089874,0.0080566,0.0077362,0.0049133
0.0052948,0.007782,0.0084686,0.0079193,0.0074768,0.0041351
0.0050812,0.0076294,0.0086517,0.0078888,0.0062408,0.0051727
0.007431,0.0068817,0.0069122,0.0054779,0.0062256,0.0070343
0.0093842,0.0070801,0.005127,0.0036469,0.0061646,0.0076447
0.0086975,0.0071564,0.0066833,0.0031281,0.0056763,0.0068817
0.0066528,0.0059662,0.0066833,0.0034485,0.0040894,0.0049591
0.0039215,0.0050659,0.003891,0.0027618,0.0024872,0.0033722
0.0026093,0.0037689,0.002594,0.00067139,0.0017548,0.0023346
0.0036163,0.0019989,0.0028687,0.00032043,0.0010834,0.0018311
0.0028076,0.0032501,0.0025787,0.00021362,0.00054932,0.0011292
0.00082397,0.0035553,0.0024109,-0.00032043,-0.0004425,-0.00013733
0.0004425,0.00093079,0.002182,-0.00099182,-0.0012512,-0.0004425
1.5259e-05,0.00076294,0.0011902,-0.0020142,-0.0016632,-0.00010681
-0.00088501,0.00027466,-6.1035e-05,-0.0015869,-0.0011597,-0.00068665
-0.0010529,-0.0013885,-0.001236,-0.00093079,-0.00074768,-0.00091553
-0.0004425,-0.0014038,-0.00064087,-0.00073242,-0.00056458,-0.0004425
-0.001236,-0.0010071,0.00033569,0.00016785,4.5776e-05,-0.0011139
-0.0025635,-0.0011597,0.00093079,0.0007782,0.00013733,-0.00059509
-0.0014496,-0.0014191,0.0023804,0.0007782,0.0012054,0.0016479
0.00093079,0.0016785,0.0030212,0.0017242,0.0027161,0.0019226
0.0027466,0.0058136,0.005127,0.0044861,0.0043793,0.0025787
0.0045166,0.0066681,0.0081329,0.0062103,0.0063629,0.0052032
0.0065613,0.0070953,0.0072021,0.0050812,0.0080261,0.006485
0.0076904,0.0069122,0.0061951,0.005249,0.0087128,0.0070343
0.0086517,0.0062714,0.0080109,0.0070648,0.0074768,0.0083313
0.0097656,0.0073547,0.0074921,0.0064392,0.0070038,0.0093994
0.0089569,0.0077057,0.0054932,0.0042877,0.0075378,0.0086365
0.007019,0.0069122,0.0059204,0.0029907,0.006424,0.0066986
0.0057831,0.0059052,0.0060425,0.0027008,0.0050354,0.0048218
0.0052643,0.0052338,0.004715,0.0026245,0.0046234,0.0039215
0.0066376,0.0059052,0.004837,0.0032959,0.004837,0.0059052
0.0090027,0.006958,0.0068512,0.0045929,0.0071106,0.007782
0.0098877,0.0091705,0.0092773,0.0053558,0.0099945,0.009201
0.011887,0.010727,0.01091,0.0066986,0.011093,0.011902
0.014114,0.01062,0.010361,0.0074921,0.011948,0.012711
0.013275,0.012238,0.010162,0.0081177,0.012573,0.013397
0.013412,0.012527,0.011383,0.0088348,0.012329,0.013916
0.014221,0.011551,0.011581,0.008606,0.012573,0.012497
0.012695,0.012604,0.012482,0.0086212,0.012466,0.011948
0.011856,0.01268,0.012695,0.0072937,0.010849,0.011063
0.01207,0.011353,0.010773,0.0050964,0.0088654,0.0097504
0.010483,0.010208,0.00914,0.0033722,0.0076294,0.0086517
0.007782,0.0084991,0.0072784,0.0013733,0.006424,0.0063324
0.0057526,0.0052032,0.0048218,-0.00080872,0.0033417,0.005188
0.0037537,0.0014648,0.0013123,-0.0026703,0.00071716,0.0048828
0.00177,-0.00050354,-0.002243,-0.0041199,0.00068665,0.0025482
-0.00018311,-0.0012512,-0.0029144,-0.0055542,-0.00061035,-0.00091553
-0.0021362,-0.0023956,-0.0028839,-0.0059509,-0.0029602,-0.0027618
-0.0037537,-0.0040894,-0.0046997,-0.0070953,-0.0033722,-0.003067
-0.0052032,-0.0059204,-0.0064087,-0.0087433,-0.0036316,-0.00354
-0.006012,-0.0064545,-0.0070953,-0.008667,-0.0040436,-0.00383
-0.0064392,-0.0065765,-0.0077209,-0.0083466,-0.00354,-0.0049133
-0.0066071,-0.0087433,-0.0079651,-0.0072632,-0.0038452,-0.0056305
-0.0080109,-0.0092926,-0.0080109,-0.0067291,-0.0048065,-0.0057678
-0.0099487,-0.0092316,-0.0092773,-0.0084076,-0.0072174,-0.0079041
-0.010559,-0.011948,-0.011368,-0.01152,-0.010773,-0.010147
-0.012634,-0.013351,-0.013458,-0.015091,-0.012466,-0.011734
-0.014847,-0.014572,-0.015152,-0.015961,-0.014374,-0.01268
-0.014877,-0.016907,-0.017181,-0.015884,-0.016068,-0.012741
-0.013916,-0.017029,-0.018723,-0.015976,-0.015305,-0.013367
-0.012939,-0.014664,-0.017075,-0.01387,-0.014725,-0.013718
-0.012985,-0.012604,-0.014969,-0.012238,-0.013428,-0.012543
-0.012329,-0.012375,-0.013809,-0.010956,-0.010818,-0.011078
-0.010773,-0.011566,-0.011536,-0.0085297,-0.010696,-0.010345
-0.010101,-0.010117,-0.0096283,-0.0074768,-0.011658,-0.010452
-0.0096893,-0.0088806,-0.0088348,-0.0075378,-0.011047,-0.011047
-0.0088348,-0.007843,-0.0087738,-0.0068817,-0.011032,-0.01033
-0.0075989,-0.0078888,-0.0090027,-0.0071106,-0.010941,-0.0088043
-0.0073395,-0.0077209,-0.0089417,-0.0073395,-0.010117,-0.0082092
-0.0078735,-0.006897,-0.0085449,-0.0058289,-0.0093536,-0.0078278
-0.0075531,-0.0072327,-0.0072784,-0.0049286,-0.007431,-0.0076447
-0.0071564,-0.0073242,-0.006546,-0.0039063,-0.0069427,-0.0081787
-0.0069733,-0.0059204,-0.0060272,-0.0029297,-0.0086517,-0.0076294
-0.0063019,-0.006073,-0.0055695,-0.0039063,-0.0087433,-0.0061951
-0.0053864,-0.0074463,-0.0072937,-0.0045624,-0.0078888,-0.0063019
-0.006073,-0.0083313,-0.0091095,-0.0044861,-0.0074615,-0.0068359
-0.0076904,-0.0088806,-0.0089722,-0.0046997,-0.0072174,-0.0062561
-0.0075073,-0.0081177,-0.0079041,-0.004715,-0.0069275,-0.0063324
-0.0067139,-0.0057831,-0.0067291,-0.0028687,-0.0057068,-0.0069885
-0.0061188,-0.0038452,-0.0044403,-0.0004425,-0.0043488,-0.006546
-0.0050049,-0.0047913,-0.003418,-0.00021362,-0.0037689,-0.0052338
-0.0051575,-0.0059204,-0.0051422,-0.00053406,-0.0036011,-0.0039063
-0.0056305,-0.0050964,-0.0052795,-0.00030518,-0.0037842,-0.0033112
-0.0037231,-0.0037842,-0.0041962,-0.00036621,-0.0042572,-0.0032806
-0.0024872,-0.0021667,-0.0029907,-0.00079346,-0.0036469,-0.0037231
-0.0032501,-0.0013123,-0.0020142,0.00016785,-0.0027008,-0.0035248
-0.0022583,-0.0016479,-0.0020599,0.00177,-0.0020752,-0.0015564
-0.00054932,-0.0020447,-0.0018311,0.00086975,-0.00045776,-0.0005188
-0.00091553,-0.0007782,-0.0013428,0.0014038,-6.1035e-05,-0.00057983
-0.00093079,0.00059509,0.00042725,0.0046692,-0.0013428,0.00010681
0.0011902,0.00012207,0.0009613,0.0042267,-0.00019836,0.0016327
0.0027008,0.0010071,-0.0013123,0.0020599,0.0028992,0.0032806
0.0027466,0.0026093,-1.5259e-05,0.0031891,0.0038147,0.0032959
0.0027008,0.0023346,0.0038605,0.0053406,0.0033264,0.002594
0.0027924,0.0031891,0.004425,0.0066986,0.0032043,0.0017548
0.0026245,0.0045166,0.0049591,0.0073547,0.0036163,0.00050354
0.0023651,0.0040894,0.0061035,0.0078888,0.0040588,0.0016174
0.0037689,0.0041809,0.0055389,0.0075684,0.0032806,0.0032654
0.0058289,0.0049591,0.0058136,0.0052643,0.0032806,0.0040283
0.006485,0.0057526,0.0054932,0.0033417,0.003952,0.0058441
0.0062714,0.0063934,0.0046539,0.0038147,0.0043182,0.0060425
0.0053101,0.0063477,0.0057678,0.006073,0.005127,0.0054016
0.0044861,0.005661,0.0064087,0.0071869,0.0059052,0.0046539
0.0043335,0.0051117,0.0065308,0.0075073,0.006546,0.0028534
0.0037537,0.006073,0.008194,0.0090942,0.0066986,0.0042114
0.0039673,0.0067444,0.0092926,0.0092621,0.0071259,0.0062103
0.0056915,0.0062866,0.009079,0.0085907,0.0077362,0.0050812
0.0062408,0.0065765,0.0099792,0.0087128,0.0080109,0.0054474
0.0049133,0.0073395,0.011139,0.0085907,0.0078583,0.0063782
0.0043945,0.0075531,0.010712,0.0089874,0.0080414,0.0053101
0.0053558,0.0063782,0.0097656,0.0088196,0.0085144,0.0054626
0.0053864,0.0064545,0.0088806,0.0072784,0.0072784,0.0067596
0.0053711,0.007782,0.0081024,0.0062103,0.0067749,0.0067596
0.0054932,0.006546,0.0078278,0.0053101,0.0074768,0.0058289
0.0042419,0.0046997,0.0058594,0.0041046,0.0062866,0.0057831
0.0045166,0.0044861,0.0036621,0.0035095,0.0045929,0.0053101
0.0058594,0.0050507,0.0048828,0.0026245,0.0040283,0.0050964
0.0066223,0.0050201,0.0060272,0.0011749,0.0043945,0.0067749
0.0070038,0.0054932,0.0050507,0.0013275,0.0054779,0.0066376
0.0067749,0.0069427,0.0053558,0.0030975,0.0045929,0.0058289
0.0068359,0.0067291,0.0055237,0.0025635,0.0025482,0.0047455
0.0061493,0.0053864,0.0036011,-0.00021362,0.0029449,0.0032043
0.0047302,0.0045013,0.0020447,-0.0016174,0.002182,0.0036469
0.0036621,0.0034027,0.00065613,-0.0028381,-0.0007019,0.0022583
0.0027618,0.0013275,-0.00027466,-0.0033569,-0.0016327,9.1553e-05
0.00177,-0.00016785,-0.00074768,-0.0023041,-0.0018768,-0.00048828
0.00027466,-0.00080872,-0.0009613,-0.0017242,-0.0019836,-0.00082397
-0.00015259,-0.0012207,0.00010681,-0.0017395,-0.0018005,-0.0010529
-0.00039673,-6.1035e-05,3.0518e-05,-0.0025482,-0.002182,-0.0018921
-0.0011749,0.0011902,0.00061035,-0.0027771,-0.0019379,-0.0014038
-0.00045776,0.00059509,0.0018158,-0.0018005,-0.002243,-0.00083923
-0.00038147,-0.00074768,0.00019836,-0.0013275,-0.0032806,-0.0018463
-0.001358,-0.0015717,-0.00088501,-0.0022736,-0.0024261,-0.0017242
-0.001358,-0.0011139,-0.0024719,-0.0041504,0.00021362,-0.0010223
-0.00083923,-0.00073242,-0.0058289,-0.0047913,0.0011597,-0.0004425
-0.00047302,-0.002533,-0.0065613,-0.0050964,-0.00045776,0.00016785
-0.0012054,-0.0042725,-0.0062714,-0.0062103,-0.0022736,-7.6294e-05
-0.0019531,-0.0043488,-0.0059052,-0.0056,-0.0043945,-0.0012207
-0.0027313,-0.0042114,-0.0044403,-0.0052948,-0.0061646,-0.0042572
-0.004715,-0.0041656,-0.0049591,-0.0070953,-0.0073547,-0.0071869
-0.0059814,-0.0051117,-0.0068207,-0.0083313,-0.0083466,-0.0075684
-0.0063171,-0.0064087,-0.0078278,-0.008667,-0.0083771,-0.0070648
-0.006485,-0.0071106,-0.008728,-0.0084076,-0.0088959,-0.0071106
-0.0063019,-0.0074158,-0.0084839,-0.0077362,-0.0085144,-0.0077972
-0.0061035,-0.0058136,-0.0067139,-0.007019,-0.0072479,-0.0061951
-0.0059357,-0.004715,-0.0062256,-0.0058441,-0.0062103,-0.0052338
-0.0073242,-0.0052338,-0.0059814,-0.0043335,-0.0058441,-0.0077057
-0.0093231,-0.0054932,-0.0042725,-0.0031433,-0.0072327,-0.0089722
-0.0094604,-0.0074463,-0.004837,-0.0029449,-0.0082855,-0.0097504
-0.0095367,-0.0090637,-0.0075836,-0.0046387,-0.0089874,-0.0098267
-0.010025,-0.0082245,-0.0087585,-0.0064087,-0.0095825,-0.0095825
-0.0098572,-0.0085907,-0.0074463,-0.0056,-0.009079,-0.0095367
-0.0094147,-0.0091858,-0.0065308,-0.004425,-0.0074463,-0.0080719
-0.0079193,-0.0079193,-0.0064392,-0.0025024,-0.0052338,-0.0072021
-0.0066528,-0.0068359,-0.0038605,-0.00042725,-0.0041809,-0.0063782
-0.0073242,-0.0052032,-0.0024414,-0.0005188,-0.0037994,-0.006073
-0.0068054,-0.0035248,-0.0024109,-7.6294e-05,-0.0028687,-0.005188
-0.0042725,-0.00354,-0.0019379,-0.00030518,-0.0028839,-0.0034332
-0.0034332,-0.0026245,-0.0029144,-0.00054932,-0.0028534,-0.003418
-0.0040741,-0.0017242,-0.0023804,-0.00018311,-0.0025024,-0.003006
-0.0035858,-0.002594,-0.0020142,-0.0011139,-0.0034485,-0.0027313
-0.0027313,-0.0030823,-0.0029755,-0.001358,-0.0032654,-0.0029907
-0.0023956,-0.002594,-0.0035553,-0.0019684,-0.0026398,-0.002655
-0.0027161,-0.0023804,-0.0050354,-0.0023346,-0.0033417,-0.0026398
-0.0032654,-0.0036621,-0.0053406,-0.002243,-0.0037231,-0.0022583
-0.0037384,-0.0052948,-0.0048218,-0.0027161,-0.0037842,-0.001709
-0.0044861,-0.005661,-0.0055695,-0.0017242,-0.0032043,-0.0025024
-0.0046234,-0.0050201,-0.0054321,-0.0011292,-0.0023499,-0.0032349
-0.0037384,-0.0044708,-0.0043335,-0.001358,-0.0022278,-0.0014801
-0.0019836,-0.0045776,-0.0056,-0.0015411,-0.0010376,7.6294e-05
-0.0011444,-0.0033722,-0.0063934,-0.0010986,0.00047302,0.00045776
-0.00073242,-0.0019836,-0.0036163,0.0010834,0.0010376,0.0018158
0.00090027,-0.0028687,-0.0027618,0.0014648,0.0015411,0.0019379
0.0016174,-0.0020752,-0.0036774,-0.00042725,0.00032043,0.0011292
0.0013275,-0.00018311,-0.0028839,-0.00076294,-0.0021667,0.00090027
0.00093079,-0.0012817,-0.0033875,-9.1553e-05,-0.0022125,0.0012817
0.00039673,-0.0023499,-0.0049744,-0.00050354,0.00053406,0.0024109
-9.1553e-05,-0.0028076,-0.0041809,4.5776e-05,0.0024414,0.0021973
-0.00047302,-0.0025787,-0.0019379,0.0020447,0.0025482,0.0020447
-0.00032043,-0.0007782,-0.00053406,0.0028076,0.0026245,0.0034943
0.00090027,-0.00056458,0.00010681,0.0039673,0.0017548,0.0039825
0.0024872,-0.00038147,0.00082397,0.0047913,0.0017548,0.0030365
0.0027618,0.0019531,0.0021362,0.0037842,0.0032349,0.0017548
0.002243,0.0031586,0.003479,0.0046387,0.0033875,0.0020142
0.0023346,0.0024414,0.0043488,0.0060577,0.0050201,0.003479
0.0024567,0.0032501,0.004425,0.0057983,0.006485,0.0041046
0.0034027,0.0048676,0.0045166,0.0054169,0.0054321,0.0047607
0.0050812,0.0048981,0.0045624,0.0042419,0.0047455,0.0049133
0.0052948,0.0043945,0.0038757,0.0036774,0.0041809,0.0042114
0.0048981,0.00383,0.0040131,0.0047607,0.003891,0.0033569
0.0039368,0.0039215,0.0046082,0.0046387,0.0033417,0.0023193
0.0019836,0.0037842,0.0048523,0.0040283,0.0028534,0.0013275
0.00088501,0.0024567,0.0041962,0.0037231,0.0018616,1.5259e-05
0.00059509,0.0016022,0.0034332,0.0032806,0.00073242,-0.00068665
0.00018311,0.0019989,0.004837,0.0036926,0.0015411,-0.00061035
0.00083923,0.0030365,0.0053711,0.0041504,0.0017242,0.00032043
0.0028992,0.0032806,0.0039825,0.0035248,0.0018463,0.0018463
0.0037689,0.0034332,0.0033569,0.0022278,0.0038452,0.0026398
0.0037994,0.0041504,0.0041199,0.0027618,0.0047455,0.0041504
0.0045319,0.0048523,0.0049286,0.0039825,0.0037537,0.0040131
0.0050507,0.0060425,0.0053711,0.0036774,0.0034637,0.0020294
0.0049438,0.0061951,0.0068054,0.0031433,0.0026093,0.002655
0.004425,0.0053864,0.0065765,0.0016479,0.00048828,0.0031738
0.0045319,0.0050964,0.004425,0.00083923,0.00033569,0.0027771
0.0045471,0.004776,0.0034637,0.00076294,0.00093079,0.0034485
0.0042419,0.0041656,0.0025024,-0.0010376,0.00082397,0.003067
0.004303,0.0035248,0.0011902,-0.0014648,0.0011749,0.0019073
0.0029907,0.0029907,0.001297,0.00019836,0.0011292,0.00086975
0.00062561,0.0013123,0.0027924,0.00097656,-9.1553e-05,-6.1035e-05
-0.0016327,-0.00015259,0.0024109,0.0012665,0.00018311,-0.00030518
-0.0022736,-0.00021362,0.00085449,0.0018158,0.0018005,-0.00067139
-0.0011749,-0.00028992,0.0013428,0.0025482,0.001358,-0.0012817
-0.00067139,0.0010071,0.0034027,0.0029907,0.0016174,-0.00080872
0.00028992,0.0024414,0.0054932,0.0021515,0.0028381,0.00064087
0.0012512,0.0027161,0.004425,0.0027618,0.0026855,0.0016937
0.0014648,0.0036774,0.0036163,0.0041962,0.0029144,0.0014038
0.0021973,0.0044403,0.0057373,0.0035095,0.0028839,0.0013733
0.0035858,0.0046539,0.0052948,0.0028229,0.0028076,0.0029449
0.0048981,0.0054932,0.004425,0.0032501,0.0043945,0.0032806
0.0044556,0.0056152,0.0056763,0.0048523,0.0055847,0.0029755
0.0035553,0.0046234,0.0063782,0.0059052,0.005188,0.0040436
0.0031738,0.0041962,0.0059967,0.0051575,0.0055847,0.0040283
0.0026398,0.0040131,0.0054474,0.0046387,0.0062103,0.0033264
0.0026855,0.0045776,0.0062866,0.0044098,0.0051422,0.0028229
0.0036469,0.0056458,0.0071564,0.0034027,0.0036163,0.0032959
0.0053101,0.0052032,0.0054474,0.0013275,0.0034637,0.0048065
0.0056,0.0048523,0.0027008,-0.00013733,0.0033875,0.0038757
0.0040741,0.0040283,0.0020599,-0.00039673,0.00177,0.0027618
0.0023346,0.0013885,0.001297,-0.0010681,0.0012054,0.0019989
0.00083923,-0.00028992,-0.0013123,-0.0023499,-0.00016785,-0.00036621
-0.00012207,-0.0011749,-0.0020294,-0.0041962,-0.0032043,-0.00074768
-0.00053406,-0.0020599,-0.0014648,-0.0050201,-0.0034027,0.00016785
-0.00013733,-0.00068665,-0.0016174,-0.004776,-0.0021667,0.00045776
0.00086975,0.0014801,-0.0013275,-0.0045013,-0.0017853,0.00068665
0.0022583,0.0011292,-0.0012817,-0.0030823,-0.0015869,0.0011139
0.0037994,0.00028992,-0.0017548,-0.0027466,-0.0010071,0.0019989
0.0045624,0.0017242,-0.00097656,-0.0020142,0.0002594,0.0031586
0.0050507,0.0031281,0.0017853,0.00067139,0.0029449,0.0041046
0.0046387,0.0040436,0.0035553,0.0023041,0.004776,0.0037384
0.0028839,0.0048065,0.003891,0.003418,0.0036011,0.0034027
0.0016174,0.0034637,0.0050507,0.0032959,0.0031281,0.0028687
0.00097656,0.0022736,0.0039978,0.0026245,0.0043793,0.0024261
0.0020599,0.003006,0.0037537,0.0042267,0.0054932,0.0042267
0.0053406,0.004837,0.0062256,0.0053406,0.0061493,0.0061035
0.0083466,0.0073853,0.007431,0.0061798,0.0075073,0.0069885
0.0098267,0.0095825,0.0099487,0.0088806,0.0090485,0.0082855
0.011475,0.010864,0.011108,0.0089874,0.0093536,0.01001
0.013275,0.010559,0.0095825,0.0071869,0.010757,0.011703
0.0121,0.010056,0.0091858,0.0075836,0.011627,0.012238
0.0095367,0.0098724,0.0082092,0.0074921,0.010239,0.010757
0.0084229,0.0091858,0.0071106,0.0048981,0.0098724,0.008316
0.0075378,0.0088043,0.0069885,0.0022736,0.0088348,0.0060883
0.0062714,0.0072632,0.0068207,0.0018921,0.004715,0.0049286
0.0044098,0.0049744,0.0062714,0.0020599,0.0010986,0.0033569
0.0031586,0.0036316,0.0048523,0.00071716,0.0010071,0.0020294
0.0041809,0.0028076,0.0039368,3.0518e-05,0.0028992,0.0030823
0.0052185,0.0036926,0.0044861,0.00088501,0.0043793,0.00383
0.0053406,0.0050049,0.0039978,0.00076294,0.004364,0.003891
0.0054626,0.0050964,0.0028381,0.00038147,0.0037689,0.0045624
0.0050812,0.0048523,0.0028229,0.00091553,0.0040283,0.0047913
0.0046997,0.00354,0.0027466,0.0010986,0.0042877,0.0032043
0.0040283,0.0029297,0.0030823,0.00085449,0.0038147,0.0021973
0.0028229,0.0036621,0.0039978,0.00068665,0.0041962,0.0042267
0.0030975,0.0035248,0.0042725,0.0011902,0.0053101,0.0054626
0.0048065,0.0043488,0.0045013,0.0017548,0.0049133,0.0044708
0.0059204,0.0057068,0.0056915,0.0022888,0.0041504,0.0039673
0.006134,0.0059357,0.0066528,0.0030365,0.0047607,0.0048981
0.0061035,0.0056915,0.0070496,0.0036774,0.0066833,0.0054779
0.0061188,0.0053864,0.0070343,0.0045776,0.0089111,0.0065002
0.0066833,0.006012,0.0057373,0.0040741,0.0088654,0.0080719
0.0067902,0.0070496,0.0060425,0.0038605,0.007019,0.0065002
0.0057526,0.006958,0.0084991,0.0049133,0.0061035,0.0046692
0.0054626,0.0064392,0.0086975,0.0039673,0.0060272,0.0046387
0.0056915,0.0069275,0.0073853,0.0037689,0.0066528,0.0048828
0.0056305,0.0072479,0.0073547,0.0041199,0.0076447,0.0066681
0.0063629,0.0068665,0.0067902,0.0022583,0.0075226,0.0072632
0.0064392,0.0058289,0.0054474,0.0018921,0.0058899,0.0053406
0.0049591,0.0042725,0.0043793,0.0011444,0.0034485,0.004425
0.0032806,0.0024872,0.0032043,-0.0014801,0.0024719,0.0039063
0.0019989,0.00056458,0.0022888,-0.0018005,0.0031586,0.0029297
0.0011139,0.00071716,0.00086975,-0.002121,0.0032196,0.0017242
0.00041199,0.0012054,0.00076294,-0.0023346,0.0018311,0.00064087
0.0010376,0.00074768,0.0016479,-0.0013885,0.0011902,0.0016022
0.0019379,0.0016785,0.001297,-0.0012512,0.0019684,0.00083923
0.0020599,0.0026855,0.0043182,0.00056458,0.0019531,-0.00021362
0.0033264,0.0041046,0.0078735,0.0018158,0.0026855,0.0022888
0.0046082,0.0066986,0.0069427,0.0018463,0.0050507,0.0040283
0.0054016,0.0076599,0.0074921,0.0036316,0.0068054,0.0047607
0.0068207,0.0079956,0.0095215,0.0046234,0.0076904,0.0058746
0.007782,0.0084991,0.0089874,0.0046997,0.0078583,0.0073547
0.0071564,0.007782,0.007843,0.0045471,0.0086823,0.0075989
0.0061798,0.0065002,0.0070496,0.004425,0.0093842,0.006958
0.006134,0.003952,0.005722,0.0036774,0.008316,0.0079651
0.0058441,0.0023499,0.0037994,0.0013275,0.0074768,0.0076447
0.006134,0.0037689,0.0033569,0.00091553,0.0068054,0.0065155
0.0066528,0.0058746,0.0046539,0.0011139,0.0062714,0.0053711
0.0053253,0.0068665,0.0049896,4.5776e-05,0.0058441,0.0041809
0.0039215,0.0055695,0.0047607,-3.0518e-05,0.0045929,0.0048828
0.0027466,0.0034943,0.004303,-0.0005188,0.0033875,0.0034027
0.00097656,0.0019684,0.002182,-0.0019226,0.0011444,0.00048828
0.00013733,-3.0518e-05,-0.00085449,-0.0036469,-0.0010376,-0.00056458
-0.00027466,-0.0022278,-0.0034027,-0.0060883,-0.0018463,-0.0015106
-0.0011444,-0.0035553,-0.0047455,-0.0081635,-0.0023804,-0.00086975
-0.0012665,-0.0037994,-0.0056305,-0.0087891,-0.0026245,-0.00018311
-0.0015869,-0.0039368,-0.0060883,-0.0087128,-0.0024261,-0.0015259
-0.0028534,-0.0033722,-0.0052643,-0.0077515,-0.0024109,-0.0018463
-0.0021057,-0.0035706,-0.0038605,-0.0057831,-0.0034332,-0.0018616
-0.0014038,-0.0046844,-0.0022888,-0.0046387,-0.0035858,-0.0036469
-0.0042114,-0.0042419,-0.0016785,-0.0039215,-0.0037994,-0.0048828
-0.0057373,-0.0053406,-0.0031433,-0.0046844,-0.0055542,-0.0056305
-0.0057831,-0.0069275,-0.0051117,-0.0066376,-0.0061188,-0.0072479
-0.0088348,-0.0070648,-0.0058746,-0.0073242,-0.0075836,-0.0086212
-0.011353,-0.0092926,-0.0070038,-0.0094604,-0.0103,-0.011017
-0.01123,-0.010773,-0.0095978,-0.012161,-0.011795,-0.012756
-0.011627,-0.010529,-0.011307,-0.012909,-0.013702,-0.011932
-0.012604,-0.011978,-0.013107,-0.014297,-0.014175,-0.011917
-0.012878,-0.013321,-0.015335,-0.014481,-0.012695,-0.013443
-0.013077,-0.013199,-0.01416,-0.012558,-0.013397,-0.013428
-0.014206,-0.012543,-0.012604,-0.012863,-0.014755,-0.013077
-0.015411,-0.01236,-0.013687,-0.013611,-0.014099,-0.013901
-0.014404,-0.012863,-0.013657,-0.012024,-0.01355,-0.013367
-0.012283,-0.012268,-0.012543,-0.010757,-0.014038,-0.013077
-0.011047,-0.011032,-0.011917,-0.010559,-0.013962,-0.012665
-0.0103,-0.0097504,-0.011307,-0.010117,-0.013092,-0.011002
-0.0098877,-0.0080872,-0.011276,-0.0091095,-0.011978,-0.010437
-0.009079,-0.0079498,-0.010117,-0.008255,-0.011383,-0.0095062
-0.0076294,-0.009491,-0.0097198,-0.0083008,-0.011093,-0.0086365
-0.0067444,-0.0095062,-0.011871,-0.0078735,-0.010193,-0.008255
-0.0065155,-0.0077057,-0.010498,-0.0061188,-0.0093994,-0.0067444
-0.0063934,-0.0070496,-0.0069275,-0.0037231,-0.0065918,-0.0056915
-0.006012,-0.0057831,-0.0059357,-0.0017853,-0.0027008,-0.0051422
-0.0046387,-0.0035706,-0.0050201,-0.00039673,-0.0015106,-0.0036621
-0.0037384,-0.0044708,-0.0041199,0.00056458,-0.0020752,-0.002243
-0.0045471,-0.0064545,-0.0050659,0.00019836,-0.0029144,-0.0015564
-0.0046844,-0.0071106,-0.0057983,-0.00088501,-0.0023346,-0.0011292
-0.0041046,-0.0056915,-0.0044861,-0.00016785,-0.0010071,-0.0018463
-0.0036011,-0.0026398,-0.0016479,0.0022583,-0.00083923,-0.0028534
-0.002655,-0.00076294,0.00082397,0.0027313,-0.00076294,-0.0022583
-0.0012512,0.00088501,0.0013885,0.0021362,-0.0010529,-0.0013123
0.00015259,0.0024109,0.0018921,0.0023651,-0.0020142,-0.0014343
0.00054932,0.0036011,0.0027924,0.0022125,-0.0021515,-0.0024261
0.0010986,0.0038605,0.003418,0.0031586,-0.0014648,-0.0019073
0.0018616,0.0023193,0.0034637,0.0038452,3.0518e-05,0.00062561
0.0020294,0.002182,0.002121,0.0028381,0.0019989,0.0019989
0.0016022,0.0026855,0.0019836,0.0033417,0.0017548,0.0014801
0.00090027,0.0019379,0.0028381,0.0045624,0.0007019,0.0010529
0.0014191,0.0021973,0.0027466,0.0042267,0.0018311,0.0015717
0.0026245,0.0033875,0.0030975,0.0040283,0.0038757,0.0028229
0.0035858,0.0035858,0.0041351,0.0053406,0.0056305,0.00383
0.0039368,0.0035553,0.0044861,0.0057068,0.0063934,0.004303
0.0044556,0.0036163,0.0048523,0.0057526,0.0054321,0.0053406
0.0048828,0.0033569,0.0065918,0.0068207,0.0050201,0.0057678
0.0036011,0.0049438,0.0074768,0.0068054,0.0064545,0.0039063
0.0031738,0.0061493,0.0065765,0.006424,0.0061188,0.002655
0.0046234,0.0046539,0.005188,0.0052032,0.0050964,0.0043945
0.0056152,0.0041809,0.0035248,0.0036316,0.0047302,0.0048981
0.0046234,0.0041809,0.0023499,0.0029144,0.0024109,0.0028534
0.0028381,0.0030823,0.0023804,0.0014191,0.00097656,0.0012512
0.0025177,0.0027618,0.0031738,0.0010071,0.001358,0.0007019
0.0028992,0.0031891,0.0032959,0.002121,0.0018005,0.0016022
0.0026855,0.0034332,0.00354,0.0024109,0.0023041,0.0022736
0.0032501,0.0035706,0.0037231,0.0026093,0.0025635,0.0028229
0.0046692,0.003418,0.0024414,0.0026855,0.004303,0.0040436
0.0046692,0.0034485,0.0016479,0.0019836,0.0061493,0.0051727
0.0051422,0.004425,0.002243,0.0019531,0.0052948,0.0063934
0.0055237,0.0043945,0.0028992,0.0020142,0.0037231,0.0051422
0.002655,0.0027618,0.0030823,0.0016022,0.0023193,0.0021973
-0.00032043,0.00045776,0.0027771,0.0018311,7.6294e-05,-0.00064087
-0.0025787,-0.0025024,0.0005188,0.00054932,-0.0022736,-0.00354
-0.0046387,-0.0044708,-0.0028229,-0.0030975,-0.0036316,-0.003952
-0.0042877,-0.0054169,-0.0053558,-0.0059509,-0.0046844,-0.0036926
-0.0031281,-0.0061646,-0.007431,-0.0067139,-0.005249,-0.0040894
-0.0027771,-0.0053558,-0.0071411,-0.0056458,-0.0050201,-0.0040588
-0.0031433,-0.0037842,-0.0052795,-0.00354,-0.0052948,-0.0042114
-0.0035248,-0.0029755,-0.0029907,-0.0021515,-0.0034485,-0.0029907
-0.0014191,-0.0013428,-0.0011902,-0.00099182,-0.00061035,-0.0018768
0.0016174,0.0009613,-0.00086975,0.00018311,-0.00082397,-0.0004425
0.0038147,0.0027924,0.0007019,0.00035095,-0.00013733,0.0022278
0.0059204,0.0046234,0.0025787,0.001297,0.0021057,0.0031281
0.0069733,0.0056915,0.0043793,0.003418,0.0033875,0.0043335
0.0079193,0.0063019,0.0050812,0.0043945,0.0052032,0.0070038
0.0086365,0.0069122,0.0040588,0.0048676,0.0072784,0.0091858
0.008194,0.0064545,0.0054626,0.0045929,0.0082855,0.008667
0.0068207,0.0059509,0.0056915,0.0041351,0.0071259,0.0061035
0.004425,0.0054626,0.0032806,0.0048218,0.0044098,0.0045471
0.0024719,0.0024567,0.0026093,0.0035553,0.0026398,0.0028839
0.00074768,-0.00062561,0.0013275,0.001236,0.0022583,0.00085449
-0.00013733,-0.0016479,-0.0007019,0.00064087,0.0014038,0.00076294
0.00071716,-0.0014343,-0.0014496,-0.00039673,0.00019836,0.0017242
0.0010529,0.00053406,-0.0014496,-0.0019379,0.00039673,0.0010681
0.0005188,0.001358,7.6294e-05,-0.0016174,0.00024414,0.00018311
-7.6294e-05,0.00099182,0.0002594,-0.00067139,-0.00056458,0.00048828
-0.00024414,0.00061035,-0.0009613,-0.0013885,-0.0011139,-0.00013733
-0.00027466,-0.0007782,-0.0013275,-0.002121,-0.0023346,-0.0005188
-0.00059509,-0.0010223,-0.0024719,-0.0018463,-0.0022125,-0.00093079
-0.00041199,-0.0011139,-0.0020142,-0.0014038,-0.0012512,-0.002121
-0.0011292,-0.0018311,-7.6294e-05,-0.00076294,-0.0014496,-0.0014801
-0.0018921,-0.0011139,0.0007782,0.00027466,-0.0016022,-0.00013733
-0.0004425,-7.6294e-05,0.0011902,0.0014038,-0.0007019,-0.00038147
0.00094604,0.00086975,0.0012665,0.0020447,0.0011292,-0.00061035
0.0014648,0.003067,0.0028992,0.0024872,0.0026093,0.0010834
0.0020599,0.0042267,0.0051422,0.0036316,0.0031433,0.0026093
0.0012512,0.0032349,0.0056152,0.0045471,0.0040894,0.0027008
3.0518e-05,0.0033264,0.0055237,0.0040436,0.0044403,0.0020294
0.00056458,0.0034485,0.0051727,0.0034943,0.0026398,0.00061035
0.00045776,0.0018463,0.0040131,0.0026245,0.00097656,-0.00065613
-0.00076294,0.0004425,0.0013428,0.00061035,0.00027466,-0.0014343
-0.00045776,-0.00059509,-0.00088501,-0.0015717,-0.00056458,-0.0015106
-0.00030518,-0.002243,-0.0023651,-0.0032959,-0.0015717,-0.00090027
-0.0021362,-0.0041962,-0.004776,-0.0039978,-0.0023041,-0.0011597
-0.0047913,-0.0055389,-0.005188,-0.0039978,-0.0021362,-0.0033417
-0.0067749,-0.0064697,-0.0040131,-0.0033417,-0.0028687,-0.0051422
-0.0063782,-0.0066681,-0.0042877,-0.0035706,-0.004364,-0.0052795
-0.0046234,-0.0056915,-0.0055847,-0.004364,-0.0044556,-0.0051727
-0.0041046,-0.0056152,-0.0063629,-0.0045166,-0.0046692,-0.0047607
-0.0066833,-0.0072937,-0.0069275,-0.0052948,-0.0063019,-0.0059204
-0.010498,-0.0098114,-0.0071716,-0.0055847,-0.0093994,-0.0098572
-0.013275,-0.011719,-0.0066071,-0.0064392,-0.011612,-0.013
-0.014633,-0.011414,-0.0081024,-0.0083313,-0.0112,-0.013535
-0.01268,-0.010941,-0.0099487,-0.0088959,-0.010956,-0.012741
-0.011459,-0.010635,-0.0092621,-0.0078735,-0.010406,-0.011429
-0.011551,-0.0087585,-0.0083923,-0.0060883,-0.0090027,-0.010666
-0.0097961,-0.008194,-0.0083923,-0.0063934,-0.00914,-0.010574
-0.0094147,-0.0085449,-0.0085449,-0.0073853,-0.0097809,-0.010269
-0.0089874,-0.0076752,-0.0074158,-0.0053864,-0.009552,-0.0094452
-0.0070953,-0.006134,-0.004715,-0.0031738,-0.0087891,-0.0081329
-0.0056305,-0.0031738,-0.0033112,-0.002533,-0.0061951,-0.0065613
-0.0040894,-0.0016022,-0.0019989,-0.0013123,-0.0028687,-0.0042572
-0.0028534,-0.0018616,-0.00035095,0.00047302,-0.0019379,-0.0018616
-0.0017548,-0.0014343,-0.00062561,0.0012054,-0.00097656,-0.00091553
-0.00057983,-0.0015869,-0.00083923,0.0016632,0.00053406,-6.1035e-05
0.00067139,-3.0518e-05,-0.00047302,0.0027771,0.0013885,0.0011902
0.0015411,0.0024109,0.0016327,0.0029907,0.0036469,0.0015869
0.001297,0.0021973,0.0036621,0.0027466,0.0028992,0.00177
0.00080872,0.0011902,0.0026703,0.0030212,0.00074768,0.0012817
0.0007782,0.00010681,0.0014191,0.0018768,0.0013885,0.00053406
0.0015564,-0.00021362,-0.0009613,-0.00093079,-4.5776e-05,0.0016174
0.0026855,0.00079346,-0.0028076,-0.0023193,-0.0010529,0.0031128
0.0033722,9.1553e-05,-0.0012054,-0.0013733,-0.00065613,0.0026093
0.0028229,-0.0012207,0.00041199,0.00019836,-0.0011902,0.00064087
7.6294e-05,7.6294e-05,0.00085449,0.0028229,0.0012665,0.00039673
-0.0014343,0.0012207,0.0015106,0.0042114,0.0030365,0.0011749
0.0007019,0.00027466,0.0030365,0.0031891,0.0018158,0.00086975
0.0020905,0.00053406,0.0034637,0.0032349,0.0025787,0.001236
0.0012512,0.0018616,0.002243,0.0041199,0.0027924,0.0019989
0.0016174,0.0012054,0.0022583,0.0037537,0.0022125,0.0018921
0.0020142,0.0017242,0.0028839,0.0023193,0.0031281,0.0018616
0.0016479,0.0037537,0.003006,0.0021362,0.0031586,0.0026398
0.0030365,0.0036011,0.0033875,0.0020447,0.0025787,0.0028992
0.0038757,0.0036469,0.0033875,0.0014191,0.00076294,0.0024414
0.0030518,0.0042725,0.0036621,0.0028687,0.0005188,0.0024261
0.0039673,0.0043793,0.0039978,0.0042419,0.0039215,0.0033875
0.0061798,0.0050812,0.0042572,0.0043335,0.0062256,0.0060883
0.0075378,0.0053253,0.0056152,0.0046997,0.0082855,0.0089111
0.0090485,0.0058899,0.0050812,0.0050201,0.0097198,0.01004
0.0095825,0.0072174,0.0037384,0.0054626,0.0077515,0.0096588
0.0078125,0.0059052,0.0055542,0.0057068,0.0069733,0.0088654
0.0064545,0.0045319,0.0068665,0.0049286,0.0080109,0.0080566
0.0055695,0.0066223,0.006485,0.0042419,0.0068817,0.006134
0.0042267,0.0062408,0.0064697,0.0037537,0.0049286,0.0036926
0.0039673,0.0037231,0.0045929,0.0030975,0.0033112,0.0025177
0.0041809,0.0031891,0.0025787,0.002594,0.0022736,0.0026398
0.0029144,0.0020752,0.0023651,0.0016785,0.0036316,0.0023041
0.0018616,0.0014801,0.0019531,0.0011139,0.0040131,0.0011597
0.0025177,0.0016174,0.0030823,0.0015564,0.0020599,0.0025024
0.0030365,0.0021667,0.0046539,0.002121,0.0027771,0.0048828
0.0037689,0.0048065,0.0053406,0.0033722,0.0050964,0.0037079
0.0055084,0.0066986,0.0071869,0.0057068,0.0061646,0.0040588
0.0075226,0.0069733,0.0079346,0.0068817,0.0076752,0.006897
0.0082092,0.007782,0.0077972,0.0059357,0.0091095,0.007309
0.0073242,0.0083923,0.0088348,0.0054321,0.0079193,0.0075531
0.0062103,0.0070343,0.0091705,0.0052338,0.0053558,0.0066223
0.0048218,0.0059052,0.0081177,0.0038757,0.004303,0.0039215
0.0042114,0.0059509,0.0062256,0.0019073,0.0034637,0.0031433
0.0046539,0.0040131,0.0038605,-0.00050354,0.0019836,0.0029907
0.0051422,0.0027771,0.0017242,-0.0023651,0.0010376,0.0029755
0.0054321,0.0040588,0.00064087,-0.0030365,0.0011444,0.0044708
0.0061951,0.0041962,0.00054932,-0.0027161,0.0026855,0.0057068
0.007309,0.0042267,0.0014801,-0.001236,0.0041351,0.0068665
0.0063934,0.0045013,0.0033875,0.00073242,0.0051575,0.0070038
0.0050964,0.0045319,0.0046387,0.0023499,0.0048676,0.0046234
0.0056,0.0050659,0.004715,0.0023651,0.0027924,0.0034332
0.0059204,0.0050201,0.0035858,0.00079346,0.002655,0.0031891
0.005127,0.0054474,0.0024261,-0.00047302,0.003067,0.0028229
0.0048523,0.0046387,0.0020447,-0.0013123,0.0021667,0.0034485
0.0050964,0.0027771,0.0012207,-0.0015869,0.0024414,0.0032196
0.0035095,0.0023804,0.0010071,-0.00036621,0.0026093,0.002594
0.0013885,0.0015717,0.0019836,0.0012054,0.0024872,0.0021973
0.0016479,0.0018158,0.0027008,0.0010376,0.0023193,0.0020752
0.0027313,0.0022125,0.0022278,0.00024414,0.0015869,0.0020447
0.0032654,0.0013733,0.0021362,0.0009613,0.0027618,0.0019226
0.0033264,0.0018005,0.002594,0.0010834,0.004715,0.0033722
0.003006,0.0027008,0.0019684,0.00093079,0.0050507,0.0052185
0.0044098,0.0029144,0.002182,0.0014648,0.0053864,0.0062714
0.0054474,0.0027618,0.0023041,0.0010986,0.0051117,0.0065002
0.0047455,0.0030212,0.0020294,0.00062561,0.0034332,0.004364
0.0042114,0.0033569,0.0019836,-0.00047302,0.0026245,0.0021667
0.0020905,0.0016327,0.00021362,-0.0015411,0.0019531,0.0012054
-0.0013275,-0.0018921,-0.0010834,-0.0013123,0.00015259,-0.00080872
-0.0037842,-0.0045319,-0.0023346,-0.0026855,-0.0020752,-0.0031586
-0.0052643,-0.0053864,-0.0037689,-0.0052948,-0.0037537,-0.0056915
-0.0065155,-0.0051117,-0.0042725,-0.0061951,-0.005661,-0.0064697
-0.0062408,-0.0049438,-0.0059967,-0.0080414,-0.0080261,-0.0063324
-0.0054016,-0.0063934,-0.0074921,-0.010498,-0.0084534,-0.008667
-0.0066376,-0.0076294,-0.0071869,-0.00914,-0.008194,-0.008316
-0.0072479,-0.0071411,-0.006485,-0.0072937,-0.0071411,-0.0065002
-0.0070648,-0.0062714,-0.0070801,-0.0078125,-0.0055542,-0.0074615
-0.0071716,-0.0045776,-0.007309,-0.0069122,-0.0060272,-0.0066681
-0.0049744,-0.0032501,-0.0049744,-0.0046997,-0.0059052,-0.0046844
-0.002655,-0.0038147,-0.0027466,-0.0029907,-0.004837,-0.0046539
-0.0027161,-0.00354,-0.0024109,-0.0019073,-0.0051422,-0.0047913
-0.0028992,-0.0018158,-0.0028534,-0.0028381,-0.0048981,-0.004364
-0.0030823,-0.0004425,-0.002594,-0.0035553,-0.0037689,-0.0047913
-0.0039978,-0.00045776,-0.0013733,-0.0024109,-0.0045929,-0.005661
-0.003479,-0.001236,0.00024414,-0.0018921,-0.0054779,-0.0054321
-0.0029144,-0.0013123,0.00071716,-0.0011139,-0.0041809,-0.0051575
-0.0042725,-0.0012512,0.00013733,0.00022888,-0.0042877,-0.0052948
-0.0041351,-0.0013733,0.00019836,-0.00067139,-0.0055237,-0.0050659
-0.001297,-0.0010376,-0.0014801,-0.0023956,-0.0042114,-0.0045929
-6.1035e-05,-0.00035095,-0.0032959,-0.0027008,-0.0020752,-0.0035858
-0.00086975,-0.00016785,-0.0020142,-0.0020752,-0.0016022,-0.00062561
-4.5776e-05,-0.0015717,-0.0016174,-0.0010834,-0.00062561,0.0021515
0.00021362,-0.0027008,-0.0030365,-0.0007019,0.00088501,0.00097656
-0.0018311,-0.0015717,-0.0020905,-0.00038147,-7.6294e-05,-0.001236
-0.0030518,-0.0019073,-0.0012207,-0.00073242,-0.0016785,-0.0030975
-0.0041504,-0.004715,-0.0042725,-0.0023956,-0.0025482,-0.0041046
-0.0044708,-0.0056,-0.0058441,-0.0032806,-0.0027466,-0.0031281
-0.0037079,-0.0048828,-0.0054474,-0.003006,-0.0023041,-0.0040894
-0.0050964,-0.005127,-0.0052185,-0.0023956,-0.00354,-0.0055389
-0.0062103,-0.0055389,-0.0033875,-0.0031891,-0.0050049,-0.0048981
-0.005188,-0.0048523,-0.0037384,-0.0042267,-0.0047455,-0.0054016
-0.0049133,-0.0037537,-0.0039978,-0.0020142,-0.0048065,-0.0063171
-0.0046997,-0.0030365,-0.00080872,0.0005188,-0.0045471,-0.005661
-0.0036621,-0.0020599,0.00079346,0.00048828,-0.0023193,-0.0049591
-0.0029449,-0.00080872,0.0012054,0.00068665,-0.001236,-0.0037384
-0.0017395,0.00062561,0.002594,0.0016632,-0.00079346,-0.0025482
-0.0016632,0.0015411,0.0033417,0.0031738,0.00027466,-0.0027618
-0.0021973,0.00093079,0.0030823,0.0038147,0.00033569,-0.0019836
-0.0010681,-4.5776e-05,0.0023041,0.0021362,-9.1553e-05,-0.00088501
-0.00039673,0,0.0021973,0.0012512,-0.00080872,-0.0014496
-0.00091553,0.00090027,0.0019836,0.001297,-0.00056458,-0.0018463
-0.0011902,0.0011902,0.00019836,0.00073242,0.00018311,-0.00064087
-0.00022888,-0.00041199,-0.0011749,0.00013733,0.00094604,-0.00038147
-0.0013733,-0.0020294,-0.0016785,-0.00061035,0.00036621,-0.0022278
-0.0040283,-0.0025635,-0.002594,-0.0017242,-0.0028381,-0.0029144
-0.0035553,-0.0040131,-0.0035553,-0.0028229,-0.0046692,-0.0033722
-0.0042419,-0.0061035,-0.004364,-0.0034637,-0.0050659,-0.004776
-0.0062866,-0.006958,-0.0052185,-0.0038757,-0.0050659,-0.0053406
-0.0055237,-0.0060883,-0.0052948,-0.0038605,-0.0053253,-0.0054779
-0.0045624,-0.0049438,-0.0050201,-0.0033875,-0.0053406,-0.004837
-0.0044556,-0.00383,-0.0054474,-0.0033112,-0.0028992,-0.0040283
-0.0030365,-0.0031433,-0.0046387,-0.0034332,-0.0016632,-0.0036621
-0.0015411,-0.0028076,-0.0023956,-0.0020599,-0.0026855,-0.0024719
-0.0012665,-0.0016327,-0.001297,-0.00036621,-0.0031586,-0.0010986
-0.0011597,-0.001236,-0.0013428,-0.00016785,-0.0022278,-0.0011749
-0.00083923,-0.00086975,-0.00056458,0.00094604,-0.0012512,-0.0019379
-0.00035095,-0.0002594,0.0007019,0.0013275,-0.0011444,-0.00012207
0.00053406,0.00010681,0.00032043,0.00048828,0.0010223,0.0019226
0.0009613,0.0010834,6.1035e-05,0.0020142,0.0023041,0.0010529
0.00019836,0.00097656,0.0011139,0.0021515,0.0007019,0.0010376
0.00059509,0.00053406,0.00086975,0.00090027,0.0010529,0.0015106
0.0022278,0.00067139,0.00035095,0.0021057,0.0016022,0.0011597
0.00177,0.0010071,0.0016937,0.0028534,0.0013885,0.0016327
0.00067139,0.0015869,0.0020447,0.0026245,0.0027008,0.0019379
0.0016327,0.0014648,1.5259e-05,0.0026398,0.0032959,0.0017242
0.0027313,0.00090027,-0.0015411,0.0016632,0.0026245,0.0026245
0.0025635,0.00057983,-0.0015564,0.00016785,0.0022888,0.0036316
0.0012817,-0.00032043,-0.0015564,-0.00086975,0.001709,0.0020294
-0.00074768,-0.0015106,-0.0026855,-0.00080872,-0.00064087,0.00013733
-0.0018158,-0.0029602,-0.0036163,-0.001236,-0.0024872,-0.00082397
-0.0040741,-0.0054474,-0.0045776,-0.0027161,-0.001709,-0.0034637
-0.0062103,-0.006134,-0.0049591,-0.0027466,-0.0016785,-0.0049438
-0.0053253,-0.005722,-0.003952,-0.0025024,-0.0031281,-0.0041656
-0.0053406,-0.005661,-0.0047913,-0.0031281,-0.0043488,-0.0041199
-0.0049896,-0.005661,-0.006012,-0.0047455,-0.004776,-0.004303
-0.0037994,-0.0067749,-0.0072479,-0.0061035,-0.0050812,-0.0052795
-0.0046692,-0.0062866,-0.008728,-0.0054932,-0.0063934,-0.0059814
-0.0056915,-0.0059204,-0.0074921,-0.0054169,-0.0058136,-0.0050049
-0.0061798,-0.0063324,-0.0075073,-0.0052643,-0.0041351,-0.0053864
-0.0061188,-0.0048523,-0.0067596,-0.0028687,-0.0045319,-0.006485
-0.0046997,-0.003479,-0.0015259,-0.00073242,-0.0050354,-0.0050659
-0.0019073,-0.0015869,0.00085449,0.00016785,-0.0036011,-0.0030823
0.00085449,0.0016022,0.00088501,0.0016937,-0.00053406,-0.0020905
0.0016785,0.0043182,0.0027313,0.0031891,0.001236,0.0002594
0.0021057,0.004776,0.0037842,0.0037384,0.001358,0.0023651
0.0032043,0.0031738,0.0040741,0.003891,0.0028229,0.0023804
0.0033722,0.0034027,0.0046387,0.0044098,0.0039825,0.002243
0.0039825,0.0051727,0.005127,0.0049286,0.0032654,0.0036621
0.0053406,0.0044861,0.0048218,0.0035706,0.0030365,0.0056458
0.0050049,0.0036774,0.0031128,0.002655,0.0040436,0.0048981
0.0040436,0.0039978,0.0027924,0.0039825,0.0047455,0.0038147
0.0041504,0.0024414,0.0035706,0.00383,0.0048828,0.0050507
0.0045166,0.0015411,0.0017395,0.0024414,0.0055542,0.0050659
0.0032806,0.0027924,0.00091553,0.0028076,0.0048065,0.0038757
0.0021362,0.003006,0.0033569,0.0034332,0.0032501,0.0037384
0.0025635,0.001709,0.003891,0.0027924,0.0031891,0.0028992
0.0016937,0.0017395,0.002655,0.0023651,0.0020599,0.0014648
0.00061035,0.0023956,0.0023651,0.0011444,0.00041199,0.00024414
0.0002594,0.0014801,0.00054932,-0.0013123,-0.0011597,-0.0022125
-0.0012512,0.00012207,-0.0011597,-0.0020905,-0.0031433,-0.0033264
-0.0027771,-0.0019989,-0.0007019,-0.0020447,-0.0037079,-0.0027924
-0.0028992,-0.0031281,-0.0018311,-0.0022736,-0.0031586,-0.0030518
-0.0018005,-0.0018768,-0.0019073,-0.0019531,-0.0024719,-0.0023499
-0.0012207,-0.0010834,-0.00065613,-0.0017395,-0.0031586,-0.0019379
-0.0019684,-0.0010376,-0.0015259,-0.0016937,-0.0040894,-0.0030212
-0.0025024,-0.0018158,-0.0023193,-0.002182,-0.0028687,-0.0031433
-0.002182,-0.0029297,-0.0034485,-0.0018158,-0.0010834,-0.0032043
-0.0025635,-0.0025024,-0.0032806,-0.0010834,-0.001236,-0.0037231
-0.0033569,-0.0016632,-0.0020294,-0.0018005,-0.0028992,-0.0035095
-0.0037231,-0.0022278,-0.0025787,-0.0021973,-0.0042419,-0.0040436
-0.0045166,-0.0038452,-0.003952,-0.0033264,-0.0055389,-0.0039825
-0.0042572,-0.0059357,-0.0063477,-0.0048828,-0.0043335,-0.0019684
-0.0025024,-0.0072174,-0.0075836,-0.0041351,-0.0013275,-0.00076294
-0.0016022,-0.0060425,-0.0060577,-0.0019684,-0.0012817,4.5776e-05
-0.00065613,-0.0032959,-0.0045013,-0.00097656,-0.0005188,0.0009613
0.00099182,-0.00071716,-0.0034027,-0.0010376,0.0011292,0.00085449
0.0010834,0.00056458,-0.0017395,-9.1553e-05,7.6294e-05,0.0011597
0.0011292,0.00048828,-0.00015259,0.00090027,-0.00099182,0.001236
0.00093079,-0.00065613,0.00030518,0.0012054,-0.0013123,0.00056458
-0.0011139,-0.0012054,-4.5776e-05,0.0013275,-0.0005188,0.00028992
-0.0019379,-0.00059509,0.0005188,0.0014954,0.0004425,-6.1035e-05
-0.0020599,-0.0004425,0.00097656,0.0023499,0.0005188,-0.0010071
-0.0021667,0.00021362,0.00068665,0.0031738,0.0016479,-0.0016022
-0.00074768,0.00083923,0.0014801,0.0032349,0.0016479,-0.00074768
-0.00056458,0.00094604,0.0017548,0.0027924,0.00033569,-0.0010834
-0.0014496,0.0014648,0.0020599,0.0027008,-0.00050354,-0.0024109
-0.0011597,0.0016022,0.0037994,0.0024261,-0.0012054,-0.0023956
-0.0021057,0.0020752,0.003418,0.0012054,-0.0010986,-0.0030823
-0.0028076,0.0019531,0.0019836,0.00094604,-0.0015564,-0.0036774
-0.0011292,0.00047302,0.0010376,0.00086975,-0.0028534,-0.0028229
-0.001297,-0.00016785,-0.00050354,-0.00010681,-0.0024872,-0.0016632
-0.002533,-0.0010071,-0.0010071,-0.00061035,-0.0018158,-0.0010681
-0.0033569,-0.0022278,-0.0014801,-0.002243,-0.0020447,-0.0018311
-0.0046844,-0.0027008,-0.002655,-0.00354,-0.0024109,-0.0039673
-0.004425,-0.0041504,-0.0043488,-0.0037231,-0.0046844,-0.0056305
-0.0046082,-0.0056458,-0.0066986,-0.005661,-0.0062256,-0.0049438
-0.0055237,-0.0063629,-0.0087585,-0.006958,-0.0057831,-0.0050964
-0.0050354,-0.0077515,-0.0092773,-0.0068512,-0.0062256,-0.0051117
-0.0052643,-0.0089264,-0.0087128,-0.0068207,-0.0053101,-0.0029144
-0.0063934,-0.0082703,-0.0098877,-0.0060272,-0.003891,-0.0037079
-0.0071259,-0.0073395,-0.0083466,-0.004715,-0.0051575,-0.0060577
-0.0068817,-0.0076752,-0.0048828,-0.004715,-0.0071716,-0.0061951
-0.0052948,-0.0066376,-0.0068665,-0.005661,-0.0075836,-0.0057831
-0.0033875,-0.0046539,-0.0068512,-0.0048065,-0.0064087,-0.0053406
-0.002655,-0.0035248,-0.0044098,-0.0032196,-0.0050354,-0.0046692
-0.0033417,-0.0031128,-0.0045471,-0.0017395,-0.0031891,-0.0037994
-0.0042572,-0.0036316,-0.0019226,0.0009613,-0.0009613,-0.0026398
-0.0026398,-0.0026245,0.00027466,0.0028839,-0.00021362,-0.0014648
0.0015259,0.00042725,0.0010376,0.0038757,0.00093079,0.00036621
0.0038605,0.0034943,0.0038757,0.0056,0.0034485,0.0030823
0.004364,0.0055389,0.0059357,0.0074921,0.0058899,0.0048218
0.0053864,0.0065765,0.0071869,0.0086365,0.0079346,0.006012
0.006134,0.0074768,0.0084076,0.0084839,0.0088501,0.0070038
0.0069427,0.008255,0.0090942,0.0093689,0.0094604,0.0077362
0.008728,0.0080719,0.0096283,0.010391,0.009903,0.0093536
0.009201,0.0077057,0.009552,0.0088959,0.0098267,0.0091858
0.0079803,0.008667,0.0092163,0.0085297,0.0090027,0.0086365
0.0089417,0.0090637,0.0098267,0.0083923,0.008728,0.0095367
0.0096741,0.0089722,0.0096588,0.0080566,0.010757,0.0087128
0.0084534,0.0096741,0.0087585,0.0099792,0.011978,0.0095367
0.0095062,0.0097961,0.0091553,0.0099335,0.01236,0.011673
0.010651,0.0097504,0.0096436,0.0088043,0.012939,0.011246
0.010223,0.0098419,0.010056,0.0092926,0.012924,0.01149
0.011047,0.01004,0.010437,0.0089874,0.013382,0.013184
0.0121,0.010147,0.010178,0.0093079,0.013382,0.013931
0.012039,0.010269,0.011627,0.010788,0.012802,0.012634
0.011887,0.011932,0.013641,0.010483,0.012177,0.010437
0.011398,0.013199,0.01387,0.0093994,0.010986,0.0096283
0.0112,0.012695,0.014511,0.0092621,0.010544,0.0098724
0.011368,0.013458,0.014633,0.0085754,0.011063,0.0097961
0.010391,0.014252,0.013535,0.0076294,0.010818,0.0097351
0.009964,0.012543,0.01239,0.007019,0.010056,0.0093994
0.010101,0.0103,0.010239,0.0056,0.009201,0.0083771
0.0082397,0.0085754,0.0082703,0.0037689,0.0072632,0.0075684
0.0066223,0.0078583,0.0074921,0.0028381,0.0057983,0.0064087
0.0076141,0.0072632,0.0072937,0.0024719,0.0060577,0.0060883
0.0071411,0.0059967,0.0077972,0.0025635,0.0068054,0.0071106
0.0045471,0.0049896,0.0078888,0.0034637,0.0078735,0.0066833
0.0044708,0.0039063,0.0067139,0.0038757,0.0082855,0.0058136
0.0052032,0.0043793,0.0061951,0.0035858,0.0074921,0.0054169
0.0049591,0.0061188,0.0059052,0.0025482,0.006897,0.0045929
0.005127,0.0059357,0.0045319,0.0004425,0.0059204,0.0048523
0.0051727,0.0044403,0.0035248,-0.0015106,0.0038605,0.0053864
0.0041962,0.0033569,0.0018463,-0.0029755,0.0020294,0.0037384
0.0016632,0.002594,-4.5776e-05,-0.0037079,0.0002594,0.0015717
0.0005188,0.00038147,-6.1035e-05,-0.0031891,0.00010681,0.0015717
0.0016937,-0.00041199,0.00062561,-0.0022278,0.0024414,0.0019684
0.0025482,0.002182,0.0019531,-0.00085449,0.0028992,0.0023499
0.0041962,0.0041199,0.0039978,-0.00013733,0.0021362,0.0040741
0.0065155,0.0056,0.0048981,-0.00039673,0.0033875,0.0046692
0.0061646,0.006134,0.0044708,0.00080872,0.0036774,0.003891
0.0042877,0.0049438,0.0041962,0.0011444,0.0022888,0.0031128
0.0036316,0.0032196,0.0032806,-0.0015259,0.0018311,0.0023651
0.0026855,0.001297,0.0012207,-0.0034943,0.0011749,0.0023346
0.001297,0.00028992,-0.00021362,-0.0032654,-0.00013733,0.0014343
0.00028992,-0.0011139,-0.0011139,-0.0036011,-0.00057983,-0.00010681
-0.001236,-0.0018158,-0.0026093,-0.0057983,-0.0010529,-0.0007782
-0.0020294,-0.0015717,-0.0038452,-0.0072937,-0.0016327,-0.0013275
-0.0018768,-0.0019989,-0.0045471,-0.006958,-0.0027313,-0.0016327
-0.002655,-0.0029755,-0.0048676,-0.0064392,-0.0048065,-0.0025635
-0.0040894,-0.0057373,-0.0048218,-0.0063019,-0.0054779,-0.0043335
-0.0060272,-0.0077209,-0.006897,-0.0074768,-0.0061646,-0.0058899
-0.0074768,-0.0082397,-0.0093842,-0.010025,-0.0069122,-0.0062103
-0.0077667,-0.0090027,-0.0098877,-0.010941,-0.0062103,-0.0060577
-0.0080261,-0.0087585,-0.010208,-0.0098572,-0.0072174,-0.0064697
-0.007843,-0.0083008,-0.0090027,-0.0092773,-0.0084991,-0.0068665
-0.0074615,-0.0075073,-0.0066681,-0.0079346,-0.0085449,-0.0085907
-0.0070801,-0.0052795,-0.0039063,-0.0050659,-0.0079041,-0.009079
-0.0071716,-0.0033112,-0.0011139,-0.0032196,-0.0055237,-0.0078888
-0.0081024,-0.0036011,-0.001358,-0.0015259,-0.0040436,-0.0086365
-0.0084076,-0.0044861,-0.0014038,-0.00090027,-0.0042419,-0.0088043
-0.0080566,-0.0043182,-0.00054932,-0.0023956,-0.0047302,-0.0085144
-0.0071564,-0.0047302,-0.0021515,-0.0031586,-0.0056915,-0.0088196
-0.0059814,-0.0051117,-0.0037231,-0.0033112,-0.0053406,-0.0070953
-0.0054779,-0.0048676,-0.00383,-0.0035858,-0.0036926,-0.005249
-0.0066071,-0.0056763,-0.0043793,-0.0039673,-0.0041656,-0.0056458
-0.0083923,-0.0069275,-0.0057373,-0.0040283,-0.0058441,-0.0062103
-0.0088806,-0.008316,-0.0062103,-0.0044556,-0.0063477,-0.0073395
-0.0096588,-0.0093689,-0.0069275,-0.006424,-0.0071259,-0.0091858
-0.0098419,-0.0086975,-0.0080109,-0.0078583,-0.0083008,-0.0090637
-0.0084686,-0.0084076,-0.0093384,-0.0088806,-0.0097809,-0.0093079
-0.0086975,-0.0096283,-0.011658,-0.010284,-0.011169,-0.01033
-0.0096283,-0.011383,-0.012405,-0.011017,-0.011475,-0.0097046
-0.010666,-0.013138,-0.013702,-0.011215,-0.012466,-0.010574
-0.012711,-0.013626,-0.01503,-0.010818,-0.013916,-0.013107
-0.013718,-0.014267,-0.015091,-0.012512,-0.014328,-0.013672
-0.014191,-0.015686,-0.017075,-0.015167,-0.01474,-0.013611
-0.014755,-0.016891,-0.0177,-0.014481,-0.015076,-0.013412
-0.014938,-0.017441,-0.018021,-0.013931,-0.016129,-0.01329
-0.015381,-0.016418,-0.019257,-0.014542,-0.017609,-0.015167
-0.014465,-0.01535,-0.017471,-0.013947,-0.017181,-0.015762
-0.012924,-0.014191,-0.015717,-0.012802,-0.016464,-0.014145
-0.012421,-0.012329,-0.014786,-0.010284,-0.015137,-0.01268
-0.011841,-0.01123,-0.011826,-0.006546,-0.011673,-0.010529
-0.0096283,-0.0097504,-0.0087128,-0.0032654,-0.0084076,-0.0076752
-0.0057526,-0.0064697,-0.006424,-0.00079346,-0.0054474,-0.0053711
-0.0036926,-0.0033264,-0.0036926,0.00071716,-0.0035553,-0.0040741
-0.0029907,-0.0020142,-0.0017548,0.0014496,-0.0035553,-0.0028992
-0.0012665,-0.00090027,-0.0010834,0.0021973,-0.0023651,-0.00064087
0.0002594,0.00047302,-9.1553e-05,0.0028687,-0.00045776,0.00042725
0.00094604,0.0017242,0.0016022,0.0047607,0.00033569,0.00012207
0.0016785,0.0033569,0.0040436,0.0074005,0.0015717,0.0017242
0.00354,0.0044403,0.0062103,0.0077362,0.0037994,0.0033417
0.0061646,0.0060577,0.0063934,0.0080872,0.006012,0.0048218
0.008194,0.0087433,0.0061951,0.0094757,0.0081177,0.0077972
0.0089722,0.0088501,0.0078125,0.010315,0.01001,0.0097046
0.0093994,0.0068817,0.0083771,0.010864,0.011169,0.011551
0.0092163,0.0067902,0.0070038,0.010452,0.011978,0.01236
0.008728,0.0078125,0.0072784,0.0097656,0.010651,0.010223
0.009079,0.0074158,0.0066833,0.0077057,0.0078278,0.0082855
0.0075684,0.0057831,0.00354,0.0038452,0.005127,0.0058441
0.0039978,0.003006,0.0014038,0.0013733,0.00067139,0.0029755
0.0004425,-0.00019836,-0.00099182,-0.00064087,-0.0025177,0.00022888
-0.0029449,-0.0025635,-0.0035706,-0.002594,-0.0031128,-0.0033569
-0.0044861,-0.0052032,-0.0042877,-0.0031128,-0.0046387,-0.0045624
-0.0049896,-0.0065002,-0.0058441,-0.0035706,-0.0063782,-0.0046539
-0.005188,-0.0056915,-0.0063324,-0.0036316,-0.0058746,-0.0055847
-0.0040283,-0.004776,-0.0042877,-0.0030212,-0.0041199,-0.0037689
-0.002121,-0.0024719,-0.0029755,-0.0022888,-0.0034332,-0.0014038
0.0007782,-0.00042725,-0.0015717,-0.0011597,-0.0024872,-0.00085449
0.0017548,0.00068665,0.00024414,0.0012817,1.5259e-05,-0.00021362
0.00033569,0.0016937,0.0014191,0.0033722,0.0019379,3.0518e-05
-0.00086975,0.00076294,0.0017853,0.0026245,0.0013733,-0.0004425
-0.0016785,0.00053406,0.0019379,0.0030365,-0.00024414,-0.00085449
-6.1035e-05,0.0014801,0.0028839,0.0037994,-0.0010681,-0.00042725
0.0014496,0.0016785,0.0032196,0.0026855,-0.0010986,-0.00054932
0.00067139,0.0025177,0.0027618,0.0038147,0.00036621,-0.0010986
0.001297,0.0019226,0.0024567,0.0047607,0.0023346,0.00054932
0.0015869,-0.00024414,0.0012512,0.0036469,0.0033722,0.0021362
-0.0002594,-0.00073242,-0.00057983,0.0026093,0.0030212,0.0016327
-0.0019989,-0.0010986,-0.00091553,0.0011292,0.00021362,0.00022888
-0.0028839,-0.002594,-0.00076294,-0.00030518,-0.0020905,-0.0016174
-0.0023193,-0.0027466,-0.0021057,-0.00065613,-0.0019684,-0.002594
-0.0032043,-0.002594,-0.0026703,-0.00012207,-0.0014191,-0.0033722
-0.0056458,-0.0041046,-0.0024109,-0.00053406,-0.0027313,-0.0046234
-0.0047607,-0.0048828,-0.0032043,-0.0023499,-0.0054626,-0.0043182
-0.0033112,-0.004425,-0.0046844,-0.0033264,-0.006012,-0.0045319
-0.004303,-0.004303,-0.0063629,-0.0036163,-0.0054932,-0.0053864
-0.0047913,-0.0046234,-0.0061188,-0.0035553,-0.0046844,-0.0050507
-0.0048218,-0.0051117,-0.0043182,-0.0027008,-0.0036774,-0.0053711
-0.0057983,-0.0051727,-0.0037384,-0.002121,-0.0043945,-0.0059814
-0.0067749,-0.0044556,-0.0043793,-0.0015411,-0.0051727,-0.006012
-0.0063477,-0.0043793,-0.0044708,-0.001297,-0.0054169,-0.006073
-0.0045776,-0.0052338,-0.003479,-0.0016785,-0.0041809,-0.0052032
-0.0041962,-0.0046234,-0.0036774,-0.0020142,-0.0025482,-0.0031128
-0.0045319,-0.0040741,-0.0036316,-0.0017853,-0.0020447,-0.0016479
-0.0031128,-0.0048676,-0.0016174,0.00045776,-0.00073242,-0.0012817
-0.0027313,-0.0037842,-0.0010071,0.0025635,-0.00050354,-0.0023499
-0.00383,-0.00177,-0.0015869,0.0015717,-0.0011139,-0.0030975
-0.0031738,-0.001358,-0.001297,4.5776e-05,-0.0013428,-0.0017242
-0.0013733,-0.0012665,-0.0010529,-0.00019836,-0.0020447,-0.0014038
-0.00091553,-0.00054932,-0.0011597,-0.00048828,-0.0013733,-0.0014191
-0.0016785,-0.00074768,-0.0014343,-0.00022888,-0.00022888,-0.0012665
-0.0018158,-0.00088501,-0.00091553,0.00097656,-0.0012054,-0.001709
-0.0014191,0.0007019,0.00082397,0.0013275,-0.0018616,-0.0010529
-0.00073242,0.0013275,0.00085449,0.0010376,-0.00073242,-0.00053406
0.0010529,0.00039673,0.00033569,0.0016937,-9.1553e-05,0.0010376
0.0018463,0.00039673,0.00091553,0.0027924,0.0019989,0.0027618
0.0017242,0.0011292,0.00059509,0.003479,0.004303,0.0023041
0.002533,0.0017395,0.0014038,0.0034637,0.0029755,0.0029449
0.0026093,0.0028992,0.002655,0.0030212,0.0021362,0.0039215
0.0027313,0.0037384,0.0028839,0.0039063,0.0026093,0.0029907
0.003067,0.0036469,0.0042572,0.0053711,0.0030518,0.0023804
0.0031433,0.0028992,0.0046387,0.0047302,0.0043945,0.0035248
0.0041656,0.002182,0.0028687,0.0040741,0.0051727,0.0054932
0.0049438,0.003006,0.0027466,0.0049133,0.0054169,0.0059204
0.0050201,0.0037537,0.0033264,0.0039063,0.0050812,0.0050964
0.0045776,0.0036774,0.0015869,0.0015717,0.0042419,0.0045319
0.0037079,0.0033264,0.0010071,0.0012207,0.0028839,0.0037231
0.0028229,0.0021362,0.0018005,0.001236,0.0023804,0.0030518
0.0023041,0.0011139,0.00086975,0.00061035,0.0026245,0.0015564
0.0015717,0.0009613,-0.00054932,0.00057983,0.00048828,0.00067139
0.0013885,4.5776e-05,-0.0013885,-0.00068665,-0.00010681,0.0020752
0.0027466,-0.0010376,-0.0013885,-0.0019379,0.0005188,0.0014496
0.0023651,0.00047302,-0.00039673,-0.00065613,-0.00067139,0.00074768
0.0016174,0.0015411,0.00082397,3.0518e-05,0.00030518,0.0020752
0.0018463,0.0010681,0.00015259,-0.00053406,0.0014343,0.0015717
0.00057983,0.0015717,-0.0014343,-0.00080872,0,0.00068665
0.00068665,0.00094604,-0.0013733,-0.0020294,-0.0010681,0.00082397
0.0018158,-0.0010986,-0.0021973,-0.0037842,-0.0012665,0.00056458
0.0012817,-0.0015259,-0.0032806,-0.0032959,-0.0016022,0.00097656
0.0010223,-0.00086975,-0.0019836,-0.0016174,-0.0015259,0.0018311
0.00097656,-0.00061035,-0.00035095,-0.00085449,0.00045776,0.0017242
0.0007782,0.00035095,0.00080872,0.0010223,0.0026093,0.0021667
0.0013885,0.0010834,0.001358,0.0027466,0.0026855,0.002533
0.0014343,0.0013885,0.001297,0.0028534,0.0020142,0.0014801
0.00068665,0.002182,0.0029907,0.0027008,0.0012054,0.00061035
-3.0518e-05,0.0019684,0.0044556,0.0013885,0.00065613,-0.0002594
-0.00013733,0.0020905,0.0031586,0.00062561,-0.00041199,-0.00021362
0.00071716,0.0025482,0.0020905,0.00065613,-0.00061035,0.00035095
0.0016022,0.0015259,0.00074768,0.00080872,0.0017548,0.0005188
0.0023956,0.00093079,-0.0011902,0.0014801,0.0026093,0.0022583
0.0026093,-1.5259e-05,-0.00085449,0.00065613,0.0023193,0.0036774
0.0016174,-0.00097656,0.00056458,0.00068665,0.0027161,0.0031433
0.0010223,-0.00013733,0.0016327,0.0021667,0.0024414,0.0018463
0.0012665,0.00062561,0.0019531,0.0024414,0.0015564,0.001236
0.00053406,0.0013123,0.0015259,0.0019836,0.00047302,0.0005188
-0.00056458,0.00099182,0.0015106,0.00076294,0.00033569,-0.0016022
-0.0012207,-0.00073242,0.00053406,-0.00061035,0.00021362,-0.0016632
-0.0028839,-0.0018158,-0.0019684,-0.0016174,-0.0012665,-0.0014648
-0.0042114,-0.0026245,-0.0032806,-0.0032043,-0.001709,-0.0028839
-0.0037079,-0.003067,-0.0036774,-0.0041962,-0.00086975,-0.0012512
-0.0023651,-0.003006,-0.0031281,-0.0030823,-0.0011902,9.1553e-05
-0.0011444,-0.0020905,-0.0015869,-0.0016174,-0.0015564,-0.0021057
-0.00027466,0.00015259,-0.00045776,-0.0010834,-0.0010681,-0.0011902
0.0011292,0.0013733,0.0012665,-0.00010681,-7.6294e-05,0.0017853
0.0021362,0.0019073,0.0035858,0.0027771,0.001709,0.0011749
0.0023346,0.004303,0.0059509,0.0052948,0.0035248,0.0018616
0.003891,0.006897,0.0067291,0.0048981,0.0051727,0.0046844
0.0062256,0.0072632,0.0067902,0.0049591,0.0062561,0.0054474
0.0067139,0.0070496,0.0078735,0.0063934,0.0067291,0.0059814
0.0055389,0.0083466,0.0084839,0.0070801,0.0065002,0.0062103
0.006424,0.0088348,0.0096283,0.0075989,0.0064087,0.0062256
0.008606,0.0077057,0.0097504,0.007431,0.0080261,0.0076447
0.008606,0.0079803,0.0079498,0.006958,0.0084381,0.008667
0.0088043,0.0086975,0.0081482,0.0064392,0.0070648,0.0089264
0.0086517,0.0077209,0.0084991,0.0046997,0.0067596,0.0085297
0.0057831,0.0068359,0.0064545,0.0037079,0.0061798,0.0062714
0.0031738,0.0061493,0.0054016,0.0039825,0.0041046,0.0035553
0.003006,0.004364,0.0055695,0.0025024,0.0027924,0.0025482
0.0039215,0.0029297,0.0036163,0.00094604,0.0026855,0.0031586
0.0043488,0.0018921,0.002121,0.0010376,0.0012665,0.0041351
0.0042725,0.0016022,0.0028229,0.0005188,0.00030518,0.0040894
0.0030823,0.0030365,0.0022736,-0.00042725,0.0017242,0.0025177
0.0022888,0.0034027,0.0018921,-0.0004425,0.0017853,0.0015717
0.0029144,0.0023346,0.0019379,0.0004425,0.00083923,0.0018768
0.003006,0.0019836,0.0010681,0.00064087,0.0011597,0.0019684
0.0023956,0.0022125,0.0019379,0.00065613,0.0020905,0.002121
0.0010986,0.0025024,0.0037842,0.0010681,0.0026855,0.0013733
0,0.0031891,0.0042572,0.0015259,0.0019531,0.0010834
3.0518e-05,0.0028839,0.0049438,0.0022736,0.0018158,0.00091553
1.5259e-05,0.0021362,0.0059204,0.003067,0.0021973,-0.00073242
0.00056458,0.0029907,0.0055237,0.0044556,0.0021362,0.00061035
0.0018463,0.0030975,0.0046082,0.0026703,0.0036469,0.0026398
0.0019379,0.0027618,0.0026245,-0.00053406,0.0044098,0.0021973
0.0021057,0.0023041,0.0011902,-1.5259e-05,0.003418,0.0028839
0.002594,0.00074768,0.0016327,0.00016785,0.0036774,0.0031281
0.0015717,0.00019836,0.0015869,0.0014038,0.0036469,0.0024109
-6.1035e-05,0.00047302,0.0027313,0.0032349,0.0019379,0.0019684
-0.0004425,0.00091553,0.0040283,0.001236,0.0014801,0.00059509
0.00065613,0.00073242,0.0022125,-0.00016785,0.0027313,0.00035095
0.0013733,0.00057983,0.00036621,-0.00035095,0.0023499,0.0013428
0.0011139,0.00093079,0.00062561,-0.0011902,0.0020599,0.0018311
-0.00015259,-9.1553e-05,-0.00027466,-0.0014191,0.0026245,0.0020294
-0.0015259,-0.0014191,-0.0018463,-0.0013733,0.00042725,0.001358
-0.0012054,-0.0022278,-0.0015869,-0.0024414,-0.00048828,0.00022888
-0.00082397,-0.0023346,-0.0023193,-0.0040741,0.00021362,-0.0012665
-0.0019073,-0.0014191,-0.0025177,-0.0027924,-0.0015106,-0.0018311
-0.0021057,-0.00090027,-0.00054932,-0.0011749,-0.001358,-0.00073242
-0.0011749,-0.00047302,-0.00090027,-0.0018311,0,-0.0021667
-0.0016785,0.00018311,-0.0012207,-0.0013885,-0.0010986,-0.00354
-0.0013733,-0.00079346,-0.00013733,-0.0022736,-0.0021667,-0.0013428
-0.00053406,-0.0021057,-0.0017548,-0.0048676,-0.0027161,-0.00177
-0.0028534,-0.002182,-0.0032196,-0.004303,-0.0041504,-0.004364
-0.0049438,-0.0027466,-0.002594,-0.0040131,-0.0062561,-0.0052643
-0.0047913,-0.0039825,-0.0034637,-0.005188,-0.0072021,-0.0061798
-0.0051575,-0.004715,-0.0054321,-0.0054474,-0.0058289,-0.0068359
-0.0054932,-0.0042877,-0.0061188,-0.0063934,-0.0054626,-0.0066833
-0.0045471,-0.004776,-0.0055237,-0.006546,-0.006424,-0.0049744
-0.0039063,-0.0063324,-0.0055542,-0.0070343,-0.0057983,-0.0030365
-0.0050354,-0.0058289,-0.007019,-0.0078278,-0.0049591,-0.0041504
-0.0066681,-0.0053558,-0.006546,-0.0057526,-0.0055389,-0.0067749
-0.0075684,-0.0074463,-0.005661,-0.0050659,-0.0072784,-0.0080566
-0.0075836,-0.0091553,-0.0082092,-0.0070953,-0.0083771,-0.0077667
-0.0075684,-0.0087738,-0.0097656,-0.0077057,-0.0085602,-0.0075531
-0.0084839,-0.0081787,-0.0087891,-0.0074158,-0.0089417,-0.0076599
-0.0093842,-0.0087738,-0.0091248,-0.0075836,-0.0086212,-0.0089111
-0.010025,-0.0093384,-0.010071,-0.0077972,-0.0092621,-0.011307
-0.010605,-0.0097809,-0.0097961,-0.0081177,-0.011475,-0.01181
-0.012207,-0.011658,-0.011047,-0.0087128,-0.012482,-0.011581
-0.014313,-0.012939,-0.012756,-0.0091705,-0.012024,-0.012115
-0.013962,-0.013,-0.0121,-0.0097198,-0.011993,-0.012314
-0.013138,-0.01326,-0.012634,-0.010254,-0.013535,-0.013092
-0.013718,-0.013367,-0.013321,-0.010208,-0.014587,-0.013336
-0.012848,-0.013535,-0.013779,-0.011322,-0.014664,-0.011688
-0.01088,-0.012756,-0.015869,-0.011505,-0.014542,-0.010895
-0.010284,-0.011322,-0.014771,-0.0095825,-0.01239,-0.011597
-0.0094147,-0.010712,-0.011826,-0.0089264,-0.01059,-0.010483
-0.0076447,-0.010193,-0.011887,-0.0078583,-0.0099487,-0.00737
-0.0071106,-0.010132,-0.012482,-0.0058899,-0.0075989,-0.0048065
-0.0070801,-0.01004,-0.010513,-0.004425,-0.0055237,-0.0026855
-0.0052948,-0.0088806,-0.0088196,-0.0033569,-0.004303,-0.0021515
-0.0032806,-0.0061646,-0.0089569,-0.0022125,-0.0034027,-0.003479
-0.0032196,-0.0041504,-0.0071106,-0.00061035,-0.0043335,-0.0038605
-0.0037537,-0.004425,-0.0049591,-0.00076294,-0.0055695,-0.0038605
-0.0040588,-0.0043945,-0.0049286,-0.0015869,-0.0049591,-0.0037537
-0.0041046,-0.004715,-0.0046082,-0.0007019,-0.0039825,-0.0033417
-0.0049133,-0.0054321,-0.0037079,0.0013428,-0.0041199,-0.0037994
-0.0068359,-0.0061035,-0.0039825,0.001358,-0.0035706,-0.0041504
-0.0069733,-0.0063171,-0.0059509,-0.00080872,-0.0030518,-0.0038605
-0.0047455,-0.0054932,-0.006958,-0.00177,-0.0039063,-0.0040131
-0.0028229,-0.0052795,-0.0066071,-0.0023346,-0.004776,-0.0034637
-0.0015869,-0.0046692,-0.0069275,-0.0026398,-0.0052032,-0.0018463
-0.0016327,-0.0038147,-0.0064087,-0.0016174,-0.0051575,-0.0021362
-0.0041046,-0.003067,-0.0030975,0.00067139,-0.0049896,-0.0034332
-0.0045624,-0.0027618,-0.00048828,0.0020599,-0.0041046,-0.0039978
-0.0026703,-0.0027008,-0.0023193,0.0018616,-0.0027008,-0.0036926
-0.0012817,-0.0014038,-0.0033569,0.0021973,-0.0019684,-0.00085449
0.0011902,-0.0007782,-0.0024567,0.00086975,-0.0011292,0.0022888
0.0026855,9.1553e-05,-0.0025787,0.00035095,1.5259e-05,0.0027313
0.0025024,0.0022125,0.00050354,0.0036621,0.0011444,0.0024567
0.002533,0.00354,0.0050201,0.0056305,0.0012665,0.0026855
0.0031738,0.0052338,0.0056763,0.0060425,0.0012665,0.0024414
0.0052032,0.0064392,0.0050507,0.0063019,0.0026245,0.0033722
0.0068359,0.0065765,0.0054169,0.0056763,0.0036621,0.0047455
0.0062256,0.00737,0.0046539,0.0063324,0.0040588,0.0040436
0.004715,0.0061646,0.0048981,0.0073242,0.0034943,0.00354
0.004425,0.0031433,0.0065155,0.0069122,0.0036316,0.0045624
0.0039368,0.0027313,0.0046692,0.0072174,0.0054016,0.0041656
0.0021057,0.0038147,0.0032349,0.0070801,0.0037842,0.0013885
0.00062561,0.0029144,0.0043945,0.0041656,0.00050354,-6.1035e-05
-0.0010071,0.0017853,0.0027161,0.0017395,-0.00028992,-0.00027466
-0.0020752,0.0010071,0.0010681,0.00177,-0.00056458,-0.001709
-0.0018463,-0.0004425,0.0020142,0.0027313,-0.00062561,-0.0019684
-0.0016022,-0.0004425,0.0022888,0.0039673,-0.0009613,-0.0014191
3.0518e-05,0.00018311,0.0021973,0.003952,-0.00053406,-0.00053406
0.0018311,0.00093079,0.0020142,0.0024567,0.0020752,0.0010834
0.0011444,0.0022278,0.0018463,0.0019836,0.0030823,0.00073242
0.0007782,0.0021515,0.0023346,0.0028534,0.0015259,0.0019226
0.0022888,0.001709,0.0028534,0.003891,0.0018921,0.004364
0.0029297,0.0023651,0.0032196,0.0049286,0.0042725,0.0029144
0.0022125,0.0034637,0.0043945,0.0061188,0.0039978,0.00177
0.0020447,0.0036163,0.0060425,0.0062408,0.0036926,0.0027618
0.0016327,0.002594,0.0046082,0.0051575,0.0053558,0.0029449
0.00082397,0.00177,0.0024109,0.004425,0.0046692,0.0024872
0.0016174,0.001236,0.0028534,0.0036011,0.00354,0.0028381
0.0030212,0.0020447,0.0026398,0.0033417,0.0041046,0.0039825
0.0037384,0.0039978,0.0027008,0.0035553,0.0041046,0.0042572
0.004425,0.0045319,0.0038757,0.0032959,0.0036163,0.0043945
0.0050049,0.0048065,0.0036774,0.0028687,0.0037079,0.0053406
0.0059967,0.0050354,0.0043182,0.0024872,0.0046539,0.0062408
0.0072784,0.0043488,0.0055084,0.0041351,0.0065918,0.0079041
0.0077362,0.0057068,0.0061493,0.0070953,0.0086365,0.0094147
0.008667,0.0089417,0.0077667,0.0081024,0.0097961,0.0089264
0.0090637,0.0097351,0.0084991,0.0070343,0.010086,0.0083313
0.0075073,0.0078125,0.0091095,0.0067749,0.0086365,0.0084839
0.0075073,0.0066833,0.009552,0.0071869,0.0071259,0.0083008
0.0091248,0.0077362,0.0084076,0.0063934,0.007782,0.0082397
0.0095673,0.0090027,0.008316,0.007019,0.0079498,0.0096741
0.01033,0.0095978,0.0093384,0.0075378,0.009079,0.011337
0.010498,0.010345,0.01001,0.0066681,0.010925,0.010422
0.0089264,0.010498,0.010635,0.0078583,0.0096893,0.0084534
0.0087128,0.010254,0.011353,0.0081024,0.0090332,0.0081482
0.0088806,0.010361,0.012207,0.0075836,0.0094452,0.0085754
0.0089111,0.010406,0.013245,0.0082397,0.010162,0.0088348
0.010498,0.010803,0.01326,0.0083771,0.011856,0.0094604
0.011261,0.012268,0.012482,0.0097961,0.01178,0.0098267
0.010864,0.013275,0.013046,0.01033,0.0112,0.0093384
0.01088,0.012939,0.014877,0.0087738,0.010681,0.0086365
0.0099487,0.012909,0.015305,0.0074005,0.0090637,0.0083313
0.0079651,0.011337,0.013229,0.006134,0.0077057,0.0076752
0.0059967,0.0079041,0.0097504,0.0042725,0.0073547,0.0062103
0.0041504,0.0053101,0.0057678,0.0013428,0.0070038,0.005249
0.0039673,0.0036621,0.0031433,-0.00054932,0.004837,0.0054779
0.0046234,0.0022736,0.0026398,-0.0017548,0.002243,0.0050201
0.0044403,0.0019226,0.002594,-0.0029755,0.0020294,0.0032959
0.0045929,0.0037231,0.0026245,-0.002243,0.0029449,0.0036926
0.0045013,0.0045319,0.0033722,-0.0009613,0.0032196,0.0053711
0.0040283,0.0040131,0.0045013,-0.00041199,0.0038147,0.0048981
0.0037994,0.0044098,0.0057526,0.00086975,0.0041199,0.0033722
0.0032501,0.0040283,0.006546,0.0020752,0.0036621,0.0018311
0.0025787,0.0031281,0.0056152,0.0016632,0.003952,0.0016632
0.0026245,0.0029755,0.0042725,0.00094604,0.0040741,0.0038147
0.0042267,0.0036316,0.0042877,0.00039673,0.0046692,0.0048065
0.0062714,0.0045166,0.0046692,0.0007019,0.0061951,0.0049133
0.0076904,0.0057831,0.0055237,0.0027008,0.0066528,0.0069885
0.00914,0.0078583,0.0080261,0.0050812,0.0074615,0.0083008
0.010422,0.009613,0.011673,0.0072632,0.0086517,0.0085297
0.010513,0.010834,0.013977,0.0072632,0.0095978,0.0090027
0.0096436,0.011765,0.012817,0.0054321,0.010742,0.0093536
0.0092926,0.011597,0.010757,0.0044098,0.0099945,0.0099182
0.0095367,0.0096436,0.009491,0.0038147,0.0084991,0.0092773
0.0094604,0.007019,0.0079346,0.0031281,0.0081024,0.0089569
0.0078735,0.006073,0.0069427,0.0023041,0.0069275,0.0087891
0.0066528,0.006012,0.0059204,0.0011139,0.0058136,0.007431
0.0078888,0.0047302,0.0042419,-0.00018311,0.0063171,0.0075073
0.0085297,0.0039673,0.0035095,-3.0518e-05,0.0065002,0.0080566
0.0071564,0.0043182,0.0031586,0.00038147,0.0066528,0.0079956
0.0058899,0.0037537,0.0024109,-0.00064087,0.0073547,0.0079193
0.0055542,0.0035248,0.0025024,-0.00068665,0.0057983,0.0065155
0.0048065,0.0038757,0.003891,-0.00074768,0.0037231,0.0047302
0.0031891,0.0034637,0.0040588,-0.0025635,0.0028076,0.0030975
0.0027771,0.0028229,0.0024719,-0.0036469,0.00036621,0.00056458
0.0022583,0.0021973,0.0012665,-0.0043945,-0.0016632,-7.6294e-05
0.00062561,0.00050354,-0.00047302,-0.0059204,-0.0012054,0.00054932
-0.00019836,-0.0016632,-0.0027466,-0.0058594,-0.0010986,-0.00082397
-0.0016022,-0.0027466,-0.0039978,-0.0049286,-0.0017548,-0.0015259
-0.003891,-0.0042267,-0.00383,-0.0055847,-0.0020752,-0.0024872
-0.0050354,-0.0053864,-0.0035553,-0.0059662,-0.0032806,-0.0040588
-0.0048981,-0.0053558,-0.0040436,-0.0054932,-0.0032349,-0.0042572
-0.0049438,-0.004715,-0.0036621,-0.0063019,-0.0020447,-0.0050812
-0.0051422,-0.0034943,-0.0034027,-0.0069122,-0.0043793,-0.0044556
-0.0040741,-0.0036469,-0.0035553,-0.0066681,-0.0059357,-0.0032501
-0.0029297,-0.0037537,-0.0034027,-0.0069733,-0.0044861,-0.0033417
-0.0029144,-0.003006,-0.0039368,-0.0063324,-0.0041351,-0.0031891
-0.0029907,-0.0032501,-0.0037384,-0.0050812,-0.0036011,-0.0030823
-0.0026703,-0.0037994,-0.0036469,-0.0057831,-0.0036011,-0.0026703
-0.0030518,-0.0036926,-0.0046844,-0.0068817,-0.0048981,-0.0036011
-0.003891,-0.0036621,-0.0048676,-0.0069275,-0.0052948,-0.0040741
-0.00383,-0.0044861,-0.005661,-0.0075531,-0.0059052,-0.0045624
-0.004715,-0.0056763,-0.0078125,-0.0078888,-0.007782,-0.0074463
-0.0074158,-0.0076904,-0.0082245,-0.0083923,-0.0091858,-0.00737
-0.0085144,-0.0091095,-0.0081482,-0.0088959,-0.0081787,-0.0059814
-0.00737,-0.008606,-0.0091705,-0.0073547,-0.0057983,-0.0057373
-0.0060577,-0.007431,-0.0077972,-0.0062103,-0.0040894,-0.0036163
-0.0041351,-0.0063629,-0.0061798,-0.0056458,-0.0035706,-0.001236
-0.0023804,-0.0056152,-0.0074158,-0.0051117,-0.0024261,-0.00013733
-0.0023193,-0.0043945,-0.0072327,-0.0054321,-0.0015869,-0.00013733
-0.0024719,-0.0041504,-0.0061493,-0.0049896,-0.0030975,-0.00024414
-0.0026398,-0.0046539,-0.0075989,-0.0052795,-0.0027161,-0.0016632
-0.0027618,-0.0048523,-0.0083771,-0.006485,-0.0023193,-0.0031281
-0.0025024,-0.0063934,-0.0073395,-0.0056152,-0.0050201,-0.0020905
-0.0028992,-0.0066986,-0.0075378,-0.0046387,-0.0054474,-0.0024567
-0.0037537,-0.0050354,-0.0058594,-0.0041656,-0.0049591,-0.004715
-0.0061493,-0.00383,-0.0024261,-0.003006,-0.0055237,-0.0065765
-0.007782,-0.0034332,-0.0037079,-0.0032654,-0.0051727,-0.0074158
-0.0062408,-0.0046997,-0.0060883,-0.0032196,-0.0050659,-0.0061798
-0.0046844,-0.0058594,-0.0043793,-0.0027466,-0.0046539,-0.0033417
-0.0034943,-0.0045471,-0.0020752,-0.0031586,-0.0036926,-0.0028381
-0.0036469,-0.0019073,-0.0016785,-0.00067139,-0.0039368,-0.0052338
-0.0042572,-0.0011292,-0.0016022,0.00021362,-0.0038605,-0.004364
-0.0027008,-0.0036163,-0.0034332,-0.0033264,-0.0028076,-0.0016785
-0.0025635,-0.005127,-0.0058289,-0.0034027,-0.003479,-0.0018005
-0.0045166,-0.004837,-0.0042572,-0.0019836,-0.004425,-0.0026245
-0.0049286,-0.0054779,-0.0042267,-0.002121,-0.0041046,-0.0035858
-0.0047913,-0.0056458,-0.0052948,-0.0010529,-0.0037689,-0.0052948
-0.0063629,-0.0052032,-0.0033417,-0.0017395,-0.004303,-0.0059052
-0.006958,-0.0054474,-0.0029297,-0.0031586,-0.0063477,-0.0056152
-0.0056915,-0.0056763,-0.00383,-0.0028534,-0.0078125,-0.0066986
-0.0054474,-0.0052643,-0.0042114,-0.0024261,-0.0068817,-0.0063324
-0.0047607,-0.0050201,-0.0040741,-0.0022125,-0.0043488,-0.0039978
-0.0031891,-0.0043335,-0.0040283,-0.001709,-0.0028992,-0.0028381
-0.0024414,-0.0019226,-0.003006,-0.00045776,-0.0024414,-0.0022278
-0.0021973,-0.00038147,0.00061035,0.00065613,-0.0016632,-0.0024414
-0.0023346,-0.00099182,0.00076294,0.0017242,-0.0018921,-0.00177
-0.0025482,-0.0014343,-0.00042725,0.002182,-0.0013733,-0.0007019
-0.0016327,-0.0011139,0.0015717,0.00097656,-6.1035e-05,-0.0010529
0.00068665,0.00015259,-4.5776e-05,0.00021362,-0.00022888,0.00028992
0.0021515,0.0018463,-0.0020905,0.00033569,-0.00085449,0.00177
0.0025787,0.0025482,0.00016785,0.00079346,-0.0015259,0.0010529
0.0024872,0.0024261,0.0022736,0.0024109,-0.00074768,0.00027466
0.00071716,0.002182,0.0029144,0.003418,0.001297,0.00054932
-6.1035e-05,0.00177,0.0020447,0.0033722,0.0019226,0.0021973
0.0017548,0.0010529,0.0007019,0.0034943,0.0025024,0.0037689
0.0036163,0.0016785,0.00057983,0.0026398,0.0034332,0.0032501
0.0035095,0.0022736,0.0014801,0.002121,0.0023956,0.0020599
0.0004425,0.0010681,0.0025024,0.0030518,0.00071716,0.00022888
-0.0023651,0.00088501,0.0026703,0.0037384,0.00083923,-0.0018463
-0.0014954,0.0010834,0.0026093,0.0039063,0.0010529,-0.0018158
0.00038147,0.0013123,0.0035858,0.0040283,0.00068665,-0.00080872
0.0022125,0.0019836,0.0040131,0.0044861,0.0016785,0.001236
0.0033569,0.0026855,0.0038452,0.0046844,0.0029297,0.0034485
0.0035706,0.0043488,0.0054932,0.004303,0.0032043,0.0038147
0.0048218,0.0052795,0.0066986,0.0040131,0.002594,0.0026245
0.0044556,0.0065613,0.0067444,0.0041046,0.0014801,0.0015869
0.0040283,0.0079498,0.0078888,0.0049133,0.0016022,0.0023041
0.0062256,0.0080719,0.0083008,0.0059967,0.0031891,0.0032349
0.0071411,0.0085907,0.0089569,0.0072021,0.0054779,0.0044556
0.0068207,0.008667,0.010834,0.0075989,0.0072174,0.0063171
0.0077209,0.0091095,0.010712,0.0079193,0.0081024,0.0077362
0.0093994,0.010269,0.010483,0.0096283,0.010223,0.0088806
0.010406,0.011765,0.012192,0.010071,0.011124,0.0095978
0.010941,0.012848,0.012787,0.0092926,0.0099182,0.0098724
0.011887,0.011673,0.011673,0.0085602,0.0092621,0.01033
0.012314,0.010223,0.010971,0.006424,0.0076904,0.010315
0.010635,0.0096741,0.0096893,0.0048523,0.006424,0.0080566
0.0076752,0.0091858,0.007782,0.0044556,0.0070496,0.0066223
0.0069733,0.0078888,0.0070648,0.0041809,0.0082245,0.007431
0.007782,0.0065155,0.0060425,0.0045776,0.0081482,0.0077209
0.0076599,0.0065765,0.0050354,0.0041199,0.0075836,0.008316
0.0077667,0.0061798,0.0045166,0.0024261,0.0086975,0.0089264
0.0076447,0.0056,0.0049286,0.0021515,0.008606,0.0085144
0.0069427,0.006546,0.0071716,0.0037537,0.0074463,0.0074921
0.0060425,0.006485,0.0079651,0.0045013,0.0073853,0.0073853
0.0059052,0.0054321,0.0071716,0.0046387,0.0079498,0.0084839
0.0074005,0.0056,0.0070038,0.0052032,0.0088959,0.0081787
0.0074768,0.0055084,0.0067749,0.0047607,0.0086975,0.0080872
0.0070801,0.0050964,0.0055847,0.0039673,0.0081482,0.0082703
0.0074921,0.0057983,0.0053558,0.0037689,0.0074615,0.0059662
0.0055084,0.0063934,0.0061798,0.003067,0.0054932,0.0037079
0.0030518,0.0050659,0.0051422,0.0018311,0.0037994,0.0024109
0.0014191,0.0016174,0.0033264,0.00030518,0.0020142,0.001236
-0.00019836,-0.00015259,0.0019836,-0.0020599,0.00039673,0.00013733
-0.00094604,0.00045776,0.00041199,-0.0029449,-0.0010376,-0.0020294
-0.0023193,-0.00050354,-0.00079346,-0.0031586,-0.0029755,-0.003479
-0.0044861,-0.0027618,-0.0024261,-0.0055542,-0.0034027,-0.0041504
-0.0043182,-0.0046692,-0.004303,-0.005661,-0.0033417,-0.0044708
-0.0032196,-0.0048523,-0.0048218,-0.0048218,-0.0027618,-0.0029755
-0.0036316,-0.0046844,-0.0054474,-0.0066833,-0.0013885,-0.0020447
-0.0027618,-0.0055695,-0.0066681,-0.0070801,-0.0016174,-0.0013885
-0.0023956,-0.0045471,-0.0068512,-0.0061951,-0.002533,-0.00047302
-0.0026245,-0.0032806,-0.0061798,-0.0062103,-0.0029907,-0.0021973
-0.0018463,-0.0028839,-0.0059814,-0.0062561,-0.0040741,-0.0046844
-0.0029602,-0.0028229,-0.0057373,-0.0060577,-0.0059814,-0.0044556
-0.003006,-0.0046997,-0.0054779,-0.0066071,-0.0058441,-0.0031891
-0.0029449,-0.0051117,-0.0061951,-0.0069427,-0.0039368,-0.0032349
-0.0040741,-0.0042267,-0.0051575,-0.0054321,-0.0040588,-0.0029144
-0.0038605,-0.0042572,-0.0041046,-0.0046692,-0.0040283,-0.0036163
-0.0038757,-0.0035858,-0.0049133,-0.0047455,-0.0042725,-0.0051727
-0.0036163,-0.0035706,-0.004364,-0.0049286,-0.0056305,-0.0035248
-0.0037842,-0.0044861,-0.004776,-0.0062561,-0.0053253,-0.0031738
-0.00383,-0.0049591,-0.0063324,-0.0064087,-0.005722,-0.0044098
-0.0026398,-0.0049591,-0.0066681,-0.0057983,-0.0050812,-0.0030212
-0.0021057,-0.0044861,-0.0059357,-0.0053253,-0.0029755,-0.0018311
-0.001236,-0.0036011,-0.0041504,-0.0030975,-0.0024872,-0.00061035
-0.00085449,-0.0020905,-0.0033264,-0.001236,-0.0010681,-0.00013733
-0.0014954,-0.0007019,-0.0026245,-0.00079346,0.00090027,-0.00061035
-0.00021362,-0.0002594,-0.00085449,0.00090027,0.001709,0.00074768
0.0019226,0.00097656,0.0007782,0.0021515,0.0025482,0.0017395
0.0019531,0.0025482,0.002182,0.0022125,0.0026703,0.002121
0.0013428,0.0019379,0.0027008,0.0022278,0.001358,0.0022125
0.00054932,0.0014191,0.002533,0.0013885,0.00018311,0.00022888
-0.0020599,0.0013428,0.001358,0.00080872,-0.0011902,-0.0023193
-0.0037537,-0.00083923,-0.00035095,-4.5776e-05,-0.0021057,-0.0038605
-0.0031433,-0.0022583,-0.0012665,-0.0014496,-0.0018463,-0.0047607
-0.0032501,-0.0022278,-0.0016632,-0.002243,-0.0029144,-0.004837
-0.0039368,-0.0025635,-0.0015259,-0.0023499,-0.0040894,-0.0044708
-0.0034332,-0.003006,-0.002121,-0.0021667,-0.0045013,-0.00383
-0.0037842,-0.0042267,-0.0031281,-0.0031586,-0.004364,-0.003418
-0.0047607,-0.0045929,-0.003479,-0.0042572,-0.0039673,-0.0045471
-0.0038605,-0.0036621,-0.0040894,-0.004303,-0.0053101,-0.0050354
-0.0034027,-0.0040131,-0.0045319,-0.0043182,-0.0060425,-0.0046234
-0.004364,-0.0039368,-0.0048065,-0.0049438,-0.0056763,-0.0056152
-0.0049286,-0.0025635,-0.0040741,-0.0045776,-0.0063477,-0.0069275
-0.0056152,-0.003006,-0.0028839,-0.0036621,-0.0071411,-0.0081024
-0.0060272,-0.0043488,-0.0038452,-0.0038147,-0.0077209,-0.008667
-0.006012,-0.005188,-0.0048676,-0.003952,-0.0075378,-0.0075226
-0.005249,-0.0051727,-0.0052032,-0.0053253,-0.006546,-0.0063477
-0.0046692,-0.0041199,-0.0057831,-0.0059357,-0.0060425,-0.0056152
-0.0048676,-0.0046539,-0.0053101,-0.0035706,-0.0056152,-0.0041351
-0.0034332,-0.0047607,-0.0051727,-0.0018463,-0.0042419,-0.0036011
-0.0028992,-0.0033569,-0.005249,-0.00177,-0.0032043,-0.0036774
-0.0031891,-0.0040436,-0.0047913,-0.002182,-0.00383,-0.0020294
-0.0020294,-0.0050964,-0.005127,-0.0029297,-0.0039978,-0.0019684
-0.0027771,-0.0043182,-0.0054626,-0.0032349,-0.0034027,-0.0040741
-0.0040588,-0.004776,-0.0056915,-0.0029144,-0.0045624,-0.003952
-0.0044098,-0.0062103,-0.0063324,-0.0026398,-0.0058899,-0.0032043
-0.004715,-0.0059967,-0.0054321,-0.0020905,-0.0047302,-0.0039673
-0.0053711,-0.006012,-0.0041351,-0.0010834,-0.0024414,-0.0049438
-0.0062103,-0.0060272,-0.0046234,0.00028992,-0.0020294,-0.0057526
-0.0062866,-0.0059204,-0.0047607,-7.6294e-05,-0.0031128,-0.0054169
-0.0066376,-0.0063477,-0.0046082,-0.0020447,-0.0031738,-0.0039673
-0.0052795,-0.0059814,-0.0047607,-0.0017242,-0.0031891,-0.002655
-0.0024567,-0.005127,-0.0039673,0.00019836,-0.0032043,-0.0021973
-0.0013275,-0.0025482,-0.0020752,0.0015717,-0.0018921,-0.0018616
0.00030518,0.00032043,0.00030518,0.0027008,-0.00019836,0.00013733
0.0015106,0.0010529,0.00073242,0.0029297,0.0018463,0.0019684
4.5776e-05,0.0018158,0.0012207,0.0034485,0.0032196,0.0015259
4.5776e-05,0.0016022,0.0032501,0.0056763,0.0028687,0.00088501
0.0010681,0.00032043,0.0027161,0.0062866,0.0018463,0.00021362
-0.00080872,0.00022888,0.0020294,0.0053864,0.0010376,-0.0020447
-0.0029144,0.00054932,0.0034637,0.004364,9.1553e-05,-0.0032654
-0.0035706,0.00038147,0.0027008,0.0018921,-0.001358,-0.0020752
-0.003479,-0.0013428,0.00041199,0.00065613,-0.0014191,-0.0011749
-0.0021667,-0.0025482,1.5259e-05,0.00079346,-0.00071716,-0.0007019
0.00010681,-0.0007019,0.00047302,0.0017242,0.00021362,0.0007019
0.0028229,0.0014038,0.0015259,0.003479,0.0023804,0.0019836
0.0039215,0.0028076,0.0038147,0.0035095,0.0030975,0.0031281
0.0034943,0.0047455,0.005249,0.0042419,0.003067,0.0040131
0.0036163,0.005249,0.0045013,0.0047455,0.0043182,0.0034485
0.0034485,0.0040741,0.0036469,0.003006,0.0040588,0.0036621
0.0034027,0.0034332,0.0043945,0.0028229,0.0018463,0.0032043
0.0038605,0.0028839,0.0039673,0.0025177,0.00059509,0.00027466
0.0021973,0.0015106,0.0015411,0.00079346,1.5259e-05,0
-0.00041199,-0.00045776,-0.0012817,-0.0007019,-0.00045776,0.00090027
-0.0014801,-0.0018616,-0.0033417,-0.0020599,0.00059509,-0.00030518
-0.0030823,-0.0024872,-0.002533,-0.0017548,7.6294e-05,-0.0014648
-0.0047607,-0.0032043,-0.0013885,-0.0007782,-0.0016327,-0.0027161
-0.0043945,-0.0041504,-0.0018616,-0.0012512,-0.0011444,-0.003067
-0.0040283,-0.0044098,-0.0030212,-0.0022125,-0.0019531,-0.0024719
-0.0033875,-0.0027771,-0.0038452,-0.0021515,-0.0026245,-0.0023499
-0.0027771,-0.0021057,-0.0024872,-0.0011597,-0.00086975,-0.0033722
-0.0035858,-0.0024719,-0.0013733,7.6294e-05,-0.0013733,-0.0046997
-0.0040283,-0.0011597,-0.0011444,-3.0518e-05,-0.0023956,-0.0040283
-0.0036621,-0.0012665,-0.0014954,-0.0021973,-0.002533,-0.00354
-0.00177,-0.0024414,-0.0031281,-0.0032959,-0.003952,-0.0023956
0.00027466,-0.002121,-0.0039825,-0.003067,-0.0039368,-0.00042725
-0.0010529,-0.0023804,-0.0046387,-0.0038605,-0.0032806,-0.0017395
-0.0036316,-0.0037537,-0.0054016,-0.0049896,-0.0053864,-0.003479
-0.0042572,-0.0057526,-0.0065002,-0.006546,-0.0077362,-0.0041504
-0.0047455,-0.0072937,-0.0089417,-0.0085144,-0.0079193,-0.0063171
-0.0071411,-0.0075836,-0.010056,-0.0086212,-0.0082397,-0.0082397
-0.0097351,-0.008255,-0.0098419,-0.0076599,-0.00914,-0.008667
-0.010025,-0.0091705,-0.0096436,-0.0071106,-0.0091858,-0.0093231
-0.0083923,-0.0087128,-0.0083008,-0.0061188,-0.0093231,-0.0098419
-0.0070801,-0.0066833,-0.0069122,-0.0052643,-0.0083618,-0.0086365
-0.0053406,-0.0043488,-0.0052032,-0.0033722,-0.0054474,-0.0059357
-0.0032196,-0.0017395,-0.0019226,-0.0007782,-0.0037231,-0.0036316
-0.0018158,0.0010529,0.00067139,0.00050354,-0.0032349,-0.0025024
0.00074768,0.0013428,0.0015259,0.0024414,-0.00061035,-0.00062561
0.0025787,0.0011139,0.0016937,0.0041199,0.0028534,0.0011902
0.0030975,0.0032501,0.002594,0.0049744,0.0037384,0.003067
0.0047607,0.0047302,0.0043182,0.0063782,0.0045776,0.0055084
0.0065918,0.0056763,0.0061951,0.0071716,0.0062256,0.0066681
0.0074463,0.0068359,0.0081635,0.0074463,0.0066223,0.0072327
0.0076447,0.0085754,0.0083618,0.0075378,0.0075226,0.0070648
0.0086823,0.010437,0.0071259,0.0070343,0.0087585,0.0079803
0.010757,0.0095978,0.0063782,0.0065155,0.00914,0.010651
0.011505,0.0091553,0.0067444,0.0066376,0.0083771,0.010986
0.0099335,0.0082703,0.0068665,0.0056305,0.006958,0.0085754
0.007309,0.0053101,0.0043335,0.0034027,0.004715,0.0056305
0.0048828,0.0035248,0.0027771,0.0023346,0.0020142,0.0042877
0.0033112,0.0023499,0.0033417,0.0015717,0.00097656,0.0027161
0.0028229,0.0027924,0.0028076,0.00073242,-0.00013733,0.0012207
0.0033417,0.0037994,0.0035095,0.00064087,0.00090027,0.0034332
0.0036469,0.0036163,0.0037994,0.0023346,0.0050507,0.0050201
0.0030365,0.0039825,0.0023499,0.004837,0.0061493,0.0043793
0.0035248,0.0029907,0.0033722,0.004837,0.0055847,0.004364
0.003952,0.001358,0.0029907,0.0037079,0.0054932,0.004715
0.0031738,0.0013885,0.0012207,0.0032959,0.0041656,0.0052338
0.0033264,0.0010681,0.0020752,0.0033417,0.00383,0.0051575
0.0026398,0.0016022,0.002243,0.0033569,0.0050812,0.0044861
0.002121,0.0028076,0.002182,0.0024261,0.0053558,0.0040894
0.0033417,0.0028381,0.002655,0.0016632,0.004303,0.0036011
0.0034027,0.0031738,0.0021057,0.0010681,0.0026398,0.0023499
0.0025787,0.0027313,0.0023651,0.0010529,0.00042725,0.0013275
0.00082397,0.0012054,0.002533,0.001236,-0.0011444,0.0010986
-0.00033569,0.0005188,0.0005188,-0.00056458,-0.0012665,-0.00032043
-0.00057983,0.00076294,-0.0007782,-0.0018616,-0.0014954,-0.0016785
-0.00177,0.00013733,-0.0014191,-0.0020142,-0.0021973,-0.0018921
-0.001358,-0.0017395,-0.0024109,-0.0027161,-0.0021362,-0.002594
0.00015259,-0.0013275,-0.0011139,-0.0031128,-0.0017395,-0.0019836
0.00015259,0.0015717,-0.00012207,-0.0026245,-0.0015259,-0.0011292
0.00022888,0.0012665,-0.0010223,-0.0015869,-0.0012207,-7.6294e-05
0.0012054,-0.0015869,-0.0030823,-0.0016937,0.00027466,0.0021362
0.0004425,-0.0015259,-0.0042572,-0.0020752,0.0015411,0.00054932
-0.0017853,-0.00076294,-0.00177,-0.00080872,-0.0002594,-0.0020599
-0.0019226,-0.00097656,-0.00061035,-0.00045776,-0.00062561,-0.002533
-0.0010529,-0.00073242,-0.0010834,-0.00018311,0.00038147,-0.0034943
-0.002243,-0.0013275,6.1035e-05,0.00099182,-0.0019073,-0.0034332
-0.0040283,-0.0029602,-0.0012207,-0.00083923,-0.0035248,-0.0033417
-0.004364,-0.004364,-0.003891,-0.0032196,-0.0033112,-0.0039368
-0.0053253,-0.0043335,-0.0041504,-0.0033722,-0.0035095,-0.0050354
-0.007309,-0.0051575,-0.0039673,-0.0032196,-0.0044098,-0.0069885
-0.0081787,-0.0077362,-0.0042877,-0.0032349,-0.0054016,-0.0069427
-0.0087891,-0.0079041,-0.004364,-0.0035553,-0.004776,-0.0069885
-0.0088348,-0.0058746,-0.0048218,-0.0037537,-0.0057983,-0.0086823
-0.0074921,-0.0048218,-0.0050812,-0.0039673,-0.0078125,-0.0088654
-0.0067596,-0.0046234,-0.0041199,-0.0040894,-0.0069122,-0.0080109
-0.0053101,-0.0042572,-0.0032654,-0.0041809,-0.0068817,-0.0074005
-0.0037994,-0.0035706,-0.0030975,-0.0040741,-0.00737,-0.006134
-0.005127,-0.0029449,-0.0024261,-0.0029297,-0.0046539,-0.0045471
-0.0047455,-0.0032349,-0.0027466,-0.0024261,-0.0022736,-0.0035858
-0.0017548,-0.0036316,-0.0039673,-0.0020142,-0.0022125,-0.0019379
-0.0011444,-0.0028534,-0.0036011,-0.00094604,-0.0015106,-6.1035e-05
-0.0018463,-0.0024872,-0.0036316,-0.00036621,-0.00059509,-0.0005188
-0.0023346,-0.0030518,-0.0042572,0.00016785,-0.00091553,-0.0020294
-0.0036926,-0.00383,-0.0033264,-0.00032043,-0.0017242,-0.0027008
-0.0040436,-0.0045319,-0.0023651,-0.0018311,-0.0036163,-0.0026855
-0.0033112,-0.0036774,-0.0026855,-0.0023956,-0.0046997,-0.0039825
-0.0027313,-0.0010681,-0.0029297,-0.0017548,-0.003952,-0.0054779
-0.0019073,0.00036621,-0.0014038,-0.00067139,-0.0037231,-0.0040436
-0.0022125,-0.00074768,-0.00036621,-0.00021362,-0.002243,-0.0030212
-0.0026245,-0.0020752,-0.0010681,-0.00015259,-0.0016022,-0.0023346
-0.0029297,-0.0025024,-0.0014191,-0.00019836,-0.0033112,-0.0016327
-0.0030975,-0.0021362,-0.0017548,-0.00056458,-0.0032196,-0.0033112
-0.0014801,-0.0013885,-0.0018616,-0.00062561,-0.0029602,-0.0030518
-0.00067139,-0.00061035,-0.0011292,-0.00085449,-0.0021515,-0.0011444
-0.00054932,-1.5259e-05,-0.0013275,-0.00042725,-0.00094604,-0.00010681
0.0012207,0.00033569,-0.0016174,0.00038147,-0.00074768,0.00057983
0.0020142,0.0014343,-0.00012207,0.0011749,0.00085449,0.0013123
0.0022888,0.0023956,0.0025024,0.0031738,0.0017242,0.0031281
0.0039063,0.003891,0.0046997,0.0048523,0.0033722,0.0037537
0.0041656,0.0054932,0.0056458,0.0065155,0.0057068,0.0041046
0.0033875,0.0045013,0.0056458,0.0075226,0.0058441,0.0046844
0.002655,0.0036011,0.0050049,0.0065765,0.0065308,0.0032501
0.0014038,0.0036163,0.0045319,0.0053101,0.0057373,0.0026398
0.0007782,0.0030823,0.0041351,0.0040283,0.0034637,0.0021362
0.0013733,0.0032501,0.0036316,0.0034027,0.0023651,0.00094604
0.0023956,0.0034943,0.0037537,0.0028839,0.0014343,0.0014496
0.0020752,0.0034485,0.0033417,0.0021057,0.0017395,0.0017548
0.0011139,0.0030365,0.0023956,0.0014801,0.0023346,0.00083923
0.0012512,0.0023499,0.0019684,0.0018463,0.0011749,0.00048828
0.0021057,0.0022736,0.0015411,0.0021667,0.00028992,0.0010681
0.0027008,0.0021667,0.0017548,0.00091553,0.0014648,0.0011292
0.0016022,0.0018311,0.0032043,0.002243,0.0027466,0.0015259
0.00064087,0.0016479,0.0040436,0.0043335,0.0031281,0.0029449
0.0019226,0.001709,0.003067,0.0036621,0.0044861,0.0034332
0.0035858,0.0029449,0.0028839,0.0039215,0.005188,0.0043488
0.0063629,0.005127,0.0037842,0.0040283,0.0048065,0.0062103
0.0082397,0.0071564,0.004364,0.0037079,0.006073,0.0059967
0.0061035,0.0082397,0.0060425,0.005249,0.0063782,0.0053711
0.004837,0.0062256,0.006073,0.0045013,0.0054016,0.0059357
0.0056,0.003006,0.0032806,0.0012817,0.0050964,0.0054474
0.0043182,0.0028992,0.0015717,-6.1035e-05,0.0039063,0.0045776
0.0022583,0.0031891,0.00021362,-0.00086975,0.0022583,0.003418
0.0020599,0.00056458,-0.001709,-0.0013275,0.00053406,0.0018616
0.0023956,-0.0016174,-0.0028229,-0.0015106,-0.00015259,0.0018158
0.0013123,-0.0015869,-0.0031586,-0.0027771,0.00065613,0.0027313
0.0007019,-0.0014648,-0.0033264,-0.0029297,0.0010681,0.0037537
0.0021057,-0.00036621,-0.0029144,-0.0023804,0.0026245,0.0046082
0.0035553,0.0014801,-0.0007019,-0.0012054,0.0041046,0.004364
0.0040894,0.0018005,0.0018921,0.0019073,0.0042725,0.0051422
0.0055237,0.0026245,0.0032196,0.0041809,0.0054169,0.0070343
0.0077362,0.0049438,0.0037079,0.0046387,0.006546,0.0072479
0.0079498,0.0064392,0.0045929,0.0044098,0.0070343,0.0074158
0.0061798,0.0063934,0.0049286,0.0031433,0.0066986,0.0075989
0.0051575,0.0050812,0.0042419,0.0025482,0.005249,0.006012
0.0046539,0.0039673,0.0040894,0.0028992,0.0034943,0.0043945
0.0033417,0.0032349,0.0029602,0.0017395,0.0028534,0.0028381
0.0026245,0.0024261,0.0017853,0.00022888,0.0023651,0.0014801
0.0015259,0.0030212,0.002594,-0.0004425,0.00076294,0.0013733
0.00016785,0.003067,0.0028839,-0.00047302,0.0002594,0.00050354
0.0010834,0.0011139,0.0016327,0.00019836,-0.00067139,-0.00019836
0.002121,-0.00061035,0.00074768,0.00016785,-0.00086975,0.00038147
0.0019379,0.00018311,0.0010071,-0.00015259,0.0010071,0.0011139
0.0016479,0.0018005,0.001236,-0.00016785,0.0002594,0.0014954
0.0014038,0.0014801,0.00028992,-0.0010834,-0.00064087,0.0004425
0.0016022,0.0013885,-0.0012665,-0.0024261,0.00065613,0.00028992
0.0018311,0.0011597,-0.0016937,-0.0037231,0.00024414,0.0018921
0.0010681,-1.5259e-05,-0.0019989,-0.004425,-0.0011749,0.0013733
0.00027466,-0.00028992,-0.0030823,-0.0050659,-0.0033417,-0.0011292
0.00022888,-0.0014038,-0.0036774,-0.0058441,-0.0053711,-0.002182
-0.001236,-0.0034637,-0.0048981,-0.005127,-0.0044861,-0.0028687
-0.0037231,-0.0042572,-0.006012,-0.0048065,-0.00354,-0.0035095
-0.0041809,-0.0039063,-0.0051117,-0.0047607,-0.003006,-0.0026398
-0.0029144,-0.0037842,-0.0042572,-0.0037994,-0.0029755,-0.0028076
-0.0031281,-0.0048065,-0.0045319,-0.0039978,-0.0048676,-0.0042114
-0.0049286,-0.0061646,-0.0054626,-0.0043335,-0.0066681,-0.0057373
-0.0059967,-0.0075836,-0.0068817,-0.0048828,-0.0078583,-0.0069733
-0.0074005,-0.0086975,-0.0087128,-0.0072174,-0.0077362,-0.0063629
-0.0074615,-0.0085754,-0.0096741,-0.0083466,-0.0063934,-0.0051422
-0.006073,-0.0082092,-0.0081177,-0.0064087,-0.0055542,-0.0051727
-0.0064087,-0.0074921,-0.0065918,-0.0036011,-0.005188,-0.0054932
-0.0061798,-0.0063019,-0.0061188,-0.002594,-0.0041351,-0.004715
-0.0047913,-0.005249,-0.0040741,-0.0028381,-0.0027313,-0.0033722
-0.0041199,-0.0033112,-0.0020599,-0.0020294,-0.0027008,-0.0034332
-0.0048828,-0.0023346,-0.0022888,-0.00085449,-0.0031586,-0.0046234
-0.0056458,-0.0038452,-0.0020294,-0.00030518,-0.0036011,-0.0048981
-0.0042114,-0.0049286,-0.0018158,-0.0010071,-0.0038147,-0.0047455
-0.0039215,-0.0042114,-0.0034637,-0.0016785,-0.0022125,-0.0045319
-0.0049896,-0.0035248,-0.0041656,-0.0018768,-0.0026398,-0.00383
-0.0046844,-0.0042419,-0.0038757,-0.0035095,-0.0049133,-0.0033569
-0.0044708,-0.0050507,-0.0042877,-0.0038147,-0.0045166,-0.0033569
-0.0042572,-0.0047913,-0.0040741,-0.0023956,-0.0034027,-0.0037994
-0.0036774,-0.0033112,-0.0032959,-0.001236,-0.0015106,-0.0034637
-0.003006,-0.0019531,-0.0023804,0.00047302,7.6294e-05,-0.0012054
-0.0007019,-0.001297,-0.00093079,0.0021057,0.00012207,0.001236
0.0023499,7.6294e-05,0.0007019,0.0039368,0.0020142,0.0032654
0.00383,0.0015106,0.0037689,0.006073,0.0049896,0.0048676
0.0044556,0.0042419,0.0062561,0.0071411,0.0068054,0.0058441
0.0063934,0.0070496,0.0070801,0.0066833,0.0067291,0.0066376
0.0075378,0.0074768,0.00737,0.0054016,0.0057831,0.0064392
0.0058289,0.0081024,0.0066681,0.0050659,0.0046387,0.0057831
0.0048523,0.0072784,0.0078583,0.0054474,0.0034943,0.0049286
0.0055847,0.0057678,0.0089569,0.006134,0.0046539,0.003952
0.0057068,0.0068207,0.0088654,0.0075989,0.0061646,0.0041504
0.0046539,0.0081024,0.009964,0.0089264,0.0065765,0.0045013
0.0045624,0.0084076,0.010574,0.0088806,0.0076141,0.0042419
0.0064545,0.0090179,0.011032,0.0079651,0.0080261,0.0052032
0.0078125,0.010651,0.011765,0.0083313,0.0080109,0.0072174
0.0089111,0.010986,0.013092,0.0092621,0.0094452,0.0081177
0.01059,0.011398,0.013565,0.010239,0.011612,0.0098114
0.012207,0.013092,0.013855,0.011765,0.01384,0.012741
0.013748,0.013336,0.016083,0.012329,0.01506,0.013763
0.014542,0.013992,0.015961,0.012634,0.014801,0.013916
0.014511,0.015427,0.014816,0.013031,0.015137,0.013718
0.01442,0.016022,0.016785,0.012955,0.016068,0.013657
0.014511,0.01474,0.0186,0.01355,0.016235,0.014542
0.013519,0.013824,0.017624,0.013199,0.015488,0.013504
0.011627,0.014557,0.016571,0.011139,0.014847,0.011993
0.011383,0.013046,0.01561,0.0095062,0.014435,0.011734
0.011414,0.011688,0.01268,0.0080566,0.012314,0.010132
0.0095825,0.01149,0.011169,0.0050812,0.0092773,0.0087585
0.0085144,0.0094452,0.011856,0.0025787,0.0067749,0.0079651
0.0081329,0.0082397,0.010818,0.0030212,0.004837,0.0050049
0.0061798,0.008606,0.0090332,0.003006,0.004776,0.0035706
0.005188,0.0080261,0.0085602,0.0014801,0.0060272,0.0049744
0.0065155,0.0073242,0.0076294,0.0016479,0.0065155,0.0050049
0.0071716,0.0075684,0.0065613,0.0023804,0.0065155,0.0056305
0.0067291,0.0073547,0.0070038,0.0021057,0.0073395,0.0080109
0.0078278,0.0064545,0.0075073,0.0019836,0.0083313,0.0092926
0.0090027,0.0059204,0.0073242,0.0020599,0.0085297,0.0097351
0.0079041,0.0060425,0.0081482,0.002655,0.0082855,0.0091553
0.0073395,0.0069275,0.0097656,0.0043182,0.0089722,0.0080872
0.0083618,0.0088501,0.010849,0.0054779,0.01149,0.007782
0.0087585,0.011139,0.011917,0.005722,0.011826,0.0084534
0.0089722,0.012207,0.012192,0.0046844,0.0093536,0.0091095
0.010559,0.011642,0.010834,0.0019073,0.0074921,0.0087433
0.01149,0.010468,0.0088959,-0.00068665,0.0058441,0.0083923
0.0097198,0.0096283,0.0079346,-0.0010529,0.0057983,0.0072479
0.0071869,0.0083618,0.0079651,0.00022888,0.0063629,0.0056458
0.0049438,0.0066376,0.0072327,0.00019836,0.0054321,0.0043945
0.0038605,0.0052185,0.0050201,-0.0013428,0.0042267,0.0034943
0.0043945,0.0042419,0.0026398,-0.0026245,0.0022125,0.0036011
0.005188,0.0035248,0.0024872,-0.0038605,0.0012512,0.0036163
0.0057526,0.0018921,0.0018311,-0.0043335,0.0014496,0.0028839
0.0031891,0.00085449,-0.00042725,-0.0042267,0.0010071,0.0012054
-0.0002594,-0.00012207,-0.0009613,-0.0053711,-0.0007782,0.0002594
-0.0012054,-0.0027771,-0.0028534,-0.007843,-0.0036469,-0.00027466
-0.0028381,-0.0057831,-0.0056305,-0.009552,-0.0037689,-0.0027466
-0.005127,-0.0076752,-0.0072937,-0.010422,-0.0040436,-0.0048523
-0.0070496,-0.0088959,-0.0094757,-0.011383,-0.0056305,-0.005127
-0.0087433,-0.011246,-0.010803,-0.010956,-0.0042267,-0.0056915
-0.010483,-0.011978,-0.011078,-0.0097198,-0.0047302,-0.007309
-0.011627,-0.011078,-0.0097351,-0.0095673,-0.0075531,-0.0088959
-0.011124,-0.010681,-0.0095215,-0.010712,-0.0085144,-0.01001
-0.010788,-0.010468,-0.010559,-0.011993,-0.0095215,-0.010544
-0.011353,-0.011307,-0.0095978,-0.012421,-0.011658,-0.011169
-0.01265,-0.012161,-0.011536,-0.013138,-0.013809,-0.012482
-0.013214,-0.013474,-0.015228,-0.014633,-0.013992,-0.013977
-0.013275,-0.014587,-0.015167,-0.015228,-0.014389,-0.013794
-0.013428,-0.014328,-0.013657,-0.014954,-0.015198,-0.012589
-0.011597,-0.013367,-0.01358,-0.014313,-0.014099,-0.013153
-0.0094757,-0.011505,-0.013443,-0.01265,-0.01387,-0.011993
-0.0081787,-0.010132,-0.011597,-0.011459,-0.011963,-0.0079651
-0.0070343,-0.0089874,-0.010681,-0.0099182,-0.0074768,-0.0055847
-0.0063171,-0.0083313,-0.010574,-0.00737,-0.0055389,-0.0050354
-0.0054626,-0.0083313,-0.0093994,-0.0055542,-0.0055542,-0.0043335
-0.0043793,-0.0072632,-0.0081635,-0.0043488,-0.0050354,-0.0042877
-0.0043335,-0.0064545,-0.0076447,-0.0047455,-0.0044861,-0.0056
-0.0058899,-0.0060272,-0.0071564,-0.0048218,-0.0053864,-0.006012
-0.0066528,-0.0063477,-0.006546,-0.0029602,-0.0060425,-0.0063171
-0.0064697,-0.0076599,-0.0067291,-0.0026703,-0.005661,-0.0063019
-0.0056458,-0.006958,-0.0061951,-0.0039215,-0.0053558,-0.0045929
-0.0046997,-0.0053558,-0.0056152,-0.0039978,-0.0051117,-0.0045471
-0.0054321,-0.005127,-0.0055695,-0.0035248,-0.006012,-0.0052032
-0.0049438,-0.0056,-0.0050659,-0.0035858,-0.005722,-0.0042419
-0.0030518,-0.0056763,-0.0063782,-0.0026855,-0.00354,-0.0028076
-0.002182,-0.0054626,-0.0075378,-0.0017548,-0.0017853,-0.00073242
-0.0016937,-0.0052795,-0.0068665,-0.0019684,0.0005188,0.0012054
-0.0004425,-0.003006,-0.0056458,-0.00090027,0.0015411,0.0016174
0.00082397,-0.0010223,-0.0027008,0.00039673,-0.00021362,0.00050354
4.5776e-05,-0.0014801,-0.0014496,-0.00045776,-0.0023193,-0.00035095
-0.00090027,-0.0015717,-0.0040283,-0.0015564,-0.0036316,-0.00093079
-0.001709,-0.0029755,-0.0048065,-0.0015717,-0.003891,-0.0028839
-0.0040588,-0.0052948,-0.0029907,3.0518e-05,-0.0037231,-0.003952
-0.0055084,-0.0058899,-0.0025787,0.0013733,-0.002243,-0.0034332
-0.0047913,-0.0052032,-0.0027313,0.00090027,-0.00035095,-0.0019073
-0.0030212,-0.0029297,-0.001358,0.0016785,-0.00064087,0
-0.0018463,-0.00067139,0.00021362,0.0028076,-0.00086975,-0.00091553
-0.00085449,0.0002594,0.0016022,0.002594,-0.0010071,-0.0015411
0.00045776,0.0007019,0.002182,0.002655,-0.00082397,-0.00016785
0.00012207,0.00094604,0.0015106,0.0028381,0.00099182,0.00022888
-0.00016785,-0.00022888,0.0025482,0.0031128,0.0014038,0.0007782
9.1553e-05,-0.00065613,0.003479,0.0039978,0.0013428,-0.00053406
-0.001358,0.0018921,0.0033112,0.0042572,0.00079346,-0.0023346
-0.0018005,0.0023651,0.003952,0.0031738,-0.00090027,-0.0020294
-0.0011902,0.0010681,0.0027313,0.0015717,-0.0010071,-0.0023041
-0.0012817,0.0005188,0.00062561,0.00065613,-0.00079346,-0.0012207
-0.00041199,-0.00059509,4.5776e-05,0.00065613,-0.0014801,-0.00059509
0.00016785,-0.00045776,0.00042725,-0.00048828,-0.0019684,-0.0018005
0.00059509,-0.00024414,-0.00035095,-0.0022736,-0.0022278,-0.0012665
0.00091553,-0.00083923,-0.0024261,-0.0021515,-0.0027924,-0.00065613
-0.00027466,-0.00083923,-0.0036011,-0.0025177,-0.0025482,-0.00071716
0.00018311,-0.0016785,-0.0048676,-0.0037384,-0.0011749,-0.00022888
0.00062561,-0.0027313,-0.004837,-0.003479,-0.001709,0.00039673
-0.001709,-0.0026398,-0.0034485,-0.0030365,-0.0029602,0.00015259
-0.0030212,-0.0028992,-0.0040588,-0.0025024,-0.0021667,-0.0012207
-0.0020142,-0.0031586,-0.004837,-0.0015259,-0.0015717,-0.002655
-0.00057983,-0.0028381,-0.0033722,-0.00086975,-0.0030823,-0.0027771
-0.0016327,-0.0025635,-0.0017395,-0.00053406,-0.0039673,-0.0020142
-0.0036163,-0.0022888,-0.0016327,-0.00056458,-0.0026093,-0.0033417
-0.0038452,-0.0026703,-0.0019379,-0.00067139,-0.0032196,-0.0049896
-0.004425,-0.0030212,-0.0011749,-0.00047302,-0.0045929,-0.0052643
-0.0045013,-0.0027008,-0.0010834,-0.00039673,-0.0043182,-0.0053406
-0.0036316,-0.0021515,-0.0019989,-0.00097656,-0.0043488,-0.0041046
-0.0027618,-0.0014038,-0.0014801,-0.001358,-0.0038452,-0.0038757
-0.0019989,-0.00082397,-0.0014648,-0.00080872,-0.0039673,-0.0042877
-0.0022278,-0.00056458,-0.0019989,-6.1035e-05,-0.0044403,-0.0036316
-0.0019226,-0.0010071,-0.0014496,1.5259e-05,-0.0031281,-0.0031128
-0.00048828,-0.001297,-0.00093079,-1.5259e-05,-0.0017853,-0.0022888
-0.00010681,-0.00056458,-0.00022888,0.0010223,-0.0012054,-0.0017242
-7.6294e-05,0,0.0013733,0.0028229,0,-0.00067139
0.0015106,0.0009613,0.0023193,0.0036926,0.0014801,0.00062561
0.0027161,0.0033417,0.002121,0.0041962,0.0022736,0.0019226
0.0049133,0.005249,0.0038452,0.0044861,0.0037994,0.0045776
0.0081024,0.0060577,0.006134,0.0044861,0.0052185,0.0058136
0.008255,0.0070038,0.0075226,0.006073,0.0054626,0.0059509
0.006958,0.0081329,0.0086517,0.0069275,0.0062866,0.0064697
0.0061798,0.0081482,0.0075684,0.0067139,0.0073242,0.0062561
0.0053253,0.0062714,0.0066223,0.007309,0.0082092,0.0062714
0.004364,0.0041962,0.006424,0.006424,0.0074005,0.0057373
0.0039215,0.0036469,0.0043182,0.0046234,0.0045166,0.0044098
0.0028687,0.0038757,0.0022888,0.0026703,0.0025635,0.0025787
0.001358,0.0028534,0.0022736,0.00028992,0.00019836,-0.00039673
0.00041199,0.0010986,0.0021973,-0.0012207,-0.0025177,-0.0016327
-0.0011292,0.00039673,0.00013733,-0.0023193,-0.0034637,-0.0024567
-0.0015717,-0.0004425,-0.00067139,-0.0021362,-0.0034943,-0.0041656
-0.00090027,-0.00076294,-3.0518e-05,-0.0012054,-0.0027924,-0.0028839
-7.6294e-05,0.00033569,-0.00088501,-0.0016479,-0.0022125,-0.00094604
0.00068665,-0.00024414,-0.00080872,-0.0012817,-0.0018311,-0.0011597
-0.0009613,-0.0009613,-0.00033569,0.00054932,-0.00074768,-0.0019989
-0.0024261,-0.00054932,0.00016785,0.0018311,-4.5776e-05,-0.0018921
-0.0013428,-0.0012054,0.0019989,0.0018616,0.00079346,-0.00035095
0.00013733,-9.1553e-05,0.002243,0.0016479,0.003067,0.001709
0.0022278,0.0023651,0.0024872,0.0023956,0.0055695,0.0037384
0.0038605,0.0037384,0.0041809,0.0039063,0.0063171,0.0045776
0.0045471,0.0048828,0.0046844,0.0049133,0.0058899,0.0060577
0.0062408,0.005127,0.0041962,0.0033417,0.0068054,0.0081024
0.0074768,0.0051422,0.0035553,0.002594,0.0076294,0.0082245
0.0076447,0.0052032,0.0043793,0.0041504,0.0069122,0.0086517
0.0068817,0.0053406,0.0049591,0.0041351,0.0067902,0.0079041
0.0062866,0.005661,0.0044708,0.0043793,0.006485,0.0054626
0.0059662,0.0050964,0.0062866,0.0044708,0.0046539,0.0039063
0.0031738,0.0045776,0.0066528,0.0031433,0.0028534,0.00177
0.0012207,0.0034637,0.0039063,0.002243,0.0018768,0.00050354
0.0017395,0.0010986,0.0010071,-0.00015259,0.00016785,0.00080872
0.0017548,-0.00064087,-0.0016632,-0.0037231,-0.0017853,0.00036621
0.00027466,-0.0016174,-0.0022583,-0.0053406,-0.0027008,-0.00053406
-0.0023193,-0.0029907,-0.0022888,-0.0044098,-0.0036469,-0.0018921
-0.0034027,-0.0047455,-0.0034332,-0.003006,-0.0033569,-0.0029449
-0.0037384,-0.0053101,-0.0042267,-0.0037537,-0.0020905,-0.0028381
-0.0044861,-0.0051422,-0.005127,-0.0051117,-0.0023499,-0.0032501
-0.0049591,-0.0053558,-0.0057526,-0.0049438,-0.0040131,-0.0048218
-0.0059204,-0.0057373,-0.0054474,-0.0054474,-0.0045929,-0.0052185
-0.0058441,-0.006897,-0.0071411,-0.0070801,-0.004425,-0.0052338
-0.0056,-0.0070953,-0.0082703,-0.0069885,-0.0071716,-0.0071564
-0.0061188,-0.0066986,-0.0056152,-0.0054474,-0.0094147,-0.0073395
-0.0063782,-0.0066681,-0.0054626,-0.0048676,-0.007019,-0.0062408
-0.0061188,-0.0054779,-0.0065613,-0.0050354,-0.0050964,-0.0061798
-0.0045929,-0.0053253,-0.0046844,-0.0042267,-0.0054626,-0.004837
-0.0041351,-0.0067444,-0.0049438,-0.0036621,-0.0052032,-0.004837
-0.0056458,-0.006958,-0.0067444,-0.0045166,-0.0054016,-0.0057983
-0.0059967,-0.0061188,-0.0064545,-0.004425,-0.0058594,-0.0043488
-0.0045624,-0.0059357,-0.0055542,-0.0027771,-0.0043793,-0.0037384
-0.0030518,-0.0052795,-0.0042725,-0.00094604,-0.0019073,-0.0031738
-0.0019073,-0.0030365,-0.0021057,0.00028992,3.0518e-05,-0.0011444
-0.0014343,-0.00016785,-0.00067139,0.00056458,0.00018311,-0.00050354
0.00033569,0.0013885,-0.00028992,-0.00016785,-0.00083923,0.00086975
0.0031738,0.00024414,-0.00073242,-0.0010529,0.00012207,0.003479
0.0036469,-6.1035e-05,-0.0019379,0.00013733,0.0016632,0.004425
0.0031891,0.00080872,-0.0010223,0.0022583,0.0020599,0.0034027
0.0019836,0.00068665,0.0009613,0.0026703,0.0021362,0.0013275
0.00027466,0.0011292,0.0018311,0.0029907,0.0017242,0.0020142
-0.00024414,0.00039673,0.0020599,0.0027924,0.00177,0.0031586
-0.00039673,-0.0002594,0.00061035,0.0012512,0.00177,0.0019073
0.00010681,0.0007019,-0.00010681,0.0010986,0.0016327,0.0019379
0.00032043,-0.0002594,0.00027466,0.0011292,0.0020905,0.0013428
-0.00059509,-0.0013885,0.00016785,0.00062561,0.0017548,0.00012207
-0.00071716,-0.00038147,0.0012665,0.0018005,0.0010834,0.0011902
0.0005188,0.00016785,0.0018158,0.0027313,0.0011749,0.0022278
0.0014648,0.00054932,0.0009613,0.002121,0.002121,0.0019531
0.0014954,0.001709,0.0011444,0.0020599,0.0029144,0.0021973
0.0018158,0.0023499,0.0024109,0.0026703,0.0029449,0.0029907
0.0029602,0.0028992,0.0030975,0.0024567,0.0032806,0.0031738
0.0037079,0.0033722,0.003418,0.0015259,0.003067,0.0034943
